Trace for Mass:	Al27(MR)	Si28(MR)	Ca44(MR)	Fe56(MR)	S32(MR)
Resolution:	Medium	Medium	Medium	Medium	Medium
					
Time	Intensity	Intensity	Intensity	Intensity	Intensity
[sec]	[cps]	[cps]	[cps]	[cps]	[cps]

1.22000002861023	1137.	145848.359375	75.	408.4166564941406	14929.	
2.437999963760376	1584.333374023438	148139.328125	100.	475.0833435058594	19353.416015625	
3.655999898910523	1626.166625976563	150802.828125	83.33333587646484	366.6666564941406	20038.166015625	
4.874000072479248	1951.666625976563	151335.	83.33333587646484	458.4166564941406	21173.916015625	
6.092000007629395	1701.25	152292.5	108.3333358764648	450.0833435058594	19871.333984375	
7.309999942779541	2994.5	153849.5	58.33333206176758	1109.166625976563	20981.916015625	
8.529000282287598	1976.583374023438	154729.5	750.7000122070313	867.1666870117188	20948.416015625	
9.746999740600586	2410.416748046875	150641.171875	283.5	867.0833129882813	19771.	
10.96500015258789	2251.916748046875	159552.671875	83.33333587646484	758.5	20664.666015625	
12.18299961090088	2101.75	156204.171875	91.66666412353516	1008.833312988281	20689.5	
13.40100002288818	2285.166748046875	155323.328125	158.3333282470703	783.75	21140.166015625	
14.61900043487549	3311.5	157500.671875	116.6666641235352	908.8333129882813	20914.916015625	
15.83699989318848	2293.666748046875	157260.671875	66.66666412353516	4324.66650390625	21691.583984375	
17.05500030517578	2510.416748046875	155185.671875	166.6666717529297	36978.25390625	21557.833984375	
18.27300071716309	2969.5	152324.828125	50.	716.9166870117188	21023.333984375	
19.49099922180176	2160.083251953125	155302.171875	91.66666412353516	908.8333129882813	22342.916015625	
20.70999908447266	2794.416748046875	151798.671875	83.33333587646484	650.1666870117188	21165.416015625	
21.92799949645996	2535.583251953125	151571.171875	100.	1501.25	22209.166015625	
23.14599990844727	2477.25	151763.	158.3333282470703	583.4166870117188	21282.333984375	
24.36400032043457	2085.083251953125	159171.671875	125.	466.75	21516.083984375	
25.58200073242188	1884.833374023438	151730.5	91.66666412353516	533.4166870117188	21758.333984375	
26.79999923706055	4289.33349609375	150712.5	325.1666564941406	666.9166870117188	21666.333984375	
28.01799964904785	1618.	150534.671875	150.	575.0833129882813	21482.666015625	
29.23600006103516	1851.583374023438	155128.5	166.6666717529297	500.0833435058594	21282.25	
30.45400047302246	2302.083251953125	157758.671875	291.8333435058594	1951.833374023438	20756.166015625	
31.67200088500977	2034.666625976563	153201.671875	208.3333282470703	692.	20322.	
32.89099884033203	2260.166748046875	153442.5	383.4166564941406	1376.	21691.416015625	
34.10900115966797	2210.166748046875	154498.328125	591.9166870117188	24271.78125	22376.25	
35.32699966430664	2719.166748046875	154001.328125	158.3333282470703	1134.083374023438	22017.083984375	
36.54499816894531	1851.416625976563	154392.671875	233.3333282470703	633.4166870117188	21173.916015625	
37.76300048828125	1968.25	158581.	266.6666564941406	758.5833129882813	21090.416015625	
38.98099899291992	1834.75	155259.171875	175.	700.1666870117188	22167.416015625	
40.19900131225586	2477.	151306.5	216.6666717529297	675.1666870117188	22000.416015625	
41.41699981689453	1734.666625976563	154295.	583.75	633.5	22501.416015625	
42.6349983215332	1351.	153694.171875	325.0833435058594	641.75	21716.666015625	
43.85400009155273	1868.083374023438	159676.328125	91.66666412353516	666.8333129882813	20948.083984375	
45.07199859619141	1567.75	154598.828125	183.3333282470703	591.8333129882813	22009.	
46.29000091552734	1959.75	156197.5	116.6666641235352	1034.	21081.833984375	
47.50799942016602	2118.25	153687.328125	83.33333587646484	19057.216796875	21106.916015625	
48.72600173950195	4581.16650390625	153089.5	150.	975.5	22067.25	
49.94400024414063	1959.916625976563	154345.328125	133.3333282470703	458.3333435058594	21215.416015625	
51.1619987487793	1843.083374023438	152071.328125	158.3333282470703	558.4166870117188	20705.916015625	
52.38000106811523	1868.166625976563	152643.171875	166.6666717529297	1518.166625976563	21858.416015625	
53.59799957275391	1934.916625976563	154313.	216.6666717529297	433.3333435058594	21549.333984375	
54.81600189208984	2193.583251953125	147620.828125	116.6666641235352	591.6666870117188	21065.083984375	
56.03499984741211	1801.416625976563	151658.671875	266.6666564941406	533.4166870117188	21633.083984375	
57.25299835205078	1492.666625976563	154811.171875	166.6666717529297	625.	21190.416015625	
58.47100067138672	1701.25	155069.828125	116.6666641235352	475.	21474.333984375	
59.68899917602539	1959.833374023438	150615.171875	200.	616.75	20898.083984375	
60.90700149536133	1993.333374023438	151312.671875	108.3333358764648	608.3333129882813	21440.916015625	
62.125	1759.583374023438	156266.671875	200.	416.6666564941406	20631.083984375	
63.34299850463867	1542.75	147831.671875	83.33333587646484	483.5	21716.416015625	
64.56099700927734	1984.833374023438	152105.	116.6666641235352	475.0833435058594	21274.	
65.77899932861328	1809.833374023438	149866.671875	150.	416.6666564941406	20914.75	
66.99700164794922	2001.583374023438	151746.828125	233.3333282470703	500.0833435058594	21031.666015625	
68.21600341796875	2126.5	153517.328125	133.3333282470703	425.	21298.916015625	
69.43399810791016	1726.333374023438	156745.828125	683.9166870117188	1526.25	21574.666015625	
70.65200042724609	1934.833374023438	153104.5	241.6666717529297	758.75	21574.5	
71.87000274658203	2101.666748046875	154469.828125	125.	550.0833129882813	20739.5	
73.08799743652344	1918.166625976563	152649.5	275.	600.	27118.583984375	
74.30599975585938	2101.666748046875	233773.46875	241.6666717529297	600.0833129882813	21666.416015625	
75.52400207519531	2135.083251953125	151943.828125	917.4166870117188	541.6666870117188	21800.	
76.74199676513672	2502.333251953125	153321.	258.3333435058594	516.75	21424.166015625	
77.95999908447266	2201.916748046875	150318.171875	216.75	917.1666870117188	20956.583984375	
79.17900085449219	2777.416748046875	156941.671875	175.	633.4166870117188	21666.25	
80.39700317382813	1926.583374023438	153544.	183.3333282470703	450.0833435058594	21332.416015625	
81.61499786376953	2176.833251953125	150006.671875	183.3333282470703	625.0833129882813	20990.083984375	
82.83300018310547	2318.583251953125	146632.828125	258.3333435058594	692.	21516.166015625	
84.05100250244141	2101.666748046875	154265.	283.5	27422.8515625	21549.5	
85.26899719238281	2493.916748046875	148463.5	416.75	725.1666870117188	21708.	
86.48699951171875	2293.666748046875	151414.328125	233.3333282470703	1267.583374023438	21749.833984375	
87.70500183105469	2009.833374023438	172537.828125	667.1666870117188	583.5833129882813	22426.25	
88.92299652099609	2276.75	149179.5	475.4166564941406	716.8333129882813	21290.583984375	
90.14099884033203	2268.5	157509.828125	283.4166564941406	600.25	22184.416015625	
91.36000061035156	2210.083251953125	154066.171875	191.6666717529297	425.	21490.916015625	
92.5780029296875	2335.25	154007.	241.6666717529297	491.6666564941406	21699.666015625	
93.79599761962891	1943.083374023438	153257.5	225.	500.0833435058594	21541.083984375	
95.01399993896484	1984.916625976563	153217.328125	150.	566.75	22476.666015625	
96.23200225830078	1951.5	150673.671875	358.5	842.1666870117188	21157.	
97.44999694824219	2560.5	151871.328125	683.6666870117188	883.75	21532.833984375	
98.66799926757813	1976.666625976563	149052.171875	683.6666870117188	191361.125	21123.583984375	
99.88600158691406	2226.833251953125	148799.171875	183.3333282470703	1392.833374023438	21365.75	
101.1039962768555	3654.	152473.5	391.8333435058594	816.9166870117188	21482.666015625	
102.3219985961914	5424.5	153885.328125	200.0833282470703	717.	21950.5	
103.5410003662109	2635.583251953125	155139.5	350.	783.6666870117188	21165.166015625	
104.7590026855469	2877.666748046875	155431.	333.3333435058594	1150.666625976563	22234.25	
105.9769973754883	2877.5	151957.671875	333.3333435058594	5093.58349609375	21490.916015625	
107.1949996948242	3711.916748046875	154209.171875	842.25	3529.	22117.416015625	
108.4130020141602	10376.6669921875	156663.	875.5833129882813	17683.666015625	21975.333984375	
109.6309967041016	19740.5	149158.828125	725.3333129882813	7928.75	21374.083984375	
110.8489990234375	7926.41650390625	155545.171875	975.5833129882813	4054.75	23729.166015625	
112.0670013427734	7684.25	157368.	842.0833129882813	3595.333251953125	22643.416015625	
113.2850036621094	5808.08349609375	155710.	591.9166870117188	5650.41650390625	22626.666015625	
114.5039978027344	7911.33349609375	154052.671875	708.75	4138.58349609375	23211.833984375	
115.7220001220703	5380.83349609375	161268.171875	675.4166870117188	2435.583251953125	22635.	
116.9400024414063	9431.25	154477.171875	2762.166748046875	4421.33349609375	22501.75	
118.1579971313477	17257.083984375	154536.828125	600.1666870117188	5389.33349609375	23453.75	
119.3759994506836	8034.41650390625	156103.171875	450.0833435058594	3787.416748046875	20764.5	
120.5940017700195	13371.8330078125	154234.5	458.5	24840.666015625	21207.	
121.8119964599609	8184.58349609375	156967.171875	541.8333129882813	7027.91650390625	20847.916015625	
123.0299987792969	8660.4169921875	159415.671875	1985.583374023438	2260.25	21683.083984375	
124.2480010986328	12844.75	154137.171875	508.4166564941406	3921.083251953125	25150.166015625	
125.4660034179688	7300.41650390625	160580.671875	508.5	13556.	21599.75	
126.6849975585938	12686.4169921875	156303.	691.9166870117188	2419.	21983.833984375	
127.9029998779297	8560.3330078125	154542.171875	733.75	3269.75	23904.75	
129.1210021972656	10781.4169921875	153088.171875	641.9166870117188	4146.5	21883.416015625	
130.3390045166016	6857.75	154337.5	875.5	4589.41650390625	23980.	
131.5570068359375	10725.25	159543.	1042.5	1384.333374023438	22743.5	
132.7749938964844	7074.66650390625	151774.671875	1543.083374023438	4188.33349609375	22284.583984375	
133.9929962158203	5547.58349609375	151911.5	700.1666870117188	3745.833251953125	21925.25	
135.2109985351563	6081.58349609375	151730.828125	475.0833435058594	1651.166625976563	22142.5	
136.4290008544922	4162.5	150569.5	2444.416748046875	1826.416625976563	21666.5	
137.6470031738281	4771.58349609375	151996.828125	500.0833435058594	6456.41650390625	22718.75	
138.8659973144531	4279.16650390625	152086.5	925.5833129882813	1125.583374023438	22225.833984375	
140.0839996337891	3887.083251953125	160611.828125	408.4166564941406	1384.333374023438	21666.25	
141.302001953125	5130.83349609375	152519.171875	508.5833435058594	1259.166625976563	22894.166015625	
142.5200042724609	3628.583251953125	148040.5	466.8333435058594	1718.166625976563	20965.	
143.7380065917969	3094.5	147921.328125	266.6666564941406	725.3333129882813	22409.583984375	
144.9559936523438	3194.75	152678.	208.3333282470703	983.8333129882813	22493.083984375	
146.1739959716797	3011.	148433.828125	175.	800.3333129882813	22442.916015625	
147.3919982910156	2502.166748046875	157037.328125	191.6666717529297	858.75	21566.166015625	
148.6100006103516	3578.5	147743.171875	391.8333435058594	791.9166870117188	22134.583984375	
149.8289947509766	2744.083251953125	150209.	233.3333282470703	1008.833312988281	21156.916015625	
151.0469970703125	2668.916748046875	148167.671875	191.6666717529297	1818.333374023438	22660.416015625	
152.2649993896484	3161.25	150572.828125	1752.416625976563	1033.916625976563	21382.5	
153.4830017089844	3144.666748046875	149925.5	225.	883.75	21148.583984375	
154.7010040283203	3395.	151229.328125	375.1666564941406	2168.833251953125	21866.666015625	
155.9190063476563	3436.666748046875	154627.171875	158.3333282470703	825.3333129882813	20439.	
157.1369934082031	2460.333251953125	151582.828125	225.	967.1666870117188	21499.333984375	
158.3549957275391	2760.833251953125	147178.	241.6666717529297	1008.916687011719	20731.166015625	
159.572998046875	3161.25	155319.828125	175.	750.25	21424.083984375	
160.7910003662109	2493.833251953125	153568.	116.6666641235352	808.6666870117188	20088.166015625	
162.0099945068359	2535.583251953125	152663.5	175.	858.75	21107.	
163.2279968261719	2543.916748046875	150836.5	108.3333358764648	1437.636352539063	21131.916015625	
164.4459991455078	2226.916748046875	150332.671875	183.3333282470703	6165.83349609375	21549.416015625	
165.6640014648438	17955.166015625	163515.171875	350.	19436.25	20939.916015625	
166.8820037841797	78415.6640625	157988.328125	400.1666564941406	59249.73828125	21582.666015625	
168.1000061035156	26122.	160536.671875	600.25	43558.4921875	22534.916015625	
169.3179931640625	36251.33203125	168163.171875	658.5	25205.666015625	20539.25	
170.5359954833984	30624.583984375	164820.5	633.6666870117188	24660.583984375	21942.166015625	
171.7539978027344	30243.916015625	168498.171875	358.4166564941406	17576.916015625	21181.916015625	
172.9720001220703	24891.583984375	197819.65625	425.	14570.5	21115.333984375	
174.1909942626953	24149.083984375	162089.171875	566.9166870117188	13101.0830078125	21340.666015625	
175.4089965820313	22586.333984375	164009.	366.6666564941406	16383.9169921875	22050.583984375	
176.6269989013672	21087.083984375	169412.171875	375.	16035.75	22451.416015625	
177.8450012207031	14670.0830078125	159178.328125	200.	11241.4169921875	21265.5	
179.0630035400391	12074.25	154716.	225.	9688.	21733.166015625	
180.281005859375	14680.75	156244.328125	258.3333435058594	5038.66650390625	21866.916015625	
181.4989929199219	9128.	155562.5	266.75	4020.583251953125	21816.833984375	
182.7169952392578	6782.75	156337.828125	233.3333282470703	3712.	22050.5	
183.9349975585938	6740.75	150431.	200.	10787.5	21440.666015625	
185.1529998779297	6866.	155072.328125	225.	3094.583251953125	21098.416015625	
186.3719940185547	4588.08349609375	153374.	250.0833282470703	1976.416625976563	21658.166015625	
187.5899963378906	4621.5	151616.5	158.3333282470703	2068.5	21641.25	
188.8079986572266	4379.41650390625	150583.828125	108.3333358764648	4155.83349609375	21582.916015625	
190.0260009765625	4145.83349609375	150574.	183.3333282470703	1851.416625976563	21624.416015625	
191.2440032958984	3228.	167044.328125	216.6666717529297	1617.833374023438	20956.583984375	
192.4620056152344	3453.333251953125	150196.5	175.	1868.166625976563	21299.	
193.6799926757813	5390.25	155014.171875	191.6666717529297	1726.416625976563	21181.916015625	
194.8979949951172	3253.	152642.5	150.	1442.833374023438	21933.75	
196.1159973144531	3102.75	155788.671875	266.6666564941406	1742.916625976563	21983.916015625	
197.3350067138672	3486.666748046875	153829.828125	133.3333282470703	1417.583374023438	21641.166015625	
198.5529937744141	2802.666748046875	152432.171875	125.	1859.916625976563	21248.833984375	
199.77099609375	3127.833251953125	153133.328125	166.6666717529297	1609.583374023438	22275.916015625	
200.9889984130859	3578.333251953125	154093.828125	141.6666717529297	950.5	20864.75	
202.2070007324219	3153.166748046875	153163.5	141.6666717529297	1267.5	21441.083984375	
203.4250030517578	3545.166748046875	150896.328125	100.	1042.166625976563	20338.75	
204.6430053710938	3395.	150920.828125	216.6666717529297	1000.5	21165.25	
205.8609924316406	2693.833251953125	153721.	208.3333282470703	791.9166870117188	22125.583984375	
207.0789947509766	2535.583251953125	155363.	125.	967.1666870117188	21307.083984375	
208.2969970703125	3119.583251953125	155203.	767.3333129882813	1901.5	20831.333984375	
209.5160064697266	9513.0830078125	150623.828125	408.4166564941406	4112.75	21858.5	
210.7339935302734	12466.4169921875	152902.828125	575.1666870117188	4212.58349609375	21741.416015625	
211.9519958496094	15905.5830078125	156184.	1117.583374023438	6682.5	21173.916015625	
213.1699981689453	18778.333984375	151164.671875	291.6666564941406	6348.66650390625	22201.	
214.3880004882813	27082.583984375	153139.328125	500.1666564941406	5773.08349609375	22225.833984375	
215.6060028076172	17342.75	161690.828125	591.8333129882813	22795.25	21900.083984375	
216.8240051269531	22924.416015625	156449.828125	700.4166870117188	9119.9169921875	20856.5	
218.0420074462891	14069.	162088.	358.3333435058594	6799.83349609375	22067.333984375	
219.2599945068359	10938.5830078125	159949.328125	808.9166870117188	5831.83349609375	21666.333984375	
220.4779968261719	10880.5830078125	154748.828125	458.5	3661.916748046875	21984.	
221.6970062255859	11105.6669921875	152618.171875	275.	10854.0830078125	21507.75	
222.9149932861328	10922.0830078125	163430.828125	350.	3612.	21699.916015625	
224.1329956054688	8576.8330078125	154061.	800.6666870117188	3119.833251953125	21315.666015625	
225.3509979248047	6248.41650390625	153614.	316.75	2135.25	21274.	
226.5690002441406	6290.16650390625	154680.671875	558.5833129882813	2210.333251953125	22593.5	
227.7870025634766	6307.08349609375	154593.171875	2587.083251953125	6103.58349609375	20789.416015625	
229.0050048828125	4412.83349609375	152539.	233.3333282470703	1559.5	20889.833984375	
230.2230072021484	4704.83349609375	150674.171875	425.0833435058594	1526.	23161.583984375	
231.4409942626953	7384.75	150047.671875	166.6666717529297	1175.75	20630.833984375	
232.6600036621094	6125.25	149631.828125	225.	1142.333374023438	22017.25	
233.8780059814453	3244.583251953125	151292.328125	333.4166564941406	3678.916748046875	20923.083984375	
235.0959930419922	11490.3330078125	151538.828125	325.	4095.916748046875	20747.833984375	
236.3139953613281	23893.666015625	173472.171875	650.4166870117188	8085.33349609375	20313.666015625	
237.5319976806641	20039.	162039.828125	391.6666564941406	7884.41650390625	21349.083984375	
238.75	25053.166015625	152301.671875	366.6666564941406	6791.	21566.083984375	
239.9680023193359	21208.25	161547.5	350.	8218.	21607.916015625	
241.1860046386719	23327.333984375	158027.5	508.5	6265.58349609375	20831.333984375	
242.4040069580078	18110.75	150185.171875	275.	5622.75	21457.416015625	
243.6219940185547	18870.416015625	155214.671875	325.0833435058594	5172.91650390625	21933.583984375	
244.8410034179688	11330.9169921875	160778.	191.6666717529297	3870.583251953125	21056.666015625	
246.0590057373047	12875.5	157606.328125	216.6666717529297	4296.16650390625	20814.666015625	
247.2769927978516	8159.25	158699.	75.	9947.8330078125	21432.5	
248.4949951171875	11800.1669921875	154548.	408.5	3002.916748046875	21424.083984375	
249.7129974365234	9219.5830078125	153215.	275.	2460.5	21774.916015625	
250.9309997558594	7475.41650390625	153752.5	191.6666717529297	1743.	20714.416015625	
252.1490020751953	6148.33349609375	155238.171875	208.3333282470703	1534.5	20856.5	
253.3670043945313	5639.41650390625	158203.328125	116.6666641235352	1225.75	21374.	
254.5850067138672	9491.75	156289.328125	200.	5467.41650390625	21516.166015625	
255.8029937744141	5522.66650390625	153711.828125	116.6666641235352	2060.25	21357.416015625	
257.0220031738281	3853.75	154052.328125	108.3333358764648	1492.833374023438	20948.083984375	
258.239990234375	4546.25	153725.328125	183.3333282470703	1100.666625976563	21833.416015625	
259.4580078125	4312.66650390625	150418.	166.6666717529297	1517.916625976563	20397.	
260.6759948730469	4446.5	152180.671875	150.	1175.666625976563	21624.583984375	
261.8940124511719	3153.	148501.828125	100.	1100.666625976563	21048.416015625	
263.1119995117188	3378.083251953125	151974.328125	166.6666717529297	1008.833312988281	21123.833984375	
264.3299865722656	2518.75	152566.828125	100.	6257.16650390625	22894.083984375	
265.5480041503906	3419.75	154892.828125	100.	808.75	21440.833984375	
266.7659912109375	2810.833251953125	151136.671875	133.3333282470703	1217.5	22050.583984375	
267.9849853515625	3411.5	152985.171875	91.66666412353516	725.4166870117188	21432.5	
269.2030029296875	2235.	148445.671875	183.4166717529297	750.25	21607.916015625	
270.4209899902344	3311.666748046875	164404.171875	91.66666412353516	900.4166870117188	22025.416015625	
271.6390075683594	2919.333251953125	154437.5	116.6666641235352	591.75	21365.833984375	
272.8569946289063	1951.666625976563	149390.171875	525.4166870117188	1075.916625976563	21958.75	
274.0750122070313	2160.083251953125	150595.328125	191.6666717529297	558.5833129882813	20856.25	
275.2929992675781	1876.5	155400.828125	158.3333282470703	633.5	20923.333984375	
276.510986328125	1517.75	151410.671875	350.0833435058594	633.5	40536.375	
277.72900390625	1776.25	149125.828125	141.6666717529297	658.5833129882813	21223.666015625	
278.9469909667969	3111.333251953125	155766.671875	158.3333282470703	441.6666564941406	21783.166015625	
280.1659851074219	1701.333374023438	153906.671875	133.3333282470703	608.4166870117188	22101.833984375	
281.3840026855469	1593.	155089.671875	200.	433.3333435058594	21466.083984375	
282.6019897460938	1776.416625976563	154147.671875	116.6666641235352	1267.583374023438	21365.833984375	
283.8200073242188	1659.583374023438	151780.	91.66666412353516	558.4166870117188	21783.333984375	
285.0379943847656	1609.583374023438	156598.828125	133.3333282470703	575.	21758.416015625	
286.2560119628906	2068.166748046875	152923.828125	183.3333282470703	1000.583312988281	22159.166015625	
287.4739990234375	2635.75	155532.	183.3333282470703	1200.666625976563	21975.333984375	
288.6919860839844	3144.5	156475.171875	191.6666717529297	1367.666625976563	21891.833984375	
289.9100036621094	4546.33349609375	157254.671875	158.3333282470703	2535.583251953125	20814.5	
291.1279907226563	4888.5	154988.5	208.4166717529297	2760.916748046875	21616.166015625	
292.3469848632813	5923.33349609375	155412.171875	216.6666717529297	3094.5	20180.	
293.5650024414063	8244.8330078125	159396.171875	241.6666717529297	4897.	21666.333984375	
294.7829895019531	11465.0830078125	160671.5	250.	3753.916748046875	21290.333984375	
296.0010070800781	6657.33349609375	152672.171875	200.	3595.	21006.833984375	
297.218994140625	5672.66650390625	157141.171875	283.4166564941406	2243.5	21900.416015625	
298.43701171875	6932.91650390625	157963.828125	183.3333282470703	2827.583251953125	21482.833984375	
299.6549987792969	6632.5	155942.328125	116.6666641235352	2468.666748046875	21649.75	
300.8729858398438	5355.83349609375	149646.	250.0833282470703	1851.5	21749.916015625	
302.0910034179688	8052.25	158574.828125	308.4166564941406	2327.	20881.416015625	
303.3099975585938	5564.83349609375	158754.671875	266.75	2009.916625976563	20831.333984375	
304.5280151367188	4688.16650390625	159461.	158.3333282470703	1442.583374023438	21591.333984375	
305.7460021972656	4863.91650390625	155608.328125	183.3333282470703	3320.833251953125	21265.583984375	
306.9639892578125	3720.333251953125	163964.671875	191.6666717529297	2343.916748046875	26970.833984375	
308.1820068359375	5013.91650390625	155817.828125	125.	1125.666625976563	21106.75	
309.3999938964844	2985.916748046875	157069.5	233.3333282470703	2936.5	22276.	
310.6180114746094	4421.58349609375	156896.828125	150.	1117.166625976563	21023.416015625	
311.8359985351563	2719.083251953125	152778.	15981.4169921875	1025.666625976563	20898.	
313.0539855957031	2226.75	156685.5	108.3333358764648	1008.916687011719	21474.333984375	
314.2720031738281	2093.25	158505.171875	158.3333282470703	942.25	21917.	
315.4909973144531	2143.333251953125	156481.5	150.	1968.25	21866.75	
316.7090148925781	2360.166748046875	159475.671875	158.3333282470703	1659.75	22017.333984375	
317.927001953125	2769.166748046875	157911.828125	66.66666412353516	1000.5	21407.583984375	
319.1449890136719	2051.583251953125	156820.171875	200.	933.75	21591.25	
320.3630065917969	1793.083374023438	156117.5	141.6666717529297	741.9166870117188	21541.083984375	
321.5809936523438	1884.833374023438	159066.171875	141.6666717529297	1284.083374023438	22443.083984375	
322.7990112304688	2243.583251953125	154989.671875	241.6666717529297	741.9166870117188	21349.	
324.0169982910156	1968.166625976563	159694.671875	108.3333358764648	691.9166870117188	21607.833984375	
325.2349853515625	3237.333251953125	154954.	200.	700.25	22284.416015625	
326.4530029296875	1768.083374023438	154279.828125	200.	583.4166870117188	21399.	
327.6719970703125	1684.583374023438	152856.171875	108.3333358764648	825.3333129882813	22643.333984375	
328.8900146484375	1634.583374023438	158637.828125	191.6666717529297	683.5	21816.666015625	
330.1080017089844	1601.083374023438	156125.171875	166.6666717529297	791.9166870117188	22309.5	
331.3259887695313	2001.75	176529.5	183.3333282470703	900.5	22075.583984375	
332.5440063476563	2427.083251953125	159858.	150.	900.5	21315.583984375	
333.7619934082031	2418.583251953125	157433.5	258.3333435058594	1476.166625976563	21390.916015625	
334.9800109863281	9541.25	157076.328125	100.	1843.333374023438	21382.5	
336.197998046875	3662.166748046875	163162.171875	166.6666717529297	1976.666625976563	21282.333984375	
337.4159851074219	2318.583251953125	158702.5	108.3333358764648	1208.916625976563	21474.333984375	
338.635009765625	1943.166625976563	154588.328125	158.3333282470703	1542.916625976563	21157.	
339.8529968261719	3136.416748046875	156714.828125	175.	758.5	22960.916015625	
341.0710144042969	2802.5	156653.	208.3333282470703	775.3333129882813	22844.	
342.2890014648438	2393.666748046875	160941.828125	141.6666717529297	867.0833129882813	21315.666015625	
343.5069885253906	1959.75	158779.171875	600.5	983.8333129882813	22109.083984375	
344.7250061035156	2026.666625976563	158370.328125	316.6666564941406	758.6666870117188	21891.916015625	
345.9429931640625	2009.75	157322.	266.6666564941406	1083.833374023438	21282.333984375	
347.1610107421875	2010.	159452.	759.0833129882813	1843.25	22084.	
348.3789978027344	1909.833374023438	155057.328125	258.3333435058594	3387.75	21365.833984375	
349.5969848632813	2151.75	153840.671875	225.	1192.416625976563	22559.916015625	
350.8160095214844	5800.25	154053.328125	275.0833435058594	800.3333129882813	22142.333984375	
352.0339965820313	2502.166748046875	158371.5	208.3333282470703	2260.416748046875	21967.083984375	
353.2520141601563	2243.5	155827.328125	316.75	1025.5	22117.333984375	
354.4700012207031	2068.333251953125	159462.171875	266.6666564941406	1350.833374023438	22159.166015625	
355.68798828125	2118.333251953125	151621.171875	116.6666641235352	2193.75	21557.833984375	
356.906005859375	1851.333374023438	156412.328125	183.3333282470703	2585.916748046875	21340.833984375	
358.1239929199219	1626.25	157327.328125	175.	1033.916625976563	20839.666015625	
359.3420104980469	1759.75	155974.671875	208.3333282470703	900.5	21858.5	
360.5599975585938	1834.666625976563	153379.328125	141.6666717529297	1426.166625976563	23212.666015625	
361.7780151367188	2051.666748046875	156216.828125	325.0833435058594	800.4166870117188	21674.666015625	
362.9970092773438	1826.333374023438	158349.328125	216.75	875.3333129882813	21624.583984375	
364.2149963378906	1734.666625976563	157293.828125	191.6666717529297	800.25	22459.75	
365.4330139160156	2060.166748046875	155815.5	225.	1818.416625976563	21591.416015625	
366.6510009765625	1876.333374023438	160315.5	175.	883.6666870117188	22059.083984375	
367.8689880371094	3479.	160914.671875	900.8333129882813	766.9166870117188	21315.75	
369.0870056152344	1759.583374023438	156699.	141.6666717529297	766.9166870117188	21182.083984375	
370.3049926757813	1868.	154944.828125	225.	2677.916748046875	21257.25	
371.5230102539063	1884.833374023438	160629.5	291.6666564941406	1150.666625976563	21925.25	
372.7409973144531	2710.833251953125	153924.	4874.41650390625	917.0833129882813	21950.416015625	
373.9599914550781	2944.333251953125	160928.328125	341.6666564941406	1000.416687011719	21842.083984375	
375.1780090332031	7054.58349609375	159424.828125	441.75	1250.75	24188.666015625	
376.39599609375	2510.416748046875	159227.5	416.6666564941406	1359.166625976563	22952.583984375	
377.614013671875	2710.666748046875	163123.	1526.5	1567.916625976563	23353.583984375	
378.8320007324219	3778.916748046875	157460.328125	725.4166870117188	2252.083251953125	22585.083984375	
380.0499877929688	7093.33349609375	156301.671875	483.5	2368.75	24047.666015625	
381.2680053710938	5547.91650390625	157997.671875	583.5	1342.583374023438	34629.33203125	
382.4859924316406	4880.41650390625	156205.5	1034.083374023438	1592.75	22384.833984375	
383.7040100097656	4162.41650390625	158836.5	441.75	1634.416625976563	22476.333984375	
384.9219970703125	3912.333251953125	159305.828125	400.	2919.333251953125	22626.916015625	
386.1409912109375	6640.75	162968.171875	758.75	3870.416748046875	26730.5	
387.3590087890625	8192.75	169038.328125	700.3333129882813	4221.08349609375	23345.166015625	
388.5769958496094	12499.75	162636.171875	3715.25	5180.58349609375	22092.333984375	
389.7950134277344	11055.6669921875	160978.5	1255.636352539063	4538.	21090.166015625	
391.0130004882813	12995.5	160595.	21076.744140625	6056.75	21724.916015625	
392.2309875488281	8342.9169921875	161460.171875	1693.666625976563	3561.75	22927.5	
393.4490051269531	14623.5830078125	158801.828125	308.3333435058594	3511.666748046875	25695.5	
394.6669921875	9822.25	159928.328125	308.3333435058594	3578.5	22234.166015625	
395.885009765625	10525.5	154451.171875	675.4166870117188	3394.916748046875	24583.166015625	
397.1029968261719	5797.91650390625	160426.671875	316.6666564941406	2577.25	20472.333984375	
398.3219909667969	7525.5	160225.171875	383.3333435058594	2794.166748046875	21516.	
399.5400085449219	6515.83349609375	152442.828125	175.	1843.083374023438	22317.666015625	
400.7579956054688	5397.33349609375	157721.171875	366.6666564941406	2752.5	22025.666015625	
401.9760131835938	4871.83349609375	163238.671875	358.4166564941406	1551.083374023438	24821.333984375	
403.1940002441406	3787.083251953125	158020.5	1501.75	1876.416625976563	21582.916015625	
404.4119873046875	4454.5	165280.5	233.3333282470703	2852.75	21900.25	
405.6300048828125	4454.41650390625	156965.828125	283.3333435058594	1259.083374023438	22059.166015625	
406.8479919433594	5172.	156695.328125	258.3333435058594	2377.	21833.333984375	
408.0660095214844	4220.83349609375	157639.671875	500.0833435058594	1467.666625976563	21983.75	
409.2850036621094	5422.58349609375	160734.828125	283.3333435058594	2527.5	21081.916015625	
410.5029907226563	5147.08349609375	161250.	308.3333435058594	1718.	21123.583984375	
411.7210083007813	3887.166748046875	155288.	191.6666717529297	1325.75	22025.583984375	
412.9389953613281	3903.666748046875	157104.5	358.3333435058594	4115.08349609375	22075.666015625	
414.1570129394531	3720.166748046875	161667.671875	308.4166564941406	1726.416625976563	21808.583984375	
415.375	3595.166748046875	155148.171875	216.75	1934.916625976563	21733.25	
416.5929870605469	4404.41650390625	151626.328125	133.3333282470703	1167.416625976563	34353.75	
417.8110046386719	4103.91650390625	160536.828125	425.0833435058594	1701.166625976563	22367.833984375	
419.0289916992188	3611.75	156892.	600.3333129882813	1067.166625976563	21424.166015625	
420.2470092773438	2944.416748046875	160489.828125	300.	1000.5	20998.416015625	
421.4660034179688	2827.583251953125	159992.828125	166.6666717529297	858.5833129882813	21875.25	
422.6839904785156	2760.75	160662.828125	275.0833435058594	3045.666748046875	22685.416015625	
423.9020080566406	2744.25	158223.828125	258.3333435058594	2043.75	22468.583984375	
425.1199951171875	2710.583251953125	157301.5	158.3333282470703	808.75	21382.5	
426.3380126953125	2594.	159249.828125	542.	1384.333374023438	23713.666015625	
427.5559997558594	3470.	158715.671875	216.6666717529297	1134.	21841.916015625	
428.7739868164063	3645.333251953125	158892.671875	175.	1083.916625976563	20990.083984375	
429.9920043945313	3094.583251953125	160929.171875	166.6666717529297	1326.083374023438	21181.833984375	
431.2099914550781	5616.16650390625	169091.5	283.4166564941406	1025.583374023438	22008.75	
432.4280090332031	3011.166748046875	158219.828125	183.3333282470703	1376.	22242.666015625	
433.6470031738281	3094.5	154948.	366.8333435058594	4950.91650390625	21674.833984375	
434.864990234375	3169.666748046875	153308.328125	275.	900.25	22033.916015625	
436.0830078125	2552.25	165515.	141.6666717529297	917.0833129882813	21657.916015625	
437.3009948730469	4538.41650390625	158796.171875	183.3333282470703	1008.916687011719	21841.833984375	
438.5190124511719	2260.333251953125	160297.828125	208.3333282470703	858.6666870117188	21399.25	
439.7369995117188	2009.833374023438	165039.671875	250.1666717529297	917.1666870117188	20881.583984375	
440.9549865722656	1717.833374023438	157420.	225.	842.25	22067.25	
442.1730041503906	1634.416625976563	157488.	133.3333282470703	2602.75	22125.583984375	
443.3909912109375	9899.3330078125	160631.5	150.	27364.166015625	20973.333984375	
444.6090087890625	4555.	160903.671875	125.	5014.5	21591.166015625	
445.8280029296875	4821.66650390625	162489.328125	200.	6209.83349609375	21349.166015625	
447.0459899902344	5698.	164202.	266.75	7010.75	20822.833984375	
448.2640075683594	8245.8330078125	159644.	266.6666564941406	5148.91650390625	22301.25	
449.4819946289063	9130.0830078125	158086.	400.0833435058594	2677.5	21382.583984375	
450.7000122070313	5556.08349609375	157219.5	241.6666717529297	4613.41650390625	21332.416015625	
451.9179992675781	4521.41650390625	165080.5	416.8333435058594	5098.	22042.166015625	
453.135986328125	6676.25	154781.328125	683.75	2569.166748046875	22460.083984375	
454.35400390625	5281.08349609375	156873.5	191.75	3428.75	21908.583984375	
455.5719909667969	6299.	160322.171875	191.6666717529297	2919.416748046875	22292.75	
456.7909851074219	8928.5830078125	162379.328125	166.6666717529297	1717.833374023438	21290.75	
458.0090026855469	9990.	160521.671875	133.3333282470703	2368.833251953125	21365.833984375	
459.2269897460938	7016.66650390625	169937.328125	208.3333282470703	1751.25	21123.666015625	
460.4450073242188	55259.1875	166002.328125	233.3333282470703	2293.583251953125	22084.083984375	
461.6629943847656	6566.33349609375	161637.5	141.6666717529297	2068.166748046875	20973.416015625	
462.8810119628906	3995.583251953125	164483.171875	266.6666564941406	5692.41650390625	22409.833984375	
464.0989990234375	3845.333251953125	156653.5	158.3333282470703	1918.333374023438	22251.166015625	
465.3169860839844	9227.3330078125	160127.328125	191.6666717529297	2360.416748046875	21298.916015625	
466.5350036621094	4121.16650390625	162587.328125	100.	3830.	21315.666015625	
467.7529907226563	3678.5	160117.171875	108.3333358764648	966.9166870117188	22050.333984375	
468.9719848632813	2869.25	161515.828125	158.3333282470703	1100.583374023438	22133.916015625	
470.1900024414063	3478.416748046875	159233.671875	200.	1334.25	20998.25	
471.4079895019531	3520.416748046875	158968.671875	200.	2936.416748046875	21816.583984375	
472.6260070800781	4397.25	159021.171875	141.6666717529297	1259.166625976563	21507.833984375	
473.843994140625	2602.25	159775.	166.6666717529297	666.8333129882813	21657.916015625	
475.06201171875	2009.916625976563	157268.828125	183.3333282470703	808.6666870117188	20664.166015625	
476.2799987792969	1801.5	153881.171875	141.6666717529297	466.6666564941406	21574.666015625	
477.4979858398438	1809.666625976563	159022.5	258.3333435058594	958.8333129882813	22267.583984375	
478.7160034179688	1926.5	154700.828125	216.6666717529297	558.4166870117188	20873.166015625	
479.9339904785156	1876.416625976563	157572.5	183.3333282470703	975.5	21816.916015625	
481.1530151367188	1868.083374023438	160035.328125	141.6666717529297	825.3333129882813	22351.333984375	
482.3710021972656	3428.333251953125	159321.171875	158.3333282470703	1859.916625976563	20998.5	
483.5889892578125	3570.166748046875	156318.328125	125.	1225.583374023438	21098.5	
484.8070068359375	2485.333251953125	162062.671875	325.	1225.666625976563	21583.	
486.0249938964844	10283.8330078125	157713.328125	208.3333282470703	1567.666625976563	21750.	
487.2430114746094	2318.75	157648.328125	316.6666564941406	1042.25	21624.666015625	
488.4609985351563	2326.916748046875	160759.	183.3333282470703	1042.333374023438	22292.833984375	
489.6789855957031	2168.583251953125	153041.	183.3333282470703	1501.166625976563	20831.25	
490.8970031738281	2401.916748046875	157616.5	200.	1017.25	21674.75	
492.1159973144531	2268.583251953125	160384.671875	158.3333282470703	1267.583374023438	21875.25	
493.3340148925781	4832.41650390625	158492.5	208.3333282470703	7006.58349609375	21407.416015625	
494.552001953125	2160.083251953125	163087.171875	166.6666717529297	775.3333129882813	21758.5	
495.7699890136719	2068.333251953125	158532.	200.	1492.75	21758.083984375	
496.9880065917969	2026.666625976563	159903.828125	175.	1659.75	21499.666015625	
498.2059936523438	1734.666625976563	158800.171875	233.3333282470703	791.9166870117188	22092.333984375	
499.4240112304688	1492.666625976563	155639.171875	133.3333282470703	700.25	20747.75	
500.6419982910156	1634.666625976563	156367.171875	416.9166564941406	725.25	21666.583984375	
501.8599853515625	1918.083374023438	160504.671875	150.	992.25	20881.5	
503.0780029296875	4638.16650390625	159557.671875	375.0833435058594	1976.75	21967.	
504.2969970703125	6006.5	158919.171875	250.	2861.	22201.	
505.5150146484375	6432.08349609375	163511.828125	450.0833435058594	2919.333251953125	22885.75	
506.7330017089844	5539.	160761.671875	416.6666564941406	2952.75	22109.083984375	
507.9509887695313	5664.5	162614.671875	241.6666717529297	3478.416748046875	21833.416015625	
509.1690063476563	7375.41650390625	187850.171875	275.	2819.333251953125	21891.916015625	
510.3869934082031	7559.25	159593.828125	333.5	1818.166625976563	21633.	
511.6050109863281	4095.583251953125	163181.828125	300.	1893.166625976563	23420.5	
512.822998046875	3545.083251953125	155764.828125	325.	1217.5	21616.166015625	
514.041015625	3828.916748046875	156569.5	183.3333282470703	2878.416748046875	21474.333984375	
515.2589721679688	3286.5	159818.	433.5	1150.75	22083.833984375	
516.47802734375	2710.75	160668.328125	166.6666717529297	3621.75	21465.916015625	
517.6959838867188	4671.58349609375	157643.5	133.3333282470703	1417.75	22017.	
518.9140014648438	3470.	161006.5	133.3333282470703	883.75	22217.583984375	
520.1320190429688	2860.916748046875	167822.171875	158.3333282470703	775.4166870117188	21574.583984375	
521.3499755859375	3695.333251953125	158251.5	166.6666717529297	825.3333129882813	22601.666015625	
522.5679931640625	4005.25	158049.828125	191.6666717529297	1050.75	21282.5	
523.7860107421875	1926.416625976563	169782.671875	208.3333282470703	850.4166870117188	21582.916015625	
525.0040283203125	2468.666748046875	162611.328125	275.	933.75	21407.583984375	
526.2219848632813	2544.	158183.	241.75	741.9166870117188	21516.25	
527.4409790039063	2060.	160585.671875	66.66666412353516	700.1666870117188	20689.5	
528.6589965820313	1626.25	161962.5	133.3333282470703	691.6666870117188	21532.916015625	
529.8770141601563	1901.416625976563	158602.328125	116.6666641235352	958.8333129882813	21323.916015625	
531.094970703125	2427.25	162646.	141.6666717529297	717.0833129882813	21207.	
532.31298828125	2293.583251953125	159631.828125	108.3333358764648	733.5833129882813	21040.166015625	
533.531005859375	2452.25	159000.171875	183.3333282470703	1359.333374023438	21800.	
534.7490234375	1843.166625976563	159925.328125	200.	666.9166870117188	21674.833984375	
535.9669799804688	2886.333251953125	163411.671875	258.3333435058594	3187.75	21967.	
537.1849975585938	2535.666748046875	152617.5	250.	1701.416625976563	20814.583984375	
538.4030151367188	1659.583374023438	161178.5	742.1666870117188	959.	21967.166015625	
539.6220092773438	1918.25	160034.328125	433.4166564941406	708.5	21658.	
540.8400268554688	3403.666748046875	159439.171875	433.5	1501.25	22100.583984375	
542.0579833984375	2335.333251953125	157926.671875	475.0833435058594	1117.166625976563	22150.916015625	
543.2760009765625	35585.5	158108.5	258.3333435058594	3445.5	21549.5	
544.4940185546875	3962.5	161107.5	450.1666564941406	3362.666748046875	21624.666015625	
545.7119750976563	3019.583251953125	159168.828125	658.75	1584.333374023438	21006.666015625	
546.9299926757813	3620.583251953125	159633.328125	350.	1451.166625976563	21658.	
548.1480102539063	2293.583251953125	161118.328125	408.5	708.5	20772.916015625	
549.3660278320313	2685.666748046875	161065.671875	300.	1451.	22534.916015625	
550.583984375	2160.166748046875	158180.671875	225.	1117.416625976563	22034.	
551.802978515625	3420.416748046875	162300.5	225.	992.1666870117188	21499.416015625	
553.02099609375	2101.75	155013.171875	241.6666717529297	1634.75	21591.416015625	
554.239013671875	5240.41650390625	178659.5	183.3333282470703	1284.166625976563	22443.083984375	
555.4569702148438	3036.25	158164.328125	208.3333282470703	2469.166748046875	20973.416015625	
556.6749877929688	3253.083251953125	161248.171875	150.	5811.58349609375	21240.583984375	
557.8930053710938	2752.5	158635.	458.5	2343.666748046875	21349.25	
559.1110229492188	3136.25	156910.328125	366.8333435058594	1442.666625976563	22451.583984375	
560.3289794921875	2351.833251953125	158172.671875	333.4166564941406	3404.5	21131.833984375	
561.5469970703125	2285.166748046875	159093.328125	366.75	159621.171875	22058.75	
562.7659912109375	2702.416748046875	153917.828125	325.0833435058594	2318.75	21081.916015625	
563.9840087890625	5055.75	159904.671875	275.0833435058594	5583.33349609375	21925.416015625	
565.2020263671875	4121.5	157212.171875	158.3333282470703	975.4166870117188	22017.083984375	
566.4199829101563	2035.	163788.	183.3333282470703	1058.833374023438	21315.583984375	
567.6380004882813	19376.5	156762.671875	141.6666717529297	2569.083251953125	21516.	
568.8560180664063	2477.25	157974.171875	141.6666717529297	6373.5	21850.333984375	
570.073974609375	11926.25	157470.	183.3333282470703	4405.83349609375	20747.916015625	
571.2919921875	1868.083374023438	158324.171875	233.4166717529297	16447.333984375	22042.166015625	
572.510009765625	3187.083251953125	158056.171875	233.3333282470703	1476.166625976563	21891.75	
573.72802734375	1751.333374023438	159158.	225.	1142.333374023438	20722.75	
574.947021484375	2151.75	156479.5	141.6666717529297	6188.41650390625	21608.	
576.1649780273438	3003.083251953125	162686.171875	208.3333282470703	1509.583374023438	21716.5	
577.3829956054688	2393.75	158348.5	133.3333282470703	1559.583374023438	22000.416015625	
578.6010131835938	2602.25	154226.828125	125.	900.4166870117188	20956.75	
579.8189697265625	1901.416625976563	158202.171875	350.1666564941406	1075.75	21741.5	
581.0369873046875	2268.666748046875	159360.671875	200.	917.0833129882813	21591.416015625	
582.2550048828125	2694.166748046875	153763.171875	250.	1868.416625976563	21466.25	
583.4730224609375	2594.	159560.828125	175.	5962.33349609375	22217.5	
584.6909790039063	22608.083984375	158015.171875	116.6666641235352	1017.25	22083.916015625	
585.9089965820313	6504.58349609375	155518.171875	216.75	683.5833129882813	21115.083984375	
587.1279907226563	3144.75	155284.328125	233.3333282470703	766.9166870117188	21599.666015625	
588.3460083007813	1959.833374023438	159330.	200.	650.25	22309.5	
589.5640258789063	2235.166748046875	157530.828125	150.	808.6666870117188	22351.25	
590.781982421875	1726.25	161153.5	250.	725.25	21249.	
592.	1551.25	156539.328125	425.25	1067.25	20614.166015625	
593.218017578125	1934.833374023438	156521.328125	308.4166564941406	475.	21741.416015625	
594.4359741210938	1501.083374023438	159798.5	400.1666564941406	767.	21207.25	
595.6539916992188	1734.75	166776.828125	592.	1192.583374023438	21616.416015625	
596.8720092773438	1484.5	159648.	441.8333435058594	942.0833129882813	21465.916015625	
598.0910034179688	1709.5	154757.171875	200.0833282470703	491.75	24850.166015625	
599.3090209960938	2143.75	160785.	258.4166564941406	450.	21449.333984375	
600.5269775390625	1609.583374023438	160985.171875	250.	816.9166870117188	22743.833984375	
601.7449951171875	1484.333374023438	155136.5	400.0833435058594	808.5833129882813	22376.25	
602.9630126953125	2251.916748046875	160648.328125	591.8333129882813	1276.	21240.416015625	
604.1810302734375	2101.583251953125	158358.328125	283.3333435058594	2844.916748046875	20898.166015625	
605.3989868164063	2368.75	158488.5	525.25	1242.5	21833.75	
606.6170043945313	3344.833251953125	159436.5	1201.	1142.416625976563	21182.	
607.8350219726563	2702.5	163942.671875	875.5	950.5	21708.25	
609.052978515625	4463.5	159384.828125	3020.25	3153.5	38152.41796875	
610.27197265625	2076.75	157599.	2060.416748046875	1843.166625976563	23738.083984375	
611.489990234375	2735.666748046875	160709.671875	558.6666870117188	967.0833129882813	24307.583984375	
612.7080078125	2185.	161647.5	583.5833129882813	917.0833129882813	24758.25	
613.926025390625	2702.333251953125	161809.828125	2118.833251953125	1642.916625976563	21850.166015625	
615.1439819335938	5407.08349609375	156312.	2419.416748046875	958.8333129882813	58597.06640625	
616.3619995117188	2944.416748046875	154997.	1267.666625976563	2151.916748046875	27894.75	
617.5800170898438	5539.91650390625	158593.828125	2552.916748046875	2285.25	23378.75	
618.7979736328125	4137.66650390625	157882.	9045.8330078125	2911.083251953125	21866.833984375	
620.0159912109375	4638.16650390625	156356.828125	38616.06640625	1626.166625976563	23052.666015625	
621.2340087890625	3953.916748046875	159227.828125	750.5	3011.166748046875	22443.083984375	
622.4530029296875	5406.08349609375	159268.328125	14892.25	3086.333251953125	27122.166015625	
623.6710205078125	5689.5	166392.	817.1666870117188	2110.166748046875	24005.333984375	
624.8889770507813	5506.08349609375	159910.328125	15918.8330078125	2235.166748046875	23829.666015625	
626.1069946289063	4863.41650390625	163806.5	1142.25	2577.583251953125	25500.25	
627.3250122070313	4738.16650390625	160960.171875	716.9166870117188	1642.916625976563	23236.666015625	
628.5430297851563	3311.25	159693.5	1859.75	2543.916748046875	23503.75	
629.760986328125	4671.66650390625	156678.828125	1451.166625976563	3411.75	51774.42578125	
630.97900390625	4212.58349609375	158444.	3312.9091796875	4990.08349609375	25501.083984375	
632.197021484375	3361.583251953125	157972.328125	641.9166870117188	2201.916748046875	24439.25	
633.416015625	3194.583251953125	154214.5	1083.916625976563	2268.583251953125	22393.	
634.6339721679688	3303.166748046875	154885.171875	683.5833129882813	2118.416748046875	21265.666015625	
635.8519897460938	4873.33349609375	156671.671875	466.75	2535.75	21591.333984375	
637.0700073242188	2151.666748046875	153133.828125	667.0833129882813	2936.333251953125	22835.75	
638.2880249023438	2468.833251953125	153978.671875	808.75	4038.416748046875	23253.166015625	
639.5059814453125	2986.166748046875	159354.671875	291.75	3420.166748046875	26196.75	
640.7239990234375	3411.583251953125	162333.171875	375.0833435058594	2318.666748046875	21315.666015625	
641.9420166015625	5255.5	161874.171875	258.4166564941406	2568.916748046875	21916.916015625	
643.1599731445313	9272.5	160281.328125	675.4166870117188	4890.66650390625	21240.5	
644.3779907226563	4454.5	161853.	6414.16650390625	2268.666748046875	22418.	
645.5969848632813	4888.5	158652.328125	925.8333129882813	2794.5	21140.5	
646.8150024414063	3903.916748046875	163487.828125	4877.75	2218.583251953125	21683.	
648.0330200195313	3812.083251953125	162730.5	266.6666564941406	1425.916625976563	34176.75	
649.2509765625	4454.58349609375	162839.671875	633.6666870117188	1200.916625976563	22259.25	
650.468994140625	5322.83349609375	163567.	5258.41650390625	1910.083374023438	26053.666015625	
651.68701171875	2886.	159253.828125	1000.799987792969	1042.25	31629.083984375	
652.905029296875	2593.916748046875	160662.	2293.818115234375	1250.75	22000.5	
654.1229858398438	2694.	158889.	2878.5	1192.5	24599.	
655.3410034179688	3929.166748046875	159752.828125	2110.833251953125	958.6666870117188	27898.083984375	
656.5590209960938	3979.083251953125	156770.171875	3530.583251953125	1184.083374023438	21148.666015625	
657.7780151367188	6352.58349609375	155691.671875	454.7272644042969	2335.416748046875	38239.	
658.9959716796875	6225.25	157891.328125	5866.83349609375	1651.333374023438	50023.91796875	
660.2139892578125	2502.166748046875	158143.828125	867.4166870117188	3387.333251953125	42163.66796875	
661.4320068359375	2110.083251953125	157384.328125	32326.095703125	2386.	36891.	
662.6500244140625	4229.25	155907.328125	6049.66650390625	2110.166748046875	22618.583984375	
663.8679809570313	3344.916748046875	159272.171875	8320.9169921875	858.8333129882813	32541.833984375	
665.0859985351563	5533.	157922.171875	2230.181884765625	8258.9169921875	76176.90625	
666.3040161132813	2869.333251953125	156553.828125	767.1666870117188	833.75	42025.25	
667.52197265625	2911.333251953125	160079.828125	2585.0908203125	967.25	25736.166015625	
668.739990234375	2577.333251953125	160726.5	508.75	958.9166870117188	21198.75	
669.958984375	1893.166625976563	156753.328125	4633.	1042.416625976563	22392.916015625	
671.177001953125	2043.5	157085.828125	1234.75	1050.666625976563	23696.	
672.39501953125	2160.	155639.	175.	1058.833374023438	21048.333984375	
673.6129760742188	1801.333374023438	160388.328125	316.8333435058594	1409.25	38794.83203125	
674.8309936523438	4579.66650390625	158455.171875	366.6666564941406	4705.	22033.75	
676.0490112304688	11406.0830078125	165124.5	391.75	12734.6669921875	21758.416015625	
677.2670288085938	24024.75	164947.171875	1008.916687011719	20876.333984375	26225.75	
678.4849853515625	35945.91796875	165753.5	3438.083251953125	40301.08203125	22017.166015625	
679.7030029296875	51432.	178324.5	1767.833374023438	41381.41796875	25051.583984375	
680.9219970703125	69051.6640625	187337.828125	2009.916625976563	38887.83203125	21524.416015625	
682.1400146484375	75260.5859375	180650.328125	1676.333374023438	55602.5	21549.666015625	
683.3579711914063	57623.75	183513.	1859.833374023438	32293.25	23045.166015625	
684.5759887695313	57543.5	187040.171875	4532.83349609375	46205.41796875	21382.666015625	
685.7940063476563	58005.08203125	181070.828125	1317.5	44593.08203125	22509.833984375	
687.0120239257813	40175.5	188169.5	3045.166748046875	27426.	20856.5	
688.22998046875	45274.	170806.5	1217.5	29112.	20747.75	
689.447998046875	34075.5	165097.	792.	15306.1669921875	21098.75	
690.666015625	26087.083984375	167715.671875	641.9166870117188	17331.666015625	21783.416015625	
691.8839721679688	22009.833984375	171542.328125	817.0833129882813	24051.583984375	21374.166015625	
693.10302734375	21034.666015625	177423.	642.	15250.4169921875	21415.75	
694.3209838867188	24583.583984375	168578.328125	441.75	16502.5	20447.166015625	
695.5390014648438	18532.666015625	173188.328125	525.0833129882813	11081.1669921875	21900.333984375	
696.7570190429688	14795.6669921875	163321.171875	533.5	9904.75	21407.5	
697.9749755859375	15096.75	166377.171875	633.6666870117188	9345.3330078125	21441.083984375	
699.1929931640625	13260.8330078125	161502.	516.8333129882813	5055.58349609375	21248.916015625	
700.4110107421875	15838.	166417.828125	558.5	7191.66650390625	22301.083984375	
701.6290283203125	12392.5	161711.	667.0833129882813	4479.58349609375	22008.833984375	
702.8469848632813	7241.66650390625	161126.	700.5	4546.41650390625	56412.60546875	
704.0650024414063	13949.	157531.	225.	5222.75	20973.25	
705.2839965820313	12863.75	160633.5	350.	4571.5	21315.666015625	
706.5020141601563	4429.5	158562.5	2537.333251953125	3228.083251953125	22017.166015625	
707.719970703125	7099.75	160919.328125	250.	4271.16650390625	21390.75	
708.93798828125	8552.	160864.671875	308.3333435058594	6140.66650390625	23269.833984375	
710.156005859375	8493.4169921875	168714.328125	375.0833435058594	8476.75	21616.25	
711.3740234375	9536.6669921875	170292.671875	300.	8460.0830078125	21215.333984375	
712.5919799804688	12425.9169921875	176790.328125	541.75	18594.25	22042.25	
713.8099975585938	24816.25	165338.328125	433.4166564941406	19586.5	21415.833984375	
715.0280151367188	28594.	167395.171875	316.75	16859.	21674.833984375	
716.2470092773438	31626.25	170404.671875	375.0833435058594	40421.58203125	21858.666015625	
717.4650268554688	51101.7265625	165109.328125	333.3333435058594	21565.833984375	22601.583984375	
718.6829833984375	43956.66796875	164840.671875	466.75	27435.	21282.25	
719.9010009765625	40720.16796875	170361.5	375.	23653.25	20171.666015625	
721.1190185546875	22578.666015625	168789.328125	275.	20932.583984375	21374.25	
722.3369750976563	15221.25	168727.	325.	14797.3330078125	26393.25	
723.5549926757813	20708.083984375	179433.5	341.6666564941406	24517.083984375	21207.	
724.7730102539063	12617.3330078125	169405.5	425.1666564941406	20639.333984375	22259.25	
725.9910278320313	12060.	163593.671875	358.3333435058594	14582.0830078125	21599.583984375	
727.208984375	10564.8330078125	160311.	258.3333435058594	6892.	21541.416015625	
728.427978515625	10831.5830078125	159331.828125	308.3333435058594	8435.75	21649.75	
729.64599609375	7199.83349609375	162298.5	200.	31688.326171875	21374.083984375	
730.864013671875	8677.1669921875	161127.671875	183.3333282470703	6568.66650390625	21758.5	
732.0819702148438	6457.16650390625	163989.671875	200.	10496.6669921875	21324.	
733.2999877929688	7258.41650390625	156298.671875	166.6666717529297	5573.58349609375	21374.166015625	
734.5180053710938	9688.0830078125	158488.	208.3333282470703	5691.83349609375	22134.083984375	
735.7360229492188	5773.	161231.671875	333.3333435058594	10325.8330078125	21741.583984375	
736.9539794921875	8903.	175282.671875	325.0833435058594	4721.58349609375	21716.5	
738.1719970703125	7776.16650390625	166395.	291.6666564941406	9389.	20480.666015625	
739.3900146484375	11770.0830078125	158392.328125	191.6666717529297	4387.75	21065.083984375	
740.6090087890625	15687.0830078125	159646.171875	275.	3795.5	21399.416015625	
741.8270263671875	8310.25	169076.171875	300.0833435058594	9161.5830078125	21942.083984375	
743.0449829101563	7634.08349609375	176232.328125	200.	7418.5	20514.	
744.2630004882813	9078.4169921875	163542.828125	166.6666717529297	19127.833984375	22050.333984375	
745.4810180664063	11390.8330078125	161940.5	225.	5089.	21791.916015625	
746.698974609375	7667.16650390625	158867.	333.5	4529.75	21006.833984375	
747.9169921875	10890.0830078125	158808.	508.5	76870.1796875	20772.833984375	
749.135009765625	8945.25	163181.	300.	4821.5	21357.333984375	
750.35302734375	9611.8330078125	160159.	383.3333435058594	9170.75	20714.5	
751.572021484375	362444.84375	169638.671875	483.3333435058594	11361.3330078125	21090.25	
752.7899780273438	68952.96875	162641.	725.25	18173.833984375	21616.416015625	
754.0079956054688	16274.25	164429.328125	650.25	14314.5	20973.333984375	
755.2260131835938	23252.166015625	164908.5	533.4166870117188	121008.3359375	21357.5	
756.4439697265625	19745.333984375	175202.828125	583.5833129882813	10455.25	21065.25	
757.6619873046875	30022.5	171485.671875	5814.58349609375	13129.25	22267.583984375	
758.8800048828125	15249.3330078125	166368.328125	642.0833129882813	10983.1669921875	32105.833984375	
760.0980224609375	14965.8330078125	165163.171875	366.6666564941406	16650.916015625	21457.583984375	
761.3159790039063	11792.4169921875	173179.5	291.6666564941406	25838.435546875	22209.166015625	
762.5339965820313	10229.75	172544.328125	325.	4554.75	21883.583984375	
763.7529907226563	7283.41650390625	163623.	275.	6282.	21841.75	
764.9710083007813	7651.33349609375	170803.171875	416.75	5172.83349609375	21249.	
766.1890258789063	21470.916015625	170557.671875	325.	10520.	21649.5	
767.406982421875	6724.33349609375	164922.828125	275.	6016.25	21023.333984375	
768.625	5898.5	161113.828125	216.6666717529297	18120.25	21048.5	
769.843017578125	8889.1669921875	162144.171875	150.	4363.66650390625	21724.916015625	
771.0609741210938	8222.9169921875	166181.328125	225.	1834.583374023438	21182.083984375	
772.2789916992188	8863.1669921875	164458.671875	175.	2343.916748046875	22810.416015625	
773.4970092773438	5180.83349609375	163173.328125	108.3333358764648	2243.666748046875	20923.	
774.7150268554688	4020.916748046875	160161.5	458.6666564941406	1918.25	21632.833984375	
775.9340209960938	8015.25	166752.671875	300.0833435058594	1801.583374023438	22551.666015625	
777.1519775390625	3837.833251953125	161225.328125	358.4166564941406	3153.416748046875	21599.583984375	
778.3699951171875	4213.25	161748.328125	975.9166870117188	2251.916748046875	21466.	
779.5880126953125	4713.66650390625	163549.171875	158.3333282470703	1376.	22184.166015625	
780.8060302734375	8616.8330078125	163369.828125	166.6666717529297	1509.416625976563	21240.583984375	
782.0239868164063	2502.166748046875	157623.828125	141.6666717529297	1075.666625976563	21340.75	
783.2420043945313	12586.1669921875	157975.828125	183.3333282470703	1117.25	21474.333984375	
784.4600219726563	2502.25	159616.	158.3333282470703	1025.5	21599.583984375	
785.677978515625	1943.166625976563	159482.328125	225.0833282470703	1084.	21624.666015625	
786.89697265625	1759.5	171186.5	150.	1275.916625976563	21816.75	
788.114990234375	2502.333251953125	161420.828125	241.6666717529297	1743.083374023438	21950.333984375	
789.3330078125	1901.583374023438	163249.328125	175.	616.75	22526.583984375	
790.551025390625	21357.455078125	157572.171875	492.	733.5833129882813	20789.5	
791.7689819335938	1776.416625976563	154527.	183.3333282470703	1150.75	21800.083984375	
792.9869995117188	1367.583374023438	169678.171875	158.3333282470703	5797.	21432.5	
794.2050170898438	1934.916625976563	157977.671875	166.6666717529297	675.25	21424.333984375	
795.4229736328125	1976.583374023438	156078.	183.3333282470703	4232.	21198.833984375	
796.6409912109375	2911.25	158487.671875	125.	1593.25	20873.166015625	
797.8590087890625	1809.666625976563	158477.5	158.3333282470703	808.6666870117188	21908.5	
799.0780029296875	1400.916625976563	161407.	141.6666717529297	1067.416625976563	21633.	
800.2960205078125	1626.25	159118.828125	125.	833.9166870117188	21574.583984375	
801.5139770507813	1417.583374023438	179793.328125	141.6666717529297	750.25	21056.833984375	
802.7319946289063	2585.833251953125	161393.328125	200.	2143.583251953125	22117.333984375	
803.9500122070313	2836.	162271.	150.	2761.25	21774.916015625	
805.1680297851563	3294.916748046875	158539.328125	275.	4404.75	21106.916015625	
806.385986328125	9969.6669921875	165336.5	433.4166564941406	6234.33349609375	21248.833984375	
807.60400390625	14563.8330078125	161602.5	383.3333435058594	8704.3330078125	21207.083984375	
808.822021484375	21956.833984375	167584.171875	508.5	12663.	21691.583984375	
810.0399780273438	11757.1669921875	163002.171875	391.6666564941406	9311.3330078125	21691.583984375	
811.2589721679688	18247.166015625	192063.890625	917.1666870117188	8986.9169921875	21549.416015625	
812.4769897460938	38688.66796875	168774.	675.25	11174.75	21699.75	
813.6950073242188	23389.333984375	171610.328125	1167.583374023438	9680.4169921875	21616.166015625	
814.9130249023438	10755.3330078125	168291.5	558.4166870117188	8376.75	21449.333984375	
816.1309814453125	15222.1669921875	163961.328125	491.6666564941406	8594.	21332.5	
817.3489990234375	14312.25	168641.5	458.4166564941406	8201.4169921875	21056.833984375	
818.5670166015625	14312.3330078125	170358.671875	416.6666564941406	8561.1669921875	21616.25	
819.7849731445313	16360.6669921875	166837.828125	633.5	8369.6669921875	22150.833984375	
821.0029907226563	14145.0830078125	176298.5	450.	10097.8330078125	22409.75	
822.2219848632813	18854.5	164041.171875	583.5	6349.	21933.666015625	
823.4400024414063	17619.916015625	162984.	708.6666870117188	11366.8330078125	22810.583984375	
824.6580200195313	12992.1669921875	168184.828125	1593.333374023438	7216.75	21833.333984375	
825.8759765625	10697.	167521.328125	566.8333129882813	5581.16650390625	20798.166015625	
827.093994140625	23275.75	168239.328125	550.0833129882813	7693.16650390625	21315.666015625	
828.31201171875	8568.3330078125	163377.671875	975.6666870117188	10547.5830078125	21031.916015625	
829.530029296875	11664.6669921875	163287.828125	475.0833435058594	7851.66650390625	21449.333984375	
830.7479858398438	24386.	169133.171875	383.5	7367.08349609375	21198.666015625	
831.9660034179688	27903.583984375	169226.671875	475.0833435058594	9378.5	21649.666015625	
833.1840209960938	33850.84375	170343.5	483.4166564941406	8644.3330078125	21073.583984375	
834.4030151367188	15021.	170081.171875	366.6666564941406	8101.58349609375	21649.666015625	
835.6209716796875	11681.75	165089.	416.6666564941406	7083.41650390625	21624.666015625	
836.8389892578125	13268.5830078125	161979.671875	300.	9546.8330078125	22025.666015625	
838.0570068359375	19927.75	165920.5	441.75	5564.66650390625	21507.75	
839.2750244140625	10145.8330078125	168443.5	308.3333435058594	4888.58349609375	20990.	
840.4929809570313	13914.6669921875	166518.	275.	3636.916748046875	21056.75	
841.7109985351563	12124.0830078125	163481.5	558.6666870117188	7126.66650390625	21215.5	
842.9290161132813	6757.5	159363.	408.4166564941406	5422.83349609375	21658.083984375	
844.14697265625	8660.4169921875	161682.171875	375.	4538.58349609375	21415.833984375	
845.364990234375	5589.33349609375	161500.328125	308.3333435058594	5381.58349609375	21081.833984375	
846.583984375	11214.8330078125	166225.171875	383.3333435058594	5239.25	21524.5	
847.802001953125	9369.75	166659.328125	575.1666870117188	6131.75	21165.333984375	
849.02001953125	17931.166015625	168249.328125	533.4166870117188	9703.75	21391.	
850.2379760742188	20638.916015625	174728.828125	716.9166870117188	11865.0830078125	21282.416015625	
851.4559936523438	29655.416015625	173886.171875	950.5	18280.25	21357.5	
852.6740112304688	32051.	170282.171875	1259.083374023438	17283.5	20873.083984375	
853.8920288085938	41772.33203125	174917.171875	1167.25	18168.833984375	21616.25	
855.1099853515625	30597.333984375	168457.328125	1601.25	17243.083984375	20789.75	
856.3280029296875	47264.66796875	173181.671875	1175.75	26274.333984375	20798.	
857.5469970703125	43581.08203125	169026.5	1134.	30487.833984375	21399.166015625	
858.7650146484375	64591.75	181723.	1526.083374023438	39199.16796875	21833.333984375	
859.9829711914063	89319.3828125	185561.328125	1484.416625976563	53917.	21223.916015625	
861.2009887695313	104096.6640625	217074.4375	1609.5	54889.91796875	21557.833984375	
862.4190063476563	109281.0859375	217027.171875	1876.333374023438	86485.125	21449.166015625	
863.6370239257813	221511.40625	250083.8125	1893.	80054.25	21232.083984375	
864.85498046875	103548.0859375	199221.	1809.75	68017.5	21148.75	
866.072998046875	121496.5	319008.625	1693.083374023438	48645.91796875	21349.083984375	
867.291015625	206682.328125	209567.671875	2494.333251953125	62080.58203125	21791.666015625	
868.5089721679688	112830.8359375	200766.171875	1425.916625976563	54473.33203125	21741.416015625	
869.72802734375	91646.3359375	174870.828125	2160.083251953125	50727.66796875	21332.333984375	
870.9459838867188	87107.3359375	202295.171875	1567.75	67155.7734375	20998.5	
872.1640014648438	74937.8359375	197795.5	1509.416625976563	50875.83203125	21791.5	
873.3820190429688	85623.4765625	203500.5	1476.083374023438	49750.16796875	22059.	
874.5999755859375	62533.75	173365.5	1651.416625976563	26880.583984375	21482.75	
875.8179931640625	52909.25	179773.5	5033.91650390625	27657.5	21040.083984375	
877.0360107421875	98278.6015625	191449.234375	1659.583374023438	45889.25	22384.5	
878.2540283203125	44381.75	172253.671875	1250.916625976563	32333.25	21198.75	
879.4719848632813	38839.66796875	176921.	1167.416625976563	22004.666015625	21908.75	
880.6900024414063	42892.83203125	182563.5	2185.75	22129.416015625	21591.166015625	
881.9089965820313	29452.083984375	182263.5	850.4166870117188	29918.333984375	22768.833984375	
883.1270141601563	29738.666015625	169403.	483.4166564941406	17169.416015625	21917.	
884.344970703125	27712.	172310.171875	650.25	15164.1669921875	21165.416015625	
885.56298828125	22738.	173333.328125	2302.416748046875	26973.	21390.916015625	
886.781005859375	21610.25	182962.828125	433.3333435058594	14506.0830078125	20873.	
887.9990234375	49286.296875	170841.671875	600.0833129882813	7141.41650390625	22075.583984375	
889.2169799804688	14570.25	176723.	483.4166564941406	9279.3330078125	21290.583984375	
890.4349975585938	13802.3330078125	167921.828125	525.0833129882813	12958.5830078125	21599.75	
891.6530151367188	14822.5	164417.328125	575.1666870117188	6991.41650390625	22084.083984375	
892.8720092773438	10279.8330078125	167557.	3899.	22993.5	21841.916015625	
894.0900268554688	17001.583984375	165676.5	433.3333435058594	13330.4169921875	21582.916015625	
895.3079833984375	10772.5830078125	165219.5	350.	7876.25	21507.75	
896.5260009765625	14791.9169921875	164138.328125	275.	10102.5	20989.833984375	
897.7440185546875	9586.8330078125	162603.5	391.6666564941406	4930.41650390625	20898.25	
898.9619750976563	7700.58349609375	171466.5	300.	5481.75	21983.666015625	
900.1799926757813	11139.9169921875	167594.5	333.3333435058594	5415.66650390625	21215.583984375	
901.3980102539063	11968.5830078125	187565.5	258.3333435058594	3428.333251953125	21825.083984375	
902.6160278320313	8176.25	167704.828125	225.	18898.916015625	21591.166015625	
903.833984375	11715.25	191713.328125	350.	30202.416015625	21608.	
905.052978515625	23481.583984375	173229.671875	416.8333435058594	20092.083984375	21816.583984375	
906.27099609375	19304.166015625	307322.75	391.6666564941406	18252.333984375	21457.75	
907.489013671875	51777.5	174755.	275.	27798.333984375	21298.916015625	
908.7069702148438	39569.41796875	179366.	450.	23262.916015625	22234.5	
909.9249877929688	51047.16796875	172664.671875	466.75	102037.4609375	21307.166015625	
911.1430053710938	55621.25	176186.	600.25	56653.16796875	21491.083984375	
912.3610229492188	34884.41796875	175996.328125	500.0833435058594	33266.75	22200.666015625	
913.5789794921875	51600.91796875	188316.5	675.3333129882813	29053.333984375	21232.25	
914.7969970703125	31729.5	180613.328125	758.6666870117188	49967.75	21574.583984375	
916.0150146484375	55035.66796875	174380.171875	508.3333435058594	30525.916015625	21850.166015625	
917.2340087890625	36739.66796875	185461.828125	575.1666870117188	30530.666015625	21658.083984375	
918.4520263671875	32366.416015625	178466.828125	350.	29743.75	21858.5	
919.6699829101563	30007.583984375	178647.828125	300.	23153.166015625	21883.25	
920.8880004882813	34844.75	171359.171875	541.8333129882813	17360.333984375	21633.166015625	
922.1060180664063	27178.916015625	174231.	491.8333435058594	17810.083984375	21875.083984375	
923.323974609375	57125.14453125	169431.828125	341.6666564941406	44883.25	20764.583984375	
924.5419921875	34937.16796875	168931.171875	408.3333435058594	21086.583984375	22894.083984375	
925.760009765625	19859.5	168683.5	458.5	15648.0830078125	21449.166015625	
926.97802734375	20540.083984375	172437.171875	341.6666564941406	22609.166015625	21641.416015625	
928.1959838867188	20008.25	179231.671875	550.25	15758.6669921875	22184.166015625	
929.4149780273438	24588.75	170275.171875	316.6666564941406	102846.4765625	24015.833984375	
930.6329956054688	18431.75	176062.171875	316.6666564941406	93275.1796875	22167.416015625	
931.8510131835938	20050.333984375	173231.671875	533.4166870117188	10530.3330078125	21031.833984375	
933.0689697265625	27718.	174043.	375.0833435058594	16418.833984375	21724.916015625	
934.2869873046875	20737.916015625	172029.	408.4166564941406	24325.333984375	22267.666015625	
935.5050048828125	18080.083984375	166243.828125	625.1666870117188	14405.5	20889.833984375	
936.7230224609375	17580.416015625	168724.171875	350.	11932.6669921875	21123.666015625	
937.9409790039063	13801.8330078125	179054.171875	508.4166564941406	42328.875	21783.333984375	
939.1589965820313	20116.916015625	167912.828125	408.3333435058594	16689.833984375	21157.083984375	
940.3779907226563	17300.833984375	186300.5	858.75	14155.8330078125	22293.	
941.5960083007813	29580.091796875	179678.171875	1691.699951171875	17758.833984375	22827.5	
942.8140258789063	32502.	187467.171875	275.	13019.	21115.416015625	
944.031982421875	18447.416015625	165845.	291.6666564941406	26860.25	21182.083984375	
945.25	21604.75	177720.171875	475.0833435058594	11089.6669921875	20271.75	
946.468017578125	14479.1669921875	174017.328125	450.	8971.4169921875	21365.75	
947.6859741210938	16744.916015625	162010.5	333.3333435058594	13909.	21140.333984375	
948.9039916992188	17346.333984375	166510.828125	283.4166564941406	25897.666015625	22209.333984375	
950.1220092773438	9369.75	173543.328125	408.4166564941406	5464.58349609375	21215.416015625	
951.3400268554688	19351.916015625	169117.828125	491.9166564941406	15795.1669921875	21106.916015625	
952.5590209960938	11393.8330078125	180386.171875	441.75	4371.16650390625	22067.5	
953.7769775390625	16838.75	164950.171875	233.3333282470703	7518.5	21816.75	
954.9949951171875	13693.8330078125	167874.5	325.	7994.33349609375	21474.333984375	
956.2130126953125	20393.5	170741.5	325.	11776.1669921875	21641.5	
957.4310302734375	12235.75	168870.671875	358.4166564941406	19545.083984375	21691.5	
958.6489868164063	7108.25	173532.828125	450.0833435058594	6216.33349609375	20856.25	
959.8670043945313	19147.916015625	167145.5	1326.333374023438	6707.75	21599.666015625	
961.0850219726563	22983.75	175124.328125	441.9166564941406	9797.0830078125	21123.75	
962.302978515625	13856.75	177214.671875	208.3333282470703	17119.333984375	21182.25	
963.52099609375	11241.8330078125	170285.171875	258.3333435058594	9563.8330078125	21524.666015625	
964.739990234375	15512.36328125	165794.5	358.4166564941406	6524.75	21257.166015625	
965.9580078125	20264.75	171945.671875	400.1666564941406	7433.83349609375	21324.	
967.176025390625	8193.3330078125	165214.	325.	12440.4169921875	21407.75	
968.3939819335938	13322.8330078125	168859.828125	391.6666564941406	8704.9169921875	21474.5	
969.6119995117188	16570.916015625	167297.828125	216.6666717529297	7434.41650390625	21357.416015625	
970.8300170898438	13452.6669921875	167061.328125	408.4166564941406	34321.30859375	20831.25	
972.0479736328125	13595.5	174127.671875	241.6666717529297	5882.25	21499.25	
973.2659912109375	11541.8330078125	169198.171875	216.6666717529297	9609.0830078125	21307.25	
974.4840087890625	18403.69921875	162995.328125	225.	3178.083251953125	21449.25	
