Trace for Mass:	Na23(LR)	Mg25(LR)	Cu63(LR)	Pb208(LR)	Sn118(LR)
Resolution:	Low	Low	Low	Low	Low
					
Time	Intensity	Intensity	Intensity	Intensity	Intensity
[sec]	[cps]	[cps]	[cps]	[cps]	[cps]

1.25	40280.5	4930.	2185.166748046875	566.75	166.6666717529297	
2.499000072479248	39954.25	4504.5	1884.75	608.4166870117188	108.3333358764648	
3.746999979019165	37597.5	4930.	2051.583251953125	583.4166870117188	125.	
4.994999885559082	36970.5	4254.	2010.	533.4166870117188	191.6666717529297	
6.243000030517578	40355.75	5555.75	2051.583251953125	625.	150.	
7.491000175476074	39703.75	4629.5	2084.916748046875	575.	91.66666412353516	
8.73900032043457	42161.25	4955.	2001.583374023438	550.	166.6666717529297	
9.987000465393066	87209.25	5105.	1893.166625976563	700.1666870117188	150.	
11.23499965667725	42186.25	5055.25	1993.333374023438	683.5	175.	
12.48299980163574	44794.75	5355.75	2126.5	441.6666564941406	191.6666717529297	
13.73099994659424	45999.	28403.25	1943.166625976563	550.1666870117188	141.6666717529297	
14.97900009155273	53104.75	4454.5	2268.666748046875	625.0833129882813	125.	
16.22800064086914	44519.75	5355.75	2176.833251953125	466.75	150.	
17.47599983215332	91226.25	4904.75	1709.583374023438	658.5833129882813	150.	
18.72400093078613	48908.75	5380.75	3278.416748046875	491.6666564941406	175.	
19.97200012207031	48356.75	5280.5	2360.25	658.5	100.	
21.21999931335449	44819.75	4579.75	1876.5	608.5	125.	
22.46800041198731	46325.	5405.75	1909.75	775.25	133.3333282470703	
23.71599960327148	52823.	5380.75	1868.25	691.75	141.6666717529297	
24.9640007019043	52927.75	4704.75	2001.416625976563	491.6666564941406	91.66666412353516	
26.21199989318848	47830.25	4980.25	2402.	508.5	150.	
27.45999908447266	84920.5	5180.25	1959.916625976563	483.3333435058594	175.	
28.70800018310547	64730.5	4529.5	2026.583374023438	633.5833129882813	175.	
29.95700073242188	90633.71875	5355.5	2110.	741.9166870117188	175.	
31.20499992370606	47403.	5055.25	2218.333251953125	450.	108.3333358764648	
32.45299911499023	47804.5	5431.	1959.916625976563	750.25	108.3333358764648	
33.70100021362305	48306.75	4655.	2118.416748046875	641.8333129882813	183.3333282470703	
34.94900131225586	65980.75	5055.25	2401.916748046875	533.3333129882813	108.3333358764648	
36.19699859619141	58580.25	5230.5	2068.25	666.9166870117188	158.3333282470703	
37.44499969482422	52223.25	5380.75	57060.30078125	600.1666870117188	166.6666717529297	
38.69300079345703	48231.25	5280.5	2118.5	591.75	83.33333587646484	
39.94100189208984	61811.25	5130.5	2135.	541.6666870117188	191.6666717529297	
41.18899917602539	48080.5	5480.75	2502.166748046875	516.75	91.66666412353516	
42.4370002746582	60417.75	4354.5	2577.166748046875	516.8333129882813	133.3333282470703	
43.68600082397461	57523.	4780.	2043.333374023438	867.25	83.33333587646484	
44.93399810791016	45170.75	4930.	2251.833251953125	708.5833129882813	83.33333587646484	
46.18199920654297	46023.25	5130.5	2051.666748046875	525.0833129882813	108.3333358764648	
47.43000030517578	48658.25	4755.	2110.083251953125	525.0833129882813	200.	
48.67800140380859	63910.75	4880.	2051.666748046875	575.1666870117188	141.6666717529297	
49.92599868774414	45522.	4479.5	2043.333374023438	658.5	183.3333282470703	
51.17399978637695	49811.75	5130.5	1951.5	700.3333129882813	158.3333282470703	
52.42200088500977	48281.75	7509.	2009.833374023438	541.6666870117188	141.6666717529297	
53.66999816894531	78937.	4755.	1909.833374023438	450.	166.6666717529297	
54.91799926757813	61034.5	6056.5	2026.666625976563	575.0833129882813	83.33333587646484	
56.16600036621094	72090.25	4830.	1884.833374023438	683.5	116.6666641235352	
57.41500091552734	52899.25	4905.	1834.75	650.1666870117188	116.6666641235352	
58.66299819946289	46475.5	5005.	2076.583251953125	558.5	133.3333282470703	
59.9109992980957	51793.75	4554.75	2026.666625976563	650.1666870117188	116.6666641235352	
61.15900039672852	50339.5	4679.75	1926.333374023438	566.75	100.	
62.40700149536133	55810.5	4479.75	2335.25	566.75	125.	
63.65499877929688	76846.75	5105.25	2018.083374023438	658.5	141.6666717529297	
64.90299987792969	53226.25	4379.5	2051.666748046875	650.1666870117188	200.	
66.1510009765625	70441.25	4679.75	1951.5	533.4166870117188	133.3333282470703	
67.39900207519531	58604.75	4254.25	1868.083374023438	500.0833435058594	175.	
68.64700317382813	99340.	4479.5	3829.416748046875	650.1666870117188	83.33333587646484	
69.89499664306641	101486.	4905.	2168.333251953125	608.4166870117188	125.	
71.14399719238281	48181.25	4629.75	1959.833374023438	666.8333129882813	141.6666717529297	
72.39199829101563	52747.25	5055.	2126.666748046875	491.75	100.	
73.63999938964844	45546.75	5355.75	1893.25	608.5	291.6666564941406	
74.88800048828125	71311.	5380.75	2118.25	591.75	150.	
76.13600158691406	43665.75	4879.75	2060.083251953125	633.5	100.	
77.38400268554688	50389.	6557.	1976.5	633.5	175.	
78.63200378417969	45948.	5731.	2360.25	658.4166870117188	200.	
79.87999725341797	44393.5	4279.25	1784.583374023438	683.4166870117188	166.6666717529297	
81.12799835205078	77005.5	6782.75	2218.5	717.0833129882813	150.	
82.37599945068359	48958.75	5831.5	1984.75	633.4166870117188	133.3333282470703	
83.62400054931641	47804.75	5380.75	1959.833374023438	483.4166564941406	166.6666717529297	
84.87300109863281	52521.25	5030.25	1909.75	566.75	83.33333587646484	
86.12100219726563	58597.25	5230.5	1909.833374023438	616.8333129882813	100.	
87.36900329589844	79649.75	5080.5	1968.25	525.0833129882813	108.3333358764648	
88.61699676513672	45722.75	6281.75	1868.083374023438	800.1666870117188	191.6666717529297	
89.86499786376953	50438.5	9137.	1876.416625976563	433.4166564941406	108.3333358764648	
91.11299896240234	51642.75	4654.75	1976.5	550.1666870117188	191.6666717529297	
92.36100006103516	43314.75	4930.25	2001.583374023438	525.1666870117188	125.	
93.60900115966797	61063.	5255.5	1868.083374023438	458.4166564941406	183.3333282470703	
94.85700225830078	50163.75	5055.25	2502.166748046875	558.4166870117188	133.3333282470703	
96.10500335693359	53050.	4354.5	1935.	600.0833129882813	100.	
97.35299682617188	44268.25	5781.	2035.	683.5	183.3333282470703	
98.60199737548828	52522.	5455.75	1909.75	491.8333435058594	166.6666717529297	
99.84999847412109	54132.	4880.	1993.166625976563	458.4166564941406	133.3333282470703	
101.0979995727539	53879.25	4504.75	1934.833374023438	541.8333129882813	125.	
102.3460006713867	58908.5	5105.5	2051.583251953125	525.1666870117188	91.66666412353516	
103.5940017700195	47955.5	5030.25	1968.25	541.8333129882813	150.	
104.8420028686523	45346.75	5180.25	1851.416625976563	666.9166870117188	133.3333282470703	
106.0899963378906	53378.5	4855.25	2001.666625976563	500.	125.	
107.3379974365234	49412.	4855.	1993.166625976563	525.	191.6666717529297	
108.5859985351563	70554.5	6882.75	2035.	550.	191.6666717529297	
109.8339996337891	54756.5	5080.	2026.5	575.	125.	
111.0820007324219	55784.	5355.75	2193.583251953125	575.0833129882813	183.3333282470703	
112.3310012817383	49636.5	5881.5	2043.25	616.75	158.3333282470703	
113.5790023803711	48708.	5731.	1893.	650.0833129882813	150.	
114.8270034790039	55607.25	4905.	1959.833374023438	516.6666870117188	150.	
116.0749969482422	68845.5	4830.	1876.5	608.4166870117188	100.	
117.322998046875	55281.25	6282.	2118.333251953125	566.75	183.3333282470703	
118.5709991455078	53932.25	6281.75	1826.333374023438	441.6666564941406	125.	
119.8190002441406	45973.75	7108.5	1968.166625976563	600.1666870117188	183.3333282470703	
121.0670013427734	45321.	5781.25	1934.75	608.5	191.6666717529297	
122.3150024414063	43540.5	4805.25	1801.333374023438	650.1666870117188	116.6666641235352	
123.5630035400391	101975.515625	5706.	2251.833251953125	508.4166564941406	266.6666564941406	
124.8109970092773	52321.25	6382.	2034.833374023438	583.5	133.3333282470703	
126.0599975585938	46450.75	6982.75	1951.416625976563	800.25	100.	
127.3079986572266	53476.5	7358.	1901.333374023438	525.	166.6666717529297	
128.5559997558594	57746.	8460.	2185.25	600.0833129882813	150.	
129.8040008544922	51720.5	7207.75	2418.583251953125	633.5833129882813	141.6666717529297	
131.052001953125	49259.5	6156.5	2043.25	825.3333129882813	141.6666717529297	
132.3000030517578	43038.75	6582.5	2118.416748046875	441.75	125.	
133.5480041503906	48130.5	5731.25	1993.083374023438	575.0833129882813	158.3333282470703	
134.7960052490234	48508.	5330.75	1901.416625976563	858.5	83.33333587646484	
136.0440063476563	45271.	5180.5	1976.583374023438	525.	166.6666717529297	
137.2920074462891	47077.25	5430.75	1926.416625976563	641.75	116.6666641235352	
138.5399932861328	45195.5	4730.	1951.416625976563	600.0833129882813	175.	
139.7890014648438	45597.5	4880.25	2377.166748046875	516.75	83.33333587646484	
141.0370025634766	43691.	4554.75	1784.75	583.4166870117188	100.	
142.2850036621094	44493.5	5430.75	2109.916748046875	591.75	150.	
143.5330047607422	44092.	48715.3671875	2060.	716.75	225.	
144.781005859375	46902.5	5380.5	1784.75	583.4166870117188	166.6666717529297	
146.0290069580078	46801.	6307.	1884.833374023438	692.0833129882813	200.	
147.2769927978516	44869.5	5480.75	2051.583251953125	450.	116.6666641235352	
148.5249938964844	43941.75	5055.25	2018.25	675.1666870117188	233.4166717529297	
149.7729949951172	44819.75	4955.	2118.166748046875	708.6666870117188	150.	
151.02099609375	52397.5	13824.75	1934.666625976563	650.25	66.66666412353516	
152.2689971923828	45346.5	5355.75	2118.333251953125	591.8333129882813	116.6666641235352	
153.5180053710938	52424.	5005.25	1926.666625976563	633.5	175.	
154.7660064697266	46876.5	44829.609375	2009.75	525.0833129882813	91.66666412353516	
156.0140075683594	47804.75	5505.75	1968.166625976563	591.8333129882813	116.6666641235352	
157.2619934082031	48206.5	4905.25	2009.833374023438	675.25	158.3333282470703	
158.5099945068359	51724.5	4680.	1893.25	558.5	141.6666717529297	
159.7579956054688	47052.25	5055.5	1743.	1526.25	108.3333358764648	
161.0059967041016	45246.25	5080.5	2018.25	575.1666870117188	125.	
162.2539978027344	48632.5	4429.5	1959.833374023438	633.5833129882813	133.3333282470703	
163.5019989013672	46249.25	4154.25	1934.916625976563	483.3333435058594	150.	
164.75	54379.	5706.25	1617.666625976563	641.8333129882813	133.3333282470703	
165.9980010986328	45948.25	5205.25	2026.5	508.4166564941406	225.	
167.2469940185547	47202.5	5380.75	1934.833374023438	1476.25	216.6666717529297	
168.4949951171875	65871.5	5355.5	1743.083374023438	441.6666564941406	133.3333282470703	
169.7429962158203	155131.	5155.25	2210.166748046875	658.5833129882813	141.6666717529297	
170.9909973144531	44844.75	6181.75	1934.916625976563	666.8333129882813	158.3333282470703	
172.2389984130859	51243.	5330.5	1843.083374023438	683.5	116.6666641235352	
173.4869995117188	48055.5	5881.25	1884.666625976563	525.0833129882813	175.	
174.7350006103516	70924.25	5305.5	1884.666625976563	566.8333129882813	133.3333282470703	
175.9830017089844	58043.25	5781.	1968.166625976563	641.75	183.3333282470703	
177.2310028076172	52898.	4930.	1959.916625976563	616.75	108.3333358764648	
178.47900390625	54128.75	6532.25	2485.583251953125	908.8333129882813	116.6666641235352	
179.7270050048828	52747.25	5856.25	2635.666748046875	791.9166870117188	233.3333282470703	
180.9759979248047	46625.75	11793.	2210.166748046875	683.5833129882813	250.	
182.2239990234375	44518.5	6282.	2051.666748046875	600.0833129882813	200.	
183.4720001220703	48181.	5530.75	2010.	675.25	125.	
184.7200012207031	55080.75	4679.75	2151.666748046875	625.25	158.3333282470703	
185.9680023193359	46902.	5555.75	2034.916625976563	491.6666564941406	166.6666717529297	
187.2160034179688	70605.25	5455.75	1918.25	550.0833129882813	233.3333282470703	
188.4640045166016	48833.25	4404.75	2160.083251953125	616.8333129882813	166.6666717529297	
189.7120056152344	48908.	5155.5	2360.416748046875	525.	225.	
190.9600067138672	46625.75	5055.25	2076.75	633.5833129882813	141.6666717529297	
192.2079925537109	61424.75	4804.75	8562.8330078125	516.75	141.6666717529297	
193.4559936523438	53024.	5305.5	1868.083374023438	650.1666870117188	100.	
194.7050018310547	46399.75	4579.5	2076.583251953125	683.4166870117188	183.3333282470703	
195.9530029296875	44920.	5155.25	2001.666625976563	458.3333435058594	191.6666717529297	
197.2010040283203	45998.5	5005.	2068.333251953125	800.3333129882813	175.	
198.4490051269531	50162.25	5180.5	1851.416625976563	541.75	150.	
199.6970062255859	47378.25	4529.5	2076.666748046875	575.0833129882813	108.3333358764648	
200.9450073242188	47980.25	4730.	2118.416748046875	708.5	125.	
202.1929931640625	49159.25	5180.25	1884.916625976563	691.8333129882813	108.3333358764648	
203.4409942626953	44769.5	7358.25	1868.083374023438	566.6666870117188	125.	
204.6889953613281	50815.	4905.	1968.166625976563	566.75	100.	
205.9369964599609	49259.75	4805.	2043.333374023438	533.4166870117188	141.6666717529297	
207.1849975585938	48457.	4805.	1976.583374023438	691.9166870117188	158.3333282470703	
208.4340057373047	92984.	4930.	1876.333374023438	675.0833129882813	175.	
209.6820068359375	45145.5	5931.5	1793.	792.0833129882813	175.	
210.9299926757813	56586.5	5080.5	2235.083251953125	658.4166870117188	175.	
212.1779937744141	98288.0625	6106.75	1851.5	683.4166870117188	150.	
213.4259948730469	131119.5	5481.	2185.166748046875	708.6666870117188	208.3333282470703	
214.6739959716797	44368.	4779.75	1918.166625976563	508.4166564941406	183.3333282470703	
215.9219970703125	109515.	4879.75	2185.083251953125	716.8333129882813	116.6666641235352	
217.1699981689453	49310.75	5130.25	2093.333251953125	683.5	183.3333282470703	
218.4179992675781	57348.25	5155.25	1759.666625976563	566.75	133.3333282470703	
219.6660003662109	51418.75	7584.25	2010.	566.8333129882813	158.3333282470703	
220.9140014648438	47629.5	5230.75	2135.	625.0833129882813	75.	
222.1629943847656	60730.	5831.25	1768.083374023438	817.	100.	
223.4109954833984	73806.	5756.	2168.416748046875	658.4166870117188	133.3333282470703	
224.6589965820313	56362.75	5205.5	2118.333251953125	675.1666870117188	125.	
225.9069976806641	51594.	6231.5	1968.	733.4166870117188	91.66666412353516	
227.1549987792969	68618.	4780.	2034.916625976563	691.75	91.66666412353516	
228.4029998779297	58493.75	5405.75	1993.166625976563	558.4166870117188	158.3333282470703	
229.6510009765625	50766.75	5406.	2151.833251953125	675.25	150.	
230.8990020751953	56285.25	5881.5	2076.75	716.75	108.3333358764648	
232.1470031738281	49435.25	4604.75	2093.416748046875	658.5	125.	
233.3950042724609	72195.75	6682.25	2160.166748046875	716.8333129882813	216.6666717529297	
234.6430053710938	53198.5	8685.25	1984.916625976563	708.5833129882813	125.	
235.8919982910156	74959.5	14519.25	2802.5	650.0833129882813	183.3333282470703	
237.1399993896484	77052.75	10538.	2101.833251953125	733.6666870117188	141.6666717529297	
238.3880004882813	53324.75	8535.	2068.416748046875	658.5	233.3333282470703	
239.6360015869141	74270.25	13593.5	1743.166625976563	883.5833129882813	116.6666641235352	
240.8840026855469	59977.25	8509.75	2493.75	766.8333129882813	125.	
242.1320037841797	90774.609375	7258.	2134.916748046875	742.	116.6666641235352	
243.3800048828125	55934.75	8885.5	2118.416748046875	650.1666870117188	200.	
244.6280059814453	51292.	9611.75	2193.416748046875	700.25	241.6666717529297	
245.8760070800781	74344.5	6507.25	2151.833251953125	725.1666870117188	208.3333282470703	
247.1239929199219	54480.5	5180.	1959.833374023438	583.5	141.6666717529297	
248.3719940185547	54303.5	6181.5	2126.583251953125	558.4166870117188	150.	
249.6210021972656	46450.	6356.75	2051.583251953125	566.75	158.3333282470703	
250.8690032958984	53752.	7634.25	2260.	691.8333129882813	100.	
252.1170043945313	52875.5	6682.5	1843.083374023438	767.	83.33333587646484	
253.3650054931641	69972.75	6457.	1751.25	633.5	108.3333358764648	
254.6130065917969	50439.75	4980.25	1893.083374023438	575.1666870117188	116.6666641235352	
255.8609924316406	52001.	5130.25	2068.333251953125	742.	166.6666717529297	
257.1090087890625	45145.75	11843.75	2101.666748046875	633.5833129882813	158.3333282470703	
258.3569946289063	75488.5	5155.25	2101.666748046875	566.75	91.66666412353516	
259.6050109863281	50187.5	5605.75	2084.916748046875	725.1666870117188	175.	
260.8529968261719	72043.5	5230.25	2034.833374023438	608.5	100.	
262.1010131835938	43841.75	5731.	1951.583374023438	625.0833129882813	208.3333282470703	
263.3500061035156	47930.25	5030.25	2185.25	733.5	91.66666412353516	
264.5979919433594	48006.25	6907.75	2427.	483.3333435058594	166.6666717529297	
265.8460083007813	45672.25	5881.25	2059.916748046875	525.1666870117188	133.3333282470703	
267.093994140625	50892.	5380.75	1826.25	558.5	150.	
268.3420104980469	47679.	5405.75	1993.25	733.5	116.6666641235352	
269.5899963378906	48859.5	5931.25	2151.75	758.6666870117188	133.3333282470703	
270.8380126953125	43114.25	5030.25	2719.	641.9166870117188	200.	
272.0859985351563	41935.25	4054.	2201.833251953125	650.0833129882813	108.3333358764648	
273.3340148925781	44995.	4629.5	1901.5	650.25	100.	
274.5820007324219	41484.75	5781.25	2185.083251953125	608.4166870117188	166.6666717529297	
275.8299865722656	41032.25	4855.	2268.5	583.5	200.	
277.0790100097656	47403.5	5530.75	2226.833251953125	650.0833129882813	91.66666412353516	
278.3269958496094	46625.25	6281.75	2427.083251953125	666.75	108.3333358764648	
279.5750122070313	49135.25	5555.75	2318.666748046875	808.5833129882813	166.6666717529297	
280.822998046875	51118.	7008.	2051.583251953125	742.	100.	
282.0710144042969	50389.25	5355.75	2218.5	583.3333129882813	183.3333282470703	
283.3190002441406	46977.25	5130.5	2184.916748046875	758.4166870117188	158.3333282470703	
284.5669860839844	63762.25	5556.	2318.5	575.1666870117188	75.	
285.8150024414063	41007.75	5030.5	2293.583251953125	558.4166870117188	150.	
287.06298828125	42989.25	5330.5	1859.583374023438	525.0833129882813	191.6666717529297	
288.3110046386719	44568.75	5305.75	1909.916625976563	633.5	200.	
289.5589904785156	44568.75	5105.25	1809.833374023438	583.4166870117188	108.3333358764648	
290.8080139160156	43314.5	4880.	2085.	591.8333129882813	108.3333358764648	
292.0559997558594	44042.25	5280.5	1801.25	625.1666870117188	208.3333282470703	
293.3039855957031	44769.75	5631.25	1834.75	708.5	166.6666717529297	
294.552001953125	45321.75	5030.25	2135.083251953125	700.1666870117188	141.6666717529297	
295.7999877929688	49861.5	5505.75	1851.25	650.3333129882813	200.	
297.0480041503906	44819.5	5455.75	2185.083251953125	700.0833129882813	125.	
298.2959899902344	44318.	5806.	1968.416625976563	750.25	83.33333587646484	
299.5440063476563	50966.25	4705.	1918.166625976563	767.0833129882813	150.	
300.7919921875	48281.25	4905.25	2076.583251953125	658.4166870117188	141.6666717529297	
302.0400085449219	62933.	5280.5	1893.083374023438	725.25	116.6666641235352	
303.2879943847656	52696.75	5005.	1918.	566.8333129882813	100.	
304.5369873046875	48732.75	9813.25	1759.5	550.0833129882813	241.6666717529297	
305.7850036621094	51668.75	5180.25	1926.416625976563	733.5833129882813	125.	
307.0329895019531	52722.25	4479.5	2009.833374023438	541.75	200.	
308.281005859375	54504.25	5380.75	2076.583251953125	533.3333129882813	175.	
309.5289916992188	55132.5	5605.75	2093.333251953125	541.6666870117188	200.	
310.7770080566406	72282.	5756.	1951.5	742.	183.3333282470703	
312.0249938964844	43390.25	4780.	1834.666625976563	658.5833129882813	166.6666717529297	
313.2730102539063	46675.75	5505.75	1892.916625976563	758.75	91.66666412353516	
314.52099609375	58605.	4980.	1868.083374023438	725.3333129882813	150.	
315.7690124511719	46776.25	5481.	2009.916625976563	641.8333129882813	125.	
317.0169982910156	43590.75	4679.75	2026.583374023438	733.5	216.6666717529297	
318.2659912109375	51794.	5080.25	2060.	650.1666870117188	125.	
319.5140075683594	49212.5	4629.75	2043.416625976563	591.8333129882813	183.3333282470703	
320.7619934082031	43390.	5005.	2001.75	625.0833129882813	166.6666717529297	
322.010009765625	47704.5	4104.	1851.416625976563	591.75	100.	
323.2579956054688	46400.	4254.25	2043.25	616.75	158.3333282470703	
324.5060119628906	49511.75	4905.	2043.166625976563	633.4166870117188	116.6666641235352	
325.7539978027344	40756.75	5205.5	1976.416625976563	616.9166870117188	150.	
327.0020141601563	44594.	4980.	1968.25	558.5	83.33333587646484	
328.25	47253.75	5305.5	1934.75	533.4166870117188	100.	
329.4979858398438	46702.75	4805.	1851.416625976563	600.0833129882813	108.3333358764648	
330.7460021972656	44544.5	5881.25	2126.75	575.0833129882813	100.	
331.9949951171875	42512.75	6907.75	2093.333251953125	717.	158.3333282470703	
333.2430114746094	44568.75	5981.25	2101.833251953125	950.5833129882813	125.	
334.4909973144531	61686.75	6882.75	2402.	675.25	141.6666717529297	
335.739013671875	50087.25	7133.	2527.166748046875	658.5833129882813	83.33333587646484	
336.9869995117188	57703.25	6181.75	2260.25	741.8333129882813	141.6666717529297	
338.2349853515625	55009.25	7032.75	2101.583251953125	683.5833129882813	141.6666717529297	
339.4830017089844	48507.	6106.5	2018.25	600.0833129882813	158.3333282470703	
340.7309875488281	45522.25	6882.5	1943.166625976563	708.5833129882813	133.3333282470703	
341.97900390625	48457.5	6407.25	2051.666748046875	658.5833129882813	191.6666717529297	
343.2269897460938	47804.5	5906.25	1876.583374023438	616.75	91.66666412353516	
344.4750061035156	46977.25	5731.25	2126.583251953125	491.6666564941406	83.33333587646484	
345.7239990234375	45046.	6507.	2226.75	583.5	175.	
346.9719848632813	49786.5	5430.75	1901.416625976563	550.1666870117188	133.3333282470703	
348.2200012207031	43540.5	5305.5	2986.166748046875	683.5	175.	
349.4679870605469	51418.5	5405.75	2143.25	733.6666870117188	175.	
350.7160034179688	47002.	5756.	2201.833251953125	525.0833129882813	225.	
351.9639892578125	44895.	4855.	1801.416625976563	533.5	58.33333206176758	
353.2120056152344	59324.	5330.5	1884.666625976563	633.4166870117188	133.3333282470703	
354.4599914550781	50338.5	5531.	2193.333251953125	683.5833129882813	150.	
355.7080078125	49887.25	5605.75	2051.666748046875	641.8333129882813	91.66666412353516	
356.9559936523438	43139.25	4880.25	2118.5	641.75	108.3333358764648	
358.2040100097656	50388.25	6282.	1893.166625976563	675.1666870117188	183.3333282470703	
359.4530029296875	52848.25	5555.75	2034.916625976563	666.8333129882813	125.	
360.7009887695313	45421.75	5330.75	2110.	508.3333435058594	175.	
361.9490051269531	61866.	5130.5	1843.083374023438	758.5833129882813	141.6666717529297	
363.1969909667969	44217.75	5180.75	2485.5	675.1666870117188	183.3333282470703	
364.4450073242188	50288.25	7709.	2543.916748046875	800.25	75.	
365.6929931640625	43841.5	5030.25	2243.5	466.6666564941406	241.6666717529297	
366.9410095214844	110071.625	4955.	1976.666625976563	683.5	150.	
368.1889953613281	42587.5	5280.5	2101.75	600.1666870117188	75.	
369.43701171875	43917.	5130.25	1901.416625976563	516.75	233.3333282470703	
370.6849975585938	42061.25	5631.	2235.25	650.1666870117188	175.	
371.9330139160156	42938.5	4354.5	2385.333251953125	700.1666870117188	158.3333282470703	
373.1820068359375	46302.5	4829.75	1809.75	700.0833129882813	116.6666641235352	
374.4299926757813	42637.5	4679.75	1868.083374023438	608.5	158.3333282470703	
375.6780090332031	43038.75	4704.75	1793.166625976563	716.8333129882813	158.3333282470703	
376.9259948730469	51317.5	6006.5	2126.833251953125	750.3333129882813	158.3333282470703	
378.1740112304688	50414.	5556.	2251.833251953125	792.	216.6666717529297	
379.4219970703125	47404.25	5430.75	2393.583251953125	566.75	200.	
380.6700134277344	48306.25	5230.5	2160.166748046875	650.1666870117188	141.6666717529297	
381.9179992675781	48783.	5305.25	2118.416748046875	758.75	191.6666717529297	
383.1659851074219	56213.75	4755.	1918.166625976563	708.5	241.6666717529297	
384.4140014648438	44819.5	5080.5	2076.666748046875	608.3333129882813	175.	
385.6619873046875	57794.75	5856.25	2402.	667.	83.33333587646484	
386.9110107421875	61872.25	5580.75	2176.75	633.4166870117188	141.6666717529297	
388.1589965820313	52549.	5756.	2385.333251953125	833.75	116.6666641235352	
389.4070129394531	46149.	5631.	1893.166625976563	766.9166870117188	133.3333282470703	
390.6549987792969	55232.5	4930.25	1993.25	708.5833129882813	141.6666717529297	
391.9030151367188	67695.75	7058.	1834.666625976563	650.1666870117188	175.	
393.1510009765625	53600.	6457.	2151.583251953125	650.1666870117188	250.	
394.3989868164063	72564.75	6106.5	2176.75	767.	158.3333282470703	
395.6470031738281	183961.734375	7032.75	1809.666625976563	817.	100.	
396.8949890136719	54228.25	6932.75	2034.916625976563	683.5	125.	
398.1430053710938	54129.25	5931.25	2435.416748046875	691.8333129882813	166.6666717529297	
399.3909912109375	47177.75	6006.25	1884.833374023438	617.	216.6666717529297	
400.6400146484375	57568.5	5956.25	2327.	600.1666870117188	183.3333282470703	
401.8880004882813	58698.75	5806.25	1934.916625976563	650.1666870117188	158.3333282470703	
403.135986328125	49586.	6407.	2126.666748046875	591.8333129882813	133.3333282470703	
404.3840026855469	48608.25	6307.	1893.166625976563	742.	125.	
405.6319885253906	73330.5	6156.75	2752.5	900.4166870117188	83.33333587646484	
406.8800048828125	51041.	6857.5	2026.583374023438	983.9166870117188	141.6666717529297	
408.1279907226563	47854.75	6357.25	2368.75	2260.583251953125	150.	
409.3760070800781	49009.5	6081.75	1909.833374023438	842.1666870117188	191.6666717529297	
410.6239929199219	50840.75	6056.75	2418.666748046875	3421.666748046875	141.6666717529297	
411.8720092773438	45346.25	6707.5	1976.666625976563	750.3333129882813	141.6666717529297	
413.1199951171875	52973.75	5881.5	1951.416625976563	1075.583374023438	141.6666717529297	
414.3689880371094	47077.75	7032.75	2076.666748046875	800.3333129882813	108.3333358764648	
415.6170043945313	46048.75	5881.25	2218.5	691.9166870117188	166.6666717529297	
416.864990234375	44318.75	6982.75	2026.5	850.4166870117188	133.3333282470703	
418.1130065917969	44366.65234375	7734.	2001.583374023438	1509.583374023438	125.	
419.3609924316406	44895.	6282.	2402.083251953125	533.5	158.3333282470703	
420.6090087890625	51870.5	5430.75	2076.75	883.6666870117188	91.66666412353516	
421.8569946289063	43640.75	5205.25	2059.916748046875	900.3333129882813	183.3333282470703	
423.1050109863281	50489.25	5280.5	2210.166748046875	658.4166870117188	116.6666641235352	
424.3529968261719	43365.25	6282.	1993.083374023438	1167.416625976563	91.66666412353516	
425.6010131835938	48084.5	5981.25	2101.666748046875	742.0833129882813	141.6666717529297	
426.8489990234375	85902.25	5155.25	2126.666748046875	533.5	158.3333282470703	
428.0979919433594	43114.25	4854.75	2101.666748046875	616.8333129882813	191.6666717529297	
429.3460083007813	42938.5	5555.75	1884.666625976563	483.3333435058594	108.3333358764648	
430.593994140625	43766.25	5831.25	2151.666748046875	616.8333129882813	91.66666412353516	
431.8420104980469	65936.5	6832.75	2001.5	691.9166870117188	183.3333282470703	
433.0899963378906	46074.	5405.75	2168.416748046875	591.8333129882813	200.	
434.3380126953125	48984.25	4379.25	2001.5	558.3333129882813	108.3333358764648	
435.5859985351563	45899.	5505.75	2109.916748046875	742.	183.3333282470703	
436.8340148925781	58900.	6131.5	2118.333251953125	708.5833129882813	208.3333282470703	
438.0820007324219	45496.75	4955.25	2243.5	583.5	175.	
439.3299865722656	53105.75	4980.	1893.	566.75	75.	
440.5780029296875	43063.75	5330.5	1968.25	433.3333435058594	125.	
441.8269958496094	49787.	5506.	2068.25	566.75	191.6666717529297	
443.0750122070313	56263.	5605.75	2051.75	441.6666564941406	183.3333282470703	
444.322998046875	42662.75	4955.	2068.166748046875	650.25	141.6666717529297	
445.5710144042969	53176.25	5455.75	2093.333251953125	625.0833129882813	100.	
446.8190002441406	48206.25	5305.75	2243.5	641.9166870117188	125.	
448.0669860839844	49837.75	5806.	2318.583251953125	792.	116.6666641235352	
449.3150024414063	41559.25	5205.5	1776.25	608.5	141.6666717529297	
450.56298828125	41735.	5530.75	2059.833251953125	925.5	150.	
451.8110046386719	44318.25	4554.75	1876.5	733.6666870117188	133.3333282470703	
453.0589904785156	56677.	5155.5	1926.416625976563	608.5833129882813	108.3333358764648	
454.3070068359375	45396.5	6056.5	2393.583251953125	717.	116.6666641235352	
455.5559997558594	42060.5	5055.25	2151.666748046875	425.	183.3333282470703	
456.8039855957031	47604.75	4329.25	1784.666625976563	691.8333129882813	233.3333282470703	
458.052001953125	45122.	4654.5	3412.083251953125	491.6666564941406	216.6666717529297	
459.2999877929688	40882.	5205.25	2151.916748046875	616.75	150.	
460.5480041503906	45070.5	5030.25	1826.25	775.4166870117188	158.3333282470703	
461.7959899902344	41609.25	4705.	2026.5	575.	4117.25	
463.0440063476563	42086.	4579.75	2043.333374023438	550.0833129882813	125.	
464.2919921875	43566.	4930.25	2135.083251953125	658.5833129882813	150.	
465.5400085449219	41458.75	4279.25	1943.166625976563	692.	150.	
466.7879943847656	73828.75	4604.5	1751.25	575.	100.	
468.0360107421875	46325.	6432.25	8077.5	575.0833129882813	133.3333282470703	
469.2850036621094	43015.	5630.75	2026.583374023438	700.1666870117188	66.66666412353516	
470.5329895019531	46828.25	5130.5	1993.25	650.1666870117188	133.3333282470703	
471.781005859375	41434.	5506.	1793.083374023438	450.0833435058594	175.	
473.0289916992188	54192.	5180.5	2018.25	441.75	116.6666641235352	
474.2770080566406	41684.5	4754.75	2035.	633.5	125.	
475.5249938964844	42938.5	5205.25	1943.25	783.75	166.6666717529297	
476.7730102539063	41785.	4679.75	2118.5	783.6666870117188	125.	
478.02099609375	41057.5	5080.25	2160.083251953125	633.5833129882813	175.	
479.2690124511719	46575.75	4905.	2185.25	725.25	141.6666717529297	
480.5169982910156	44218.25	5906.25	2051.583251953125	716.9166870117188	133.3333282470703	
481.7650146484375	44870.25	5705.75	2076.583251953125	625.1666870117188	133.3333282470703	
483.0140075683594	42813.25	5180.5	2110.083251953125	641.8333129882813	200.	
484.2619934082031	40597.421875	5656.	2185.333251953125	858.6666870117188	83.33333587646484	
485.510009765625	43791.5	6407.	2310.333251953125	483.3333435058594	158.3333282470703	
486.7579956054688	41509.	5305.5	1834.833374023438	1100.75	50.	
488.0060119628906	43791.25	5530.75	2026.5	917.25	66.66666412353516	
489.2539978027344	41559.25	6407.	2644.166748046875	716.9166870117188	133.3333282470703	
490.5020141601563	42110.75	5531.	1893.166625976563	633.5833129882813	200.	
491.75	204264.71875	5981.5	2093.416748046875	616.9166870117188	175.	
492.9979858398438	48173.62890625	5455.75	1717.916625976563	750.3333129882813	158.3333282470703	
494.2460021972656	43541.5	5480.75	1793.	642.	200.	
495.4939880371094	49512.5	5581.	2151.666748046875	758.5	141.6666717529297	
496.7430114746094	43013.75	5506.	2035.083374023438	575.0833129882813	133.3333282470703	
497.9909973144531	43540.25	6532.	2051.666748046875	625.1666870117188	166.6666717529297	
499.239013671875	41283.75	4930.	2026.666625976563	608.5	100.	
500.4869995117188	48635.25	5806.5	1901.5	725.25	91.66666412353516	
501.7349853515625	44970.75	5756.	2026.416625976563	700.25	200.	
502.9830017089844	46575.75	5706.	1934.916625976563	533.5	116.6666641235352	
504.2309875488281	45648.25	6056.5	1909.833374023438	758.5	233.3333282470703	
505.47900390625	60294.75	5856.	1926.666625976563	666.8333129882813	100.	
506.7269897460938	56521.75	6431.75	2068.416748046875	675.1666870117188	133.3333282470703	
507.9750061035156	50390.5	7032.75	2051.5	783.75	125.	
509.2229919433594	48911.25	5956.5	1818.083374023438	800.4166870117188	116.6666641235352	
510.4719848632813	42863.	5055.25	1909.916625976563	683.5833129882813	158.3333282470703	
511.7200012207031	44794.5	5580.75	2051.583251953125	666.8333129882813	125.	
512.968017578125	88512.828125	5931.5	1893.25	700.0833129882813	116.6666641235352	
514.2160034179688	54129.5	4955.25	2143.416748046875	566.75	291.6666564941406	
515.4639892578125	43390.	5080.25	2201.75	591.75	108.3333358764648	
516.7119750976563	48486.5	4805.	1801.25	616.8333129882813	91.66666412353516	
517.9600219726563	42964.	6281.75	2085.083251953125	600.1666870117188	125.	
519.2080078125	43039.	8685.25	2085.	733.75	83.33333587646484	
520.4559936523438	51574.	5481.	1901.583374023438	583.5	150.	
521.7039794921875	39578.5	5956.5	2143.5	908.75	100.	
522.9520263671875	41007.75	5706.25	2043.166625976563	708.5	200.	
524.2009887695313	42687.75	6407.	2076.583251953125	525.0833129882813	91.66666412353516	
525.448974609375	46625.5	5280.75	1985.	508.3333435058594	75.	
526.697021484375	43616.	6407.25	2034.916625976563	625.0833129882813	100.	
527.9450073242188	43364.75	5330.75	1742.916625976563	658.4166870117188	100.	
529.1929931640625	40531.25	6306.75	1868.166625976563	683.5	100.	
530.4409790039063	42199.56640625	5055.5	2068.166748046875	500.0833435058594	141.6666717529297	
531.6890258789063	45521.75	5881.5	1834.833374023438	600.0833129882813	150.	
532.93701171875	96756.046875	5055.25	1901.416625976563	641.9166870117188	175.	
534.1849975585938	41860.	4854.75	2001.583374023438	541.75	150.	
535.4329833984375	46851.25	4604.5	2218.333251953125	658.5833129882813	150.	
536.6810302734375	46600.75	6407.25	1926.5	591.8333129882813	108.3333358764648	
537.9299926757813	43565.5	6407.	1993.166625976563	675.1666870117188	58.33333206176758	
539.177978515625	44342.75	5581.	2043.25	583.3333129882813	141.6666717529297	
540.426025390625	43239.25	5631.	2318.75	516.6666870117188	125.	
541.6740112304688	55918.	5005.	2485.5	658.6666870117188	141.6666717529297	
542.9219970703125	54741.5	5981.5	2193.5	683.6666870117188	150.	
544.1699829101563	44192.5	5681.25	2176.833251953125	683.5	83.33333587646484	
545.4180297851563	44017.25	5431.	1976.583374023438	875.3333129882813	125.	
546.666015625	46149.25	5956.5	2185.083251953125	700.1666870117188	133.3333282470703	
547.9140014648438	59109.5	5856.5	2118.5	583.4166870117188	150.	
549.1619873046875	48582.25	5080.5	1909.75	691.8333129882813	125.	
550.4099731445313	45446.75	5255.5	2160.083251953125	600.0833129882813	141.6666717529297	
551.6589965820313	46651.25	4930.	1985.	600.0833129882813	100.	
552.906982421875	50991.75	5681.	2143.416748046875	533.3333129882813	141.6666717529297	
554.155029296875	66801.75	5330.5	1959.833374023438	633.4166870117188	225.	
555.4030151367188	52778.5	5055.25	2210.083251953125	516.8333129882813	91.66666412353516	
556.6510009765625	46149.	5505.75	1976.583374023438	616.8333129882813	108.3333358764648	
557.8989868164063	43616.	4930.	2093.416748046875	558.5833129882813	200.	
559.14697265625	42261.25	5480.75	2218.5	500.0833435058594	116.6666641235352	
560.39501953125	57793.25	4980.	2084.833251953125	675.0833129882813	191.6666717529297	
561.6430053710938	42111.25	4379.25	1851.333374023438	708.5833129882813	150.	
562.8909912109375	49864.	5180.5	2051.583251953125	608.5	116.6666641235352	
564.1389770507813	47754.5	5906.25	1918.083374023438	733.5833129882813	125.	
565.3880004882813	48933.5	5330.5	1776.333374023438	566.8333129882813	125.	
566.635986328125	46776.25	5480.75	1859.75	867.0833129882813	150.	
567.8839721679688	47077.25	5505.75	1909.916625976563	575.1666870117188	133.3333282470703	
569.1320190429688	44644.	5205.5	1943.25	466.6666564941406	183.3333282470703	
570.3800048828125	42914.5	4655.	2251.833251953125	558.3333129882813	166.6666717529297	
571.6279907226563	45422.75	5130.25	1959.833374023438	625.1666870117188	125.	
572.8759765625	43966.75	7433.75	2059.916748046875	625.1666870117188	183.3333282470703	
574.1240234375	53351.75	5280.75	2226.833251953125	600.0833129882813	116.6666641235352	
575.3720092773438	41634.5	4855.	2452.166748046875	633.4166870117188	75.	
576.6199951171875	43013.75	4780.	1968.25	650.25	100.	
577.8679809570313	83198.5	4805.	1901.416625976563	608.5833129882813	175.	
579.1170043945313	46024.5	5380.75	1851.5	583.5	166.6666717529297	
580.364990234375	43866.5	4504.5	1901.5	566.75	150.	
581.6129760742188	41158.25	5706.	2018.25	558.3333129882813	166.6666717529297	
582.8610229492188	45648.	4980.25	1751.166625976563	717.	83.33333587646484	
584.1090087890625	44343.5	5080.25	2101.666748046875	800.5	158.3333282470703	
585.3569946289063	49987.	4554.5	1834.833374023438	633.4166870117188	108.3333358764648	
586.60498046875	46500.75	4730.	1926.5	583.4166870117188	200.	
587.85302734375	74663.25	5355.5	1993.333374023438	650.3333129882813	133.3333282470703	
589.1010131835938	63137.5	5055.25	2085.083251953125	666.8333129882813	216.6666717529297	
590.3489990234375	45346.5	5030.25	1893.25	658.5	175.	
591.5969848632813	50890.5	5055.25	1843.083374023438	608.5	175.	
592.8460083007813	49034.	4830.	1826.416625976563	600.1666870117188	216.6666717529297	
594.093994140625	47328.	4129.	1884.916625976563	700.1666870117188	83.33333587646484	
595.3419799804688	48482.	5280.5	1968.25	700.1666870117188	191.6666717529297	
596.5900268554688	48232.25	4980.	1859.75	583.4166870117188	66.66666412353516	
597.8380126953125	47027.25	4830.	2001.666625976563	750.25	66.66666412353516	
599.0859985351563	44619.25	5105.25	1976.666625976563	650.25	100.	
600.333984375	48858.75	6357.	2151.75	650.1666870117188	141.6666717529297	
601.5819702148438	101788.75	5405.75	2043.166625976563	650.1666870117188	133.3333282470703	
602.8300170898438	126358.75	6156.5	2135.083251953125	683.5833129882813	75.	
604.0780029296875	48105.75	6156.75	1818.	716.9166870117188	158.3333282470703	
605.3259887695313	50815.25	5631.25	2160.083251953125	691.9166870117188	141.6666717529297	
606.5750122070313	49259.5	6081.5	1692.916625976563	858.6666870117188	141.6666717529297	
607.822998046875	51267.25	6156.5	1968.166625976563	691.8333129882813	133.3333282470703	
609.0709838867188	53826.5	11892.75	2059.833251953125	850.5	191.6666717529297	
610.3189697265625	46143.953125	8985.75	2176.833251953125	917.1666870117188	150.	
611.5670166015625	43615.75	6882.75	1984.833374023438	783.6666870117188	108.3333358764648	
612.8150024414063	52421.25	6056.75	2110.083251953125	800.3333129882813	141.6666717529297	
614.06298828125	47278.5	8786.	2243.5	675.1666870117188	166.6666717529297	
615.3109741210938	50413.75	7458.75	1909.75	725.3333129882813	208.3333282470703	
616.5590209960938	49987.5	7233.25	2076.583251953125	708.5833129882813	141.6666717529297	
617.8070068359375	48532.25	5631.	2026.5	700.25	150.	
619.0549926757813	49059.25	5255.5	2026.666625976563	491.6666564941406	75.	
620.3040161132813	52952.75	5630.75	2118.25	858.6666870117188	91.66666412353516	
621.552001953125	52147.	5931.5	2018.333374023438	725.1666870117188	108.3333358764648	
622.7999877929688	49437.	6807.5	2043.25	800.4166870117188	116.6666641235352	
624.0479736328125	45497.	6582.5	1843.083374023438	808.75	108.3333358764648	
625.2960205078125	59940.	8910.75	1909.916625976563	1826.75	91.66666412353516	
626.5440063476563	45396.75	6231.75	2193.416748046875	791.9166870117188	158.3333282470703	
627.7919921875	49611.25	5055.5	2201.833251953125	641.75	150.	
629.0399780273438	68751.75	4680.	1768.	633.5	141.6666717529297	
630.2880249023438	53149.25	5255.25	1868.083374023438	850.4166870117188	141.6666717529297	
631.5360107421875	107225.	5305.5	2226.916748046875	758.6666870117188	200.	
632.7839965820313	47604.	5480.75	2051.583251953125	717.	116.6666641235352	
634.0330200195313	45396.25	5055.25	2084.916748046875	817.	125.	
635.281005859375	52595.78125	6532.25	2085.	725.1666870117188	150.	
636.5289916992188	57239.25	6282.	1893.083374023438	658.5833129882813	216.6666717529297	
637.7769775390625	45772.75	4629.5	2218.5	758.6666870117188	200.	
639.0250244140625	45622.	5205.25	2243.416748046875	3012.5	41.66666793823242	
640.2730102539063	47553.75	4880.25	2143.333251953125	708.5833129882813	100.	
641.52099609375	49510.5	5956.25	2160.166748046875	583.3333129882813	141.6666717529297	
642.7689819335938	45246.	5155.	2035.	800.3333129882813	166.6666717529297	
644.0170288085938	49259.75	5230.5	1742.916625976563	650.1666870117188	175.	
645.2650146484375	45496.75	4829.75	2368.75	766.9166870117188	125.	
646.5130004882813	45873.	6882.75	2335.25	466.6666564941406	150.	
647.7620239257813	45697.25	4529.5	2051.666748046875	583.4166870117188	91.66666412353516	
649.010009765625	56292.	4679.75	2468.75	541.75	158.3333282470703	
650.2579956054688	45371.25	4805.	2135.	533.3333129882813	100.	
651.5059814453125	44970.	5105.5	2126.5	716.9166870117188	83.33333587646484	
652.7540283203125	45998.25	5631.	2135.166748046875	833.6666870117188	158.3333282470703	
654.0020141601563	59476.75	5280.5	2193.5	1910.25	133.3333282470703	
655.25	66620.5	6857.5	1868.083374023438	716.9166870117188	91.66666412353516	
656.4979858398438	50262.75	4554.5	2176.75	750.25	125.	
657.7459716796875	68875.25	5355.75	2594.	616.8333129882813	141.6666717529297	
658.9940185546875	54729.5	7333.5	2435.333251953125	1075.666625976563	150.	
660.2420043945313	87535.5	6657.5	2877.666748046875	1184.166625976563	108.3333358764648	
661.4910278320313	60752.75	7984.25	2168.416748046875	933.8333129882813	150.	
662.739013671875	55382.5	5180.5	2276.833251953125	1025.666625976563	141.6666717529297	
663.9869995117188	53875.75	5480.75	1893.166625976563	1058.833374023438	116.6666641235352	
665.2349853515625	61331.5	82826.71875	2085.	641.8333129882813	50.	
666.4829711914063	54956.75	5305.5	2051.75	675.25	141.6666717529297	
667.7310180664063	98418.25	5030.5	1959.75	658.5833129882813	91.66666412353516	
668.97900390625	51945.75	4804.75	2160.166748046875	883.8333129882813	100.	
670.2269897460938	49761.25	7809.	2268.666748046875	650.25	108.3333358764648	
671.4749755859375	43691.	4880.25	2068.25	608.4166870117188	91.66666412353516	
672.7230224609375	48456.75	4905.25	1876.333374023438	608.4166870117188	225.	
673.9710083007813	49210.5	4729.75	1993.166625976563	875.3333129882813	66.66666412353516	
675.219970703125	46450.25	4204.25	2010.	717.	133.3333282470703	
676.468017578125	47503.75	5255.25	2101.833251953125	700.1666870117188	125.	
677.7160034179688	47578.75	6983.	2035.	967.1666870117188	191.6666717529297	
678.9639892578125	56261.5	8685.25	1851.333374023438	708.6666870117188	141.6666717529297	
680.2119750976563	49485.5	9461.5	1951.5	741.9166870117188	175.	
681.4600219726563	58845.75	8459.75	2552.166748046875	583.5	216.6666717529297	
682.7080078125	50589.5	14069.75	2994.666748046875	667.	91.66666412353516	
683.9559936523438	55483.	10062.	3111.416748046875	816.9166870117188	208.3333282470703	
685.2039794921875	63238.75	10112.25	2226.833251953125	892.	125.	
686.4520263671875	47378.	7408.5	2260.166748046875	1025.5	133.3333282470703	
687.7000122070313	54027.	7884.25	2085.083251953125	758.5833129882813	141.6666717529297	
688.948974609375	62420.75	16753.	1951.583374023438	875.5	183.3333282470703	
690.197021484375	47328.	8660.25	2026.583374023438	716.9166870117188	175.	
691.4450073242188	47578.75	8134.25	2135.	550.0833129882813	166.6666717529297	
692.6929931640625	45145.5	7583.5	3186.416748046875	658.5	108.3333358764648	
693.9409790039063	49535.5	11740.75	2160.166748046875	591.8333129882813	108.3333358764648	
695.1890258789063	47528.75	6407.25	2085.083251953125	566.8333129882813	100.	
696.43701171875	46098.75	7233.25	2343.666748046875	466.75	191.6666717529297	
697.6849975585938	49636.	5756.	2218.416748046875	658.5	150.	
698.9329833984375	62236.25	6582.5	1918.083374023438	716.9166870117188	100.	
700.1810302734375	49385.25	6056.25	2018.416625976563	525.	133.3333282470703	
701.4290161132813	44343.25	10138.25	1734.666625976563	716.8333129882813	191.6666717529297	
702.677978515625	43941.5	5631.	2009.916625976563	658.5	116.6666641235352	
703.926025390625	57742.	5956.5	2502.083251953125	783.75	116.6666641235352	
705.1740112304688	71733.	50324.91015625	1959.833374023438	625.1666870117188	50.	
706.4219970703125	66125.	13771.25	2318.5	717.0833129882813	175.	
707.6699829101563	67581.25	11791.5	2886.083251953125	641.9166870117188	108.3333358764648	
708.9180297851563	105760.25	7258.25	2018.333374023438	708.5833129882813	116.6666641235352	
710.166015625	70545.75	9011.	2285.	1826.583374023438	200.	
711.4140014648438	66026.5	5756.	2719.083251953125	700.25	141.6666717529297	
712.6619873046875	75034.25	7433.25	2402.083251953125	716.75	66.66666412353516	
713.9099731445313	53499.75	5981.25	2260.25	583.4166870117188	150.	
715.1580200195313	63619.5	6907.75	2076.75	625.0833129882813	208.3333282470703	
716.406982421875	58269.75	6306.75	1959.75	558.4166870117188	141.6666717529297	
717.655029296875	52924.25	6432.	2085.	1209.166625976563	125.	
718.9030151367188	52220.25	9612.25	2076.75	883.75	133.3333282470703	
720.1510009765625	49610.82421875	14224.5	2085.	675.25	116.6666641235352	
721.3989868164063	49084.25	6081.25	2352.	775.25	158.3333282470703	
722.64697265625	51946.75	6256.75	2393.583251953125	608.5	191.6666717529297	
723.89501953125	52245.25	4980.5	2510.666748046875	550.	191.6666717529297	
725.1430053710938	51819.	7408.5	2310.25	1217.583374023438	191.6666717529297	
726.3909912109375	61892.75	7358.25	2243.5	783.5	150.	
727.6389770507813	53777.75	5005.	2669.	958.75	150.	
728.8870239257813	47052.	5656.	3102.916748046875	950.4166870117188	116.6666641235352	
730.135986328125	55457.75	6181.75	3695.166748046875	758.5	133.3333282470703	
731.3839721679688	46450.25	5105.	2569.	1584.75	141.6666717529297	
732.6320190429688	79949.75	5505.75	2226.833251953125	675.1666870117188	216.6666717529297	
733.8800048828125	48482.	6307.	4989.91650390625	858.75	108.3333358764648	
735.1279907226563	50890.75	6056.5	2327.	1326.	133.3333282470703	
736.3759765625	49912.	7058.	2961.	692.	91.66666412353516	
737.6240234375	50865.75	6106.75	2335.333251953125	616.8333129882813	175.	
738.8720092773438	109169.96875	6582.25	2577.083251953125	733.6666870117188	116.6666641235352	
740.1199951171875	48883.5	8910.75	2869.25	1409.416625976563	175.	
741.3679809570313	54810.	7934.25	2243.5	691.75	158.3333282470703	
742.6160278320313	50614.25	6632.5	2719.083251953125	700.1666870117188	166.6666717529297	
743.864990234375	50840.	11140.25	2802.5	708.5833129882813	108.3333358764648	
745.1129760742188	49209.5	6332.	2568.916748046875	958.9166870117188	158.3333282470703	
746.3610229492188	51442.75	5581.	5833.75	591.75	91.66666412353516	
747.6090087890625	49786.5	6632.25	2910.916748046875	1159.083374023438	166.6666717529297	
748.8569946289063	80198.	6632.25	2285.083251953125	608.4166870117188	141.6666717529297	
750.10498046875	49259.75	5956.25	2385.333251953125	550.	100.	
751.35302734375	50162.75	5405.75	2752.5	733.6666870117188	141.6666717529297	
752.6010131835938	53526.	5506.	2101.833251953125	833.75	158.3333282470703	
753.8489990234375	47553.75	4679.75	3019.416748046875	883.75	108.3333358764648	
755.0969848632813	45847.75	6782.75	3269.833251953125	516.6666870117188	100.	
756.344970703125	69645.75	6282.	3186.583251953125	11152.	175.	
757.593994140625	54379.5	6657.5	2518.916748046875	808.5833129882813	141.6666717529297	
758.8419799804688	172329.34375	55385.25	2168.5	950.5	91.66666412353516	
760.0900268554688	53199.75	7858.75	2218.5	716.8333129882813	150.	
761.3380126953125	53048.5	10914.	2418.583251953125	625.0833129882813	83.33333587646484	
762.5859985351563	54780.25	9987.25	2243.5	950.4166870117188	141.6666717529297	
763.833984375	50614.5	19830.5	2318.583251953125	1567.916625976563	191.6666717529297	
765.0819702148438	109851.5	14770.	2109.916748046875	917.0833129882813	125.	
766.3300170898438	99677.75	9236.25	2293.666748046875	1376.	175.	
767.5780029296875	65949.25	15546.5	2026.5	816.9166870117188	108.3333358764648	
768.8259887695313	64245.	17126.25	2260.25	883.5833129882813	116.6666641235352	
770.073974609375	64017.5	12891.75	2260.25	692.0833129882813	133.3333282470703	
771.322998046875	60081.5	16374.	2168.416748046875	842.	216.6666717529297	
772.5709838867188	63440.	16977.25	2435.416748046875	858.6666870117188	133.3333282470703	
773.8189697265625	58895.25	10312.75	2301.916748046875	750.3333129882813	175.	
775.0670166015625	54177.5	11314.25	2068.25	1117.333374023438	191.6666717529297	
776.3150024414063	64871.5	7433.5	2085.	641.8333129882813	158.3333282470703	
777.56298828125	56184.5	9536.5	2710.75	875.25	125.	
778.8109741210938	54052.	10113.	2076.583251953125	658.5833129882813	191.6666717529297	
780.0590209960938	56161.	6432.	1884.833374023438	575.0833129882813	175.	
781.3070068359375	57113.25	6782.75	2210.	666.8333129882813	133.3333282470703	
782.5549926757813	52194.75	12418.75	2001.5	683.5833129882813	133.3333282470703	
783.802978515625	54929.75	10463.25	2669.083251953125	591.8333129882813	175.	
785.052001953125	64043.5	7909.	2335.166748046875	883.6666870117188	133.3333282470703	
786.2999877929688	51893.75	6056.5	2035.	850.3333129882813	83.33333587646484	
787.5479736328125	50238.25	5656.	2110.083251953125	558.5	141.6666717529297	
788.7960205078125	190941.671875	5505.75	29474.271484375	650.3333129882813	116.6666641235352	
790.0440063476563	61336.	5380.75	1976.666625976563	883.6666870117188	125.	
791.2919921875	49159.	5055.25	2510.416748046875	658.4166870117188	175.	
792.5399780273438	81592.5	6932.75	2001.583374023438	550.0833129882813	100.	
793.7880249023438	53325.25	6532.	1893.166625976563	616.6666870117188	125.	
795.0360107421875	64272.25	6857.75	2193.416748046875	633.4166870117188	108.3333358764648	
796.2839965820313	57143.25	5956.5	2043.333374023438	566.8333129882813	116.6666641235352	
797.531982421875	53198.5	5305.75	2418.833251953125	550.1666870117188	108.3333358764648	
798.781005859375	127717.75	5430.5	2059.916748046875	625.1666870117188	141.6666717529297	
800.0289916992188	54755.	4880.25	2068.416748046875	625.	125.	
801.2769775390625	50087.	5530.75	2226.833251953125	550.1666870117188	158.3333282470703	
802.5250244140625	54353.	6882.75	2944.5	600.1666870117188	166.6666717529297	
803.7730102539063	52095.	7308.25	2135.083251953125	758.6666870117188	91.66666412353516	
805.02099609375	88900.	7158.	2051.666748046875	591.75	125.	
806.2689819335938	113861.5	6732.5	2327.	658.4166870117188	75.	
807.5170288085938	59046.5	5856.25	2360.166748046875	800.4166870117188	133.3333282470703	
808.7650146484375	73712.	6231.75	2952.666748046875	616.8333129882813	150.	
810.0130004882813	71453.25	8309.5	2160.083251953125	850.3333129882813	150.	
811.260986328125	62334.5	9311.	1993.166625976563	675.25	133.3333282470703	
812.510009765625	134034.96875	10963.5	2376.916748046875	1108.916625976563	183.3333282470703	
813.7579956054688	57615.25	16098.5	2376.916748046875	825.1666870117188	141.6666717529297	
815.0059814453125	76106.	15045.75	2176.833251953125	758.5	100.	
816.2540283203125	62762.25	13467.75	2502.166748046875	850.4166870117188	183.3333282470703	
817.5020141601563	137475.5	11214.25	2368.666748046875	7629.66650390625	108.3333358764648	
818.75	105210.5	13517.75	2752.416748046875	750.4166870117188	183.3333282470703	
819.9979858398438	74395.	10888.5	2293.583251953125	1025.583374023438	150.	
821.2459716796875	66580.	20682.	3069.583251953125	900.5	158.3333282470703	
822.4940185546875	64623.25	15771.75	2318.5	942.1666870117188	216.6666717529297	
823.7420043945313	57389.75	18025.75	2352.083251953125	1167.416625976563	241.6666717529297	
824.989990234375	63162.75	17249.75	2635.5	1325.833374023438	91.66666412353516	
826.239013671875	69642.25	16222.75	3353.083251953125	867.1666870117188	108.3333358764648	
827.4869995117188	66200.25	123819.90625	2268.583251953125	967.1666870117188	91.66666412353516	
828.7349853515625	69893.5	24440.5	2969.333251953125	867.	158.3333282470703	
829.9829711914063	71766.953125	21232.5	2911.083251953125	1142.333374023438	141.6666717529297	
831.2310180664063	124352.2578125	18902.75	2736.083251953125	1192.416625976563	150.	
832.47900390625	115783.	20105.	3102.833251953125	842.	116.6666641235352	
833.7269897460938	75075.5	14494.5	2443.833251953125	1050.5	125.	
834.9749755859375	61204.5	13542.75	2627.25	858.8333129882813	125.	
836.2230224609375	64669.75	10763.	2477.166748046875	908.6666870117188	125.	
837.4710083007813	65948.75	15223.	2160.	975.4166870117188	108.3333358764648	
838.718994140625	66327.	10938.5	2852.5	808.5833129882813	100.	
839.968017578125	53098.5	29009.25	2744.083251953125	633.5	183.3333282470703	
841.2160034179688	60381.5	8159.5	3269.833251953125	725.25	133.3333282470703	
842.4639892578125	64292.25	11816.	1901.416625976563	616.8333129882813	141.6666717529297	
843.7119750976563	78797.5	12166.75	3712.166748046875	908.6666870117188	175.	
844.9600219726563	65929.25	8184.25	2018.25	925.5833129882813	191.6666717529297	
846.2080078125	110810.25	12241.75	2327.	917.0833129882813	91.66666412353516	
847.4559936523438	64833.33203125	6407.	2543.916748046875	1067.333374023438	233.3333282470703	
848.7039794921875	65196.25	16323.25	2468.833251953125	691.8333129882813	150.	
849.9520263671875	85334.25	8535.	2143.25	683.5	175.	
851.2000122070313	90090.75	9436.25	2193.583251953125	1084.	116.6666641235352	
852.447998046875	66828.5	10412.75	2518.916748046875	850.3333129882813	191.6666717529297	
853.697021484375	81881.75	14595.	2735.583251953125	666.8333129882813	191.6666717529297	
854.9450073242188	109297.	138706.578125	2318.5	883.9166870117188	141.6666717529297	
856.1929931640625	74715.25	13067.	2018.25	975.4166870117188	175.	
857.4409790039063	69916.	15096.25	2168.5	775.4166870117188	91.66666412353516	
858.6890258789063	62886.5	10537.75	2468.666748046875	691.9166870117188	125.	
859.93701171875	67633.	8109.25	2335.416748046875	800.25	91.66666412353516	
861.1849975585938	116770.75	10813.5	2226.833251953125	1484.583374023438	191.6666717529297	
862.4329833984375	58921.75	10237.75	2351.916748046875	691.9166870117188	200.	
863.6810302734375	64719.5	10963.75	3245.083251953125	691.8333129882813	100.	
864.9290161132813	67614.	9010.75	2226.75	733.6666870117188	158.3333282470703	
866.177001953125	59346.75	8610.25	2076.75	733.6666870117188	133.3333282470703	
867.426025390625	72295.	6832.75	2293.416748046875	450.	83.33333587646484	
868.6740112304688	55833.5	11865.25	2118.416748046875	692.	150.	
869.9219970703125	61883.5	15923.25	2669.166748046875	750.3333129882813	191.6666717529297	
871.1699829101563	54729.5	12791.75	2101.75	892.0833129882813	91.66666412353516	
872.4180297851563	56786.75	9160.5	1893.166625976563	658.4166870117188	66.66666412353516	
873.666015625	72023.25	14695.75	2093.333251953125	750.1666870117188	141.6666717529297	
874.9140014648438	54904.75	9035.75	2260.166748046875	783.75	158.3333282470703	
876.1619873046875	140959.84375	10237.75	2068.5	775.3333129882813	216.6666717529297	
877.4099731445313	65978.25	7233.	1976.583374023438	741.9166870117188	83.33333587646484	
878.6580200195313	63520.75	10387.75	2276.833251953125	725.25	141.6666717529297	
879.906005859375	73294.25	7984.25	2143.25	750.25	133.3333282470703	
881.155029296875	50389.25	9161.	1843.083374023438	650.0833129882813	91.66666412353516	
882.4030151367188	55841.25	8459.75	2009.916625976563	791.9166870117188	75.	
883.6510009765625	47303.75	6957.75	2327.	691.9166870117188	200.	
884.8989868164063	84890.25	7683.5	1843.25	808.75	175.	
886.14697265625	77453.5	6532.25	2001.5	583.5	225.	
887.39501953125	49560.5	6356.75	2001.416625976563	975.5833129882813	133.3333282470703	
888.6430053710938	59124.75	6332.	1876.416625976563	925.4166870117188	183.3333282470703	
889.8909912109375	47704.5	6382.	1993.333374023438	658.5833129882813	91.66666412353516	
891.1389770507813	49863.5	7733.5	4781.58349609375	850.25	216.6666717529297	
892.3870239257813	51117.5	8935.25	2276.75	691.9166870117188	116.6666641235352	
893.635009765625	62211.5	7007.75	2185.166748046875	700.1666870117188	158.3333282470703	
894.8839721679688	68824.75	7283.	2160.166748046875	942.	158.3333282470703	
896.1320190429688	47378.	5781.25	2393.583251953125	616.8333129882813	100.	
897.3800048828125	52646.25	7283.25	2110.	1000.583312988281	200.	
898.6279907226563	81594.	12919.25	1959.916625976563	641.8333129882813	200.	
899.8759765625	54026.75	10163.25	3779.5	758.5833129882813	175.	
901.1240234375	65353.5	30720.	1843.083374023438	817.	116.6666641235352	
902.3720092773438	129713.59375	12265.75	2660.75	883.75	150.	
903.6199951171875	57869.75	14119.25	2402.083251953125	825.3333129882813	100.	
904.8679809570313	64805.	28885.5	2201.75	725.25	91.66666412353516	
906.1160278320313	59171.5	26454.	2318.5	908.6666870117188	150.	
907.364013671875	74500.	44881.	2060.	883.8333129882813	183.3333282470703	
908.6129760742188	96243.25	17825.5	2377.083251953125	783.6666870117188	200.	
909.8610229492188	88897.5	14320.75	2819.25	925.3333129882813	133.3333282470703	
911.1090087890625	63240.75	19605.5	2352.	658.5	141.6666717529297	
912.3569946289063	75555.25	11464.5	3420.166748046875	792.1666870117188	200.	
913.60498046875	83717.25	18878.75	2327.083251953125	1067.416625976563	100.	
914.85302734375	84483.5	11740.25	2610.583251953125	825.3333129882813	83.33333587646484	
916.1010131835938	66819.75	10713.	2435.333251953125	983.9166870117188	191.6666717529297	
917.3489990234375	125654.	15070.25	2318.666748046875	925.3333129882813	141.6666717529297	
918.5969848632813	57516.5	17812.98046875	2385.166748046875	783.75	133.3333282470703	
919.844970703125	55332.	17776.	2443.916748046875	883.6666870117188	175.	
921.093017578125	71969.5	16222.5	2619.	858.75	125.	
922.3419799804688	60426.25	20631.25	4756.25	2928.416748046875	125.	
923.5900268554688	88142.25	34095.	2577.25	1000.5	208.3333282470703	
924.8380126953125	64971.75	26072.75	2936.	917.0833129882813	175.	
926.0859985351563	61959.5	41190.	2193.5	1033.833374023438	191.6666717529297	
927.333984375	105352.	21158.25	2001.666625976563	1109.083374023438	141.6666717529297	
928.5819702148438	60004.	19479.25	2510.5	850.4166870117188	175.	
929.8300170898438	102856.75	21033.75	4071.25	875.4166870117188	233.4166717529297	
931.0780029296875	54930.	22585.5	2243.583251953125	1618.083374023438	166.6666717529297	
932.3259887695313	55583.91796875	26549.	2352.	842.	133.3333282470703	
933.573974609375	118752.	22011.5	3061.25	875.4166870117188	150.	
934.822021484375	54203.5	16474.25	2477.	783.75	158.3333282470703	
936.0709838867188	76711.5	10312.5	3436.75	1000.5	125.	
937.3189697265625	147998.6875	12215.25	2218.583251953125	908.6666870117188	175.	
938.5670166015625	138492.	16578.	2635.583251953125	717.	141.6666717529297	
939.8150024414063	203598.640625	9886.75	4246.83349609375	2469.583251953125	141.6666717529297	
941.06298828125	52194.75	10112.25	2477.083251953125	1175.75	100.	
942.3109741210938	64168.75	7633.75	2760.75	691.9166870117188	208.3333282470703	
943.5590209960938	56210.75	10938.5	2543.833251953125	883.75	116.6666641235352	
944.8070068359375	125597.	8760.	2060.083251953125	900.4166870117188	158.3333282470703	
946.0549926757813	74225.	14745.75	2552.25	675.1666870117188	150.	
947.302978515625	73441.	9987.25	2519.	691.9166870117188	166.6666717529297	
948.551025390625	162234.953125	9611.5	2285.166748046875	725.25	133.3333282470703	
949.7999877929688	81034.5	7083.	2827.5	600.	225.	
951.0479736328125	57294.	8134.25	2719.166748046875	641.75	175.	
952.2960205078125	56461.	9361.	2326.833251953125	950.5	100.	
953.5440063476563	69269.25	25103.	2885.916748046875	767.	166.6666717529297	
954.7919921875	76559.	7583.75	2477.083251953125	942.	141.6666717529297	
956.0399780273438	124647.	14748.75	2518.833251953125	817.0833129882813	208.3333282470703	
957.2880249023438	70368.	7959.25	2410.5	783.6666870117188	125.	
958.5360107421875	75954.75	8059.25	2602.5	892.	125.	
959.7839965820313	84067.5	8059.25	2702.25	1100.5	125.	
961.031982421875	102945.75	7058.	2811.083251953125	2645.25	133.3333282470703	
962.280029296875	68058.5	7858.75	2435.416748046875	1509.583374023438	166.6666717529297	
963.5289916992188	75499.25	9010.75	2677.333251953125	1108.833374023438	91.66666412353516	
964.7769775390625	118252.5	7759.	2619.	1809.916625976563	133.3333282470703	
966.0250244140625	88518.5	6407.	2477.25	767.0833129882813	233.3333282470703	
967.2730102539063	66605.75	9110.75	3294.833251953125	783.5833129882813	141.6666717529297	
968.52099609375	66430.671875	8184.25	2251.916748046875	700.0833129882813	125.	
969.7689819335938	87703.5	5831.25	2835.916748046875	683.4166870117188	175.	
971.0170288085938	66176.5	13267.5	2994.416748046875	750.25	150.	
972.2650146484375	72043.75	6231.75	2260.333251953125	733.5833129882813	125.	
973.5130004882813	70633.75	8159.25	2902.833251953125	616.8333129882813	125.	
974.760986328125	74422.75	5380.75	2527.166748046875	692.0833129882813	141.6666717529297	
976.0089721679688	78004.	7508.5	2276.916748046875	616.75	233.3333282470703	
977.2579956054688	52070.5	33775.25	3144.75	641.75	133.3333282470703	
978.5059814453125	54052.	6857.75	2193.583251953125	550.	141.6666717529297	
979.7540283203125	48482.75	14625.75	2160.166748046875	741.9166870117188	125.	
981.0020141601563	55789.25	5756.	2176.75	816.9166870117188	150.	
982.25	48959.5	5756.25	2185.25	666.8333129882813	108.3333358764648	
983.4979858398438	46500.5	5555.75	2026.5	633.4166870117188	133.3333282470703	
984.7459716796875	49059.5	5756.25	1943.083374023438	575.	200.	
985.9940185546875	54079.	6382.	2176.666748046875	566.8333129882813	116.6666641235352	
987.2420043945313	42838.25	5881.5	1951.583374023438	641.9166870117188	150.	
988.489990234375	70846.25	6657.25	1784.75	658.4166870117188	166.6666717529297	
989.739013671875	41734.75	5305.75	1909.833374023438	658.4166870117188	125.	
990.9869995117188	73255.	5405.5	2118.416748046875	667.	125.	
992.2349853515625	48157.5	5756.25	1834.75	658.5	125.	
993.4829711914063	42913.5	4554.5	1976.666625976563	875.4166870117188	150.	
994.7310180664063	40556.25	19795.	2001.583374023438	600.1666870117188	83.33333587646484	
995.97900390625	42011.	5581.	2051.583251953125	608.5833129882813	133.3333282470703	
997.2269897460938	66090.75	5030.5	1842.916625976563	675.1666870117188	141.6666717529297	
998.4749755859375	38801.25	5105.25	1901.5	550.0833129882813	158.3333282470703	
