Trace for Mass:	Na23(LR)	Mg25(LR)	Cu63(LR)	Pb208(LR)
Resolution:	Low	Low	Low	Low
				
Time	Intensity	Intensity	Intensity	Intensity
[sec]	[cps]	[cps]	[cps]	[cps]

1.25	48507.	700.25	1459.25	233.3333282470703	
2.497999906539917	51417.25	1225.75	1626.25	316.6666564941406	
3.746000051498413	49936.75	900.5	1476.	208.3333282470703	
4.994999885559082	52345.25	1000.75	1459.333374023438	250.	
6.243000030517578	50137.5	875.25	1659.666625976563	308.3333435058594	
7.491000175476074	51291.5	2177.	1609.416625976563	300.	
8.73900032043457	53022.5	775.	1534.416625976563	225.	
9.987000465393066	49134.	1125.5	1559.333374023438	316.6666564941406	
11.23499965667725	51040.75	1125.75	1259.	291.6666564941406	
12.48299980163574	50413.75	1476.	1551.166625976563	366.6666564941406	
13.73099994659424	53399.25	1050.75	1542.833374023438	441.6666564941406	
14.97900009155273	53599.75	1050.5	1567.75	475.0833435058594	
16.22699928283691	52872.25	1175.75	1542.75	450.0833435058594	
17.47500038146973	51793.	875.5	1375.833374023438	416.75	
18.72400093078613	51191.5	1025.75	1517.666625976563	483.4166564941406	
19.97200012207031	52119.5	1025.75	1601.083374023438	433.4166564941406	
21.21999931335449	55080.5	1200.75	1509.333374023438	525.0833129882813	
22.46800041198731	50739.5	1351.	1359.25	425.	
23.71599960327148	50288.	1126.	1601.166625976563	741.9166870117188	
24.9640007019043	50990.5	725.25	1567.833374023438	500.1666564941406	
26.21199989318848	51241.75	875.25	1601.166625976563	600.1666870117188	
27.45999908447266	50137.5	900.5	1742.833374023438	508.5833435058594	
28.70800018310547	50564.	800.25	1509.25	541.6666870117188	
29.95599937438965	51919.25	1025.5	1517.916625976563	566.75	
31.20400047302246	51066.	875.25	1484.416625976563	733.75	
32.45299911499023	52119.5	900.25	1701.083374023438	625.1666870117188	
33.70100021362305	52972.5	1000.5	1534.333374023438	575.25	
34.94900131225586	49811.25	925.5	1717.833374023438	591.8333129882813	
36.19699859619141	51316.5	575.	1742.916625976563	566.75	
37.44499969482422	48807.75	1176.	1643.	500.0833435058594	
38.69300079345703	51392.	1200.75	1425.916625976563	608.5833129882813	
39.94100189208984	49385.	1126.	1659.666625976563	766.9166870117188	
41.18899917602539	50965.5	800.5	1617.916625976563	608.5	
42.4370002746582	52496.25	950.5	1534.416625976563	475.0833435058594	
43.68500137329102	52220.	800.5	1626.25	608.5	
44.93299865722656	50012.	1025.5	1676.333374023438	717.	
46.18199920654297	47754.25	1075.75	1509.416625976563	767.	
47.43000030517578	61915.75	1100.5	1467.666625976563	883.9166870117188	
48.67800140380859	52948.	1000.75	1592.833374023438	600.1666870117188	
49.92599868774414	82459.	1250.75	1492.75	741.9166870117188	
51.17399978637695	47729.5	850.25	1526.083374023438	541.8333129882813	
52.42200088500977	50087.25	1150.75	1601.166625976563	541.75	
53.66999816894531	48933.25	1050.25	1492.666625976563	708.5	
54.91799926757813	55131.5	1175.75	1609.333374023438	566.6666870117188	
56.16600036621094	52646.25	1075.75	1567.75	758.75	
57.41400146484375	51768.5	1200.75	1668.	716.8333129882813	
58.6619987487793	49736.25	1226.	1617.916625976563	867.1666870117188	
59.9109992980957	47804.5	1025.75	1709.583374023438	700.1666870117188	
61.15900039672852	49761.	675.25	1517.75	666.8333129882813	
62.40700149536133	52471.	1225.75	1542.833374023438	833.5833129882813	
63.65499877929688	51191.25	1125.75	1434.25	833.75	
64.90299987792969	48757.75	1100.75	1642.916625976563	733.5	
66.1510009765625	49711.25	875.75	1542.833374023438	616.75	
67.39900207519531	50363.5	850.25	1442.75	758.75	
68.64700317382813	55334.	700.25	1567.916625976563	683.5	
69.89499664306641	52746.75	1125.75	1409.416625976563	708.5	
71.14299774169922	50313.	625.	1617.75	850.5	
72.39099884033203	52094.25	1350.75	1492.666625976563	766.9166870117188	
73.63899993896484	53123.	1150.75	1442.666625976563	700.1666870117188	
74.88800048828125	51793.5	1126.	1634.583374023438	491.75	
76.13600158691406	51567.5	800.5	1717.916625976563	700.	
77.38400268554688	53675.5	1175.75	1401.	616.8333129882813	
78.63200378417969	49159.25	825.25	1559.5	716.8333129882813	
79.87999725341797	50263.	1025.5	1634.5	750.0833129882813	
81.12799835205078	51592.5	1000.25	1534.666625976563	541.8333129882813	
82.37599945068359	50739.5	625.	1392.75	700.25	
83.62400054931641	72869.5	1225.75	1467.666625976563	708.4166870117188	
84.87200164794922	49987.	650.	1601.166625976563	691.8333129882813	
86.12000274658203	48632.5	1200.75	1701.25	666.8333129882813	
87.36799621582031	50539.25	975.75	1768.083374023438	783.5833129882813	
88.61699676513672	51417.25	1026.	1776.25	875.4166870117188	
89.86499786376953	52671.25	750.25	1350.833374023438	825.25	
91.11299896240234	53775.75	900.25	1517.666625976563	566.75	
92.36100006103516	51743.5	850.25	1425.916625976563	825.4166870117188	
93.60900115966797	48857.75	925.5	1643.	708.5833129882813	
94.85700225830078	49459.75	600.	1876.5	683.4166870117188	
96.10500335693359	49886.5	1050.5	1551.083374023438	566.75	
97.35299682617188	51191.25	1150.75	1601.25	708.5833129882813	
98.60099792480469	53223.5	1050.75	1476.083374023438	742.0833129882813	
99.8489990234375	52321.25	1100.75	1667.833374023438	675.25	
101.0970001220703	50212.75	1175.75	1634.5	925.5	
102.3460006713867	52696.5	975.5	2995.	691.9166870117188	
103.5940017700195	50213.	1451.	1451.	708.5833129882813	
104.8420028686523	52169.5	1000.75	1359.166625976563	616.75	
106.0899963378906	85815.	1000.75	1576.25	666.9166870117188	
107.3379974365234	50062.	1225.75	1426.083374023438	758.6666870117188	
108.5859985351563	51166.25	1025.75	1551.083374023438	575.1666870117188	
109.8339996337891	49886.5	1025.5	1442.666625976563	641.75	
111.0820007324219	50137.75	825.25	1517.833374023438	608.4166870117188	
112.3300018310547	50187.75	950.75	1526.083374023438	758.5833129882813	
113.5780029296875	48130.25	850.25	1417.5	616.9166870117188	
114.8259963989258	51517.25	1250.75	1576.166625976563	633.5833129882813	
116.0749969482422	51116.	1025.5	1576.166625976563	658.5	
117.322998046875	53298.75	975.5	1434.25	625.1666870117188	
118.5709991455078	50237.75	950.5	1476.166625976563	708.5833129882813	
119.8190002441406	53600.25	975.5	1551.083374023438	717.	
121.0670013427734	51266.5	875.5	1392.5	650.1666870117188	
122.3150024414063	48281.	1025.75	1626.166625976563	691.8333129882813	
123.5630035400391	52922.	1175.5	1342.5	741.9166870117188	
124.8109970092773	49159.25	1151.	1567.833374023438	516.75	
126.0589981079102	53248.5	775.	1759.666625976563	683.5833129882813	
127.306999206543	51592.75	1175.75	1576.166625976563	675.1666870117188	
128.5549926757813	50739.5	950.5	1759.583374023438	725.1666870117188	
129.8040008544922	77576.25	1225.75	1626.25	600.1666870117188	
131.052001953125	49083.75	800.25	1351.	591.75	
132.3000030517578	54302.5	925.5	1559.416625976563	583.4166870117188	
133.5480041503906	52119.5	2076.5	1476.083374023438	625.25	
134.7960052490234	50488.5	825.5	1492.833374023438	525.	
136.0440063476563	49861.5	875.5	1693.	558.4166870117188	
137.2920074462891	50438.5	1075.75	1392.583374023438	608.3333129882813	
138.5399932861328	54628.5	1126.	1601.083374023438	591.8333129882813	
139.7879943847656	53675.	700.25	1976.583374023438	608.5	
141.0359954833984	52270.75	1251.	1476.	658.5	
142.2839965820313	253787.0625	1025.5	1334.333374023438	408.4166564941406	
143.5319976806641	51517.5	1801.	1667.916625976563	541.6666870117188	
144.781005859375	50363.	950.25	2018.333374023438	475.	
146.0290069580078	52997.75	1250.75	1617.75	550.	
147.2769927978516	49961.75	1050.5	1250.916625976563	591.8333129882813	
148.5249938964844	52647.5	1025.75	1701.25	700.25	
149.7729949951172	49259.	850.25	1492.666625976563	558.3333129882813	
151.02099609375	52998.	975.5	1693.	525.0833129882813	
152.2689971923828	50137.5	1175.5	1742.916625976563	491.6666564941406	
153.5169982910156	66129.25	1526.25	1384.333374023438	633.4166870117188	
154.7649993896484	89648.5	3579.	1409.333374023438	725.25	
156.0130004882813	52170.	1075.25	1334.166625976563	817.	
157.2610015869141	68095.5	925.5	1726.25	566.6666870117188	
158.5099945068359	52521.25	1301.	1601.083374023438	500.	
159.7579956054688	55306.25	1075.5	1492.666625976563	541.75	
161.0059967041016	53449.	1401.	1726.333374023438	466.75	
162.2539978027344	63200.	800.25	1476.083374023438	541.75	
163.5019989013672	81525.25	1075.5	1784.583374023438	1526.333374023438	
164.75	53926.	1025.75	1717.916625976563	491.75	
165.9980010986328	57188.25	950.5	1542.75	691.9166870117188	
167.2460021972656	49961.75	1501.	1501.	525.	
168.4940032958984	53349.25	1326.	1809.75	591.75	
169.7420043945313	56686.25	1651.25	1592.833374023438	758.6666870117188	
170.9900054931641	57540.5	1300.75	1751.25	508.4166564941406	
172.2389984130859	59197.	14031.	1717.916625976563	708.5833129882813	
173.4869995117188	54202.25	1125.75	1934.916625976563	558.4166870117188	
174.7350006103516	56184.25	2452.25	1467.75	425.	
175.9830017089844	85719.5	2152.	3822.083251953125	433.4166564941406	
177.2310028076172	52244.75	1350.75	1476.	566.75	
178.47900390625	55106.75	1476.	1718.083374023438	391.6666564941406	
179.7270050048828	54779.5	1250.75	1709.5	550.0833129882813	
180.9750061035156	59098.5	1325.5	2060.	691.8333129882813	
182.2230072021484	52772.	1000.25	1617.75	742.0833129882813	
183.4709930419922	52797.	1300.75	1350.916625976563	525.1666870117188	
184.718994140625	60252.25	1000.75	1576.166625976563	475.	
185.9680023193359	54478.	975.5	1651.25	491.75	
187.2160034179688	51442.25	2277.25	1476.	483.5	
188.4640045166016	54176.75	1225.75	1492.666625976563	433.3333435058594	
189.7120056152344	61985.75	1075.75	1584.5	475.0833435058594	
190.9600067138672	52746.5	1150.75	1626.25	291.6666564941406	
192.2079925537109	59524.5	1375.75	1509.333374023438	575.0833129882813	
193.4559936523438	54402.75	875.5	1576.	558.4166870117188	
194.7039947509766	56813.	1100.75	1376.	483.3333435058594	
195.9519958496094	62737.	8814.75	1551.083374023438	508.4166564941406	
197.1999969482422	54729.5	825.5	1726.333374023438	516.75	
198.447998046875	56636.5	1125.75	1634.583374023438	591.75	
199.6970062255859	51040.5	1326.	1659.5	450.0833435058594	
200.9450073242188	54679.25	1576.25	1868.25	391.6666564941406	
202.1929931640625	58596.75	1150.5	1517.75	383.3333435058594	
203.4409942626953	53775.75	1701.25	1451.166625976563	408.4166564941406	
204.6889953613281	69001.5	1300.75	1559.5	516.6666870117188	
205.9369964599609	81719.5	2802.5	1659.5	575.0833129882813	
207.1849975585938	54879.5	1701.	2819.333251953125	1142.583374023438	
208.4329986572266	72533.	2076.5	2293.5	483.5	
209.6809997558594	59097.25	2577.25	2343.75	625.1666870117188	
210.9290008544922	58268.	1401.	4888.91650390625	541.8333129882813	
212.177001953125	108139.	2477.	3044.5	616.9166870117188	
213.4259948730469	59096.	3003.	2702.333251953125	708.5833129882813	
214.6739959716797	66101.25	1651.25	3136.25	633.5833129882813	
215.9219970703125	61530.75	2226.75	3436.666748046875	575.25	
217.1699981689453	66577.5	2126.75	2001.5	591.75	
218.4179992675781	69765.75	14633.25	2435.416748046875	466.6666564941406	
219.6660003662109	96990.5	5307.	1818.083374023438	541.6666870117188	
220.9140014648438	67610.25	1551.25	1909.833374023438	566.8333129882813	
222.1620025634766	57815.75	1226.	2034.916625976563	608.4166870117188	
223.4100036621094	62459.5	2777.5	2076.666748046875	500.0833435058594	
224.6580047607422	55406.5	1125.75	1451.	391.6666564941406	
225.906005859375	59522.25	1200.5	1701.25	483.5	
227.1540069580078	368554.84375	1476.25	1375.833374023438	650.1666870117188	
228.4029998779297	57816.	1551.	1525.916625976563	475.	
229.6510009765625	65799.25	950.5	1459.25	558.5	
230.8990020751953	68413.5	850.5	2135.25	742.0833129882813	
232.1470031738281	56611.5	975.5	1526.083374023438	416.75	
233.3950042724609	67764.	1401.	1784.666625976563	416.75	
234.6430053710938	82410.75	1075.5	1592.833374023438	358.3333435058594	
235.8910064697266	65121.	1075.75	1442.666625976563	408.4166564941406	
237.1390075683594	62761.25	1276.	1676.166625976563	391.6666564941406	
238.3869934082031	69493.75	1400.75	1667.833374023438	433.3333435058594	
239.6349945068359	58593.75	1476.	1492.75	408.4166564941406	
240.8829956054688	64945.25	850.25	1325.916625976563	483.3333435058594	
242.1320037841797	59548.	2001.75	1509.166625976563	516.75	
243.3800048828125	66955.5	1200.75	1776.25	341.75	
244.6280059814453	68738.	1100.75	1743.083374023438	533.4166870117188	
245.8760070800781	69869.75	1325.75	1567.75	675.1666870117188	
247.1239929199219	83215.75	1250.75	1692.833374023438	475.	
248.3719940185547	63264.25	1301.	1617.75	558.4166870117188	
249.6199951171875	55080.5	875.25	3078.416748046875	516.75	
250.8679962158203	60527.5	1651.	1584.416625976563	508.3333435058594	
252.1159973144531	58443.5	1175.75	1743.	383.3333435058594	
253.3639984130859	59472.75	1351.	1509.5	383.3333435058594	
254.6119995117188	55482.5	1075.25	1809.583374023438	516.6666870117188	
255.8609924316406	87313.75	1376.	1542.833374023438	491.75	
257.1090087890625	58443.5	1826.5	1601.166625976563	466.75	
258.3569946289063	59773.5	3428.5	1626.25	616.8333129882813	
259.6050109863281	57966.5	2251.75	2193.5	466.75	
260.8529968261719	59171.25	1376.	1734.583374023438	450.0833435058594	
262.1010131835938	61229.75	1200.75	1651.25	700.25	
263.3489990234375	96586.	1400.75	1534.333374023438	400.	
264.5969848632813	65347.5	900.5	1542.916625976563	408.3333435058594	
265.8450012207031	66940.25	1426.	1659.583374023438	433.4166564941406	
267.0929870605469	54277.5	1025.5	1692.833374023438	425.0833435058594	
268.3410034179688	64623.75	1175.75	1584.416625976563	375.	
269.5899963378906	60577.25	1676.	1534.416625976563	341.6666564941406	
270.8380126953125	54152.5	1326.	1626.083374023438	383.3333435058594	
272.0859985351563	58318.75	1350.75	1476.	341.6666564941406	
273.3340148925781	54452.75	1350.75	1668.	416.6666564941406	
274.5820007324219	59775.5	1125.75	1626.083374023438	500.0833435058594	
275.8299865722656	69416.25	1000.5	1642.833374023438	508.5833435058594	
277.0780029296875	58895.5	1075.5	1642.916625976563	491.75	
278.3259887695313	60978.75	1100.5	1926.5	541.6666870117188	
279.5740051269531	57364.25	1901.5	1651.083374023438	925.4166870117188	
280.8219909667969	62134.	3553.5	1993.166625976563	716.9166870117188	
282.0700073242188	68033.	7434.	2018.416625976563	758.5833129882813	
283.3190002441406	219589.25	38923.75	3027.75	917.0833129882813	
284.5669860839844	137831.875	20339.75	3069.583251953125	4672.33349609375	
285.8150024414063	3295067.5	209404.03125	7051.5	1742.916625976563	
287.06298828125	400336.5	98213.0546875	4930.16650390625	337363.78125	
288.3110046386719	176543.890625	449245.53125	4921.83349609375	8134.66650390625	
289.5589904785156	337100.90625	83634.5703125	7550.66650390625	59340.2421875	
290.8070068359375	2022559.	48537.75	13582.9169921875	19060.333984375	
292.0549926757813	1160786.625	380101.5625	13090.75	23858.75	
293.3030090332031	1147848.	453008.6875	7258.25	25529.583984375	
294.5509948730469	966928.375	77298.5	4880.16650390625	21666.416015625	
295.7990112304688	932269.9375	97766.	7234.08349609375	11674.4169921875	
297.0480041503906	465524.53125	51712.75	4997.	10097.4169921875	
298.2959899902344	1215855.625	28978.5	4747.08349609375	7308.91650390625	
299.5440063476563	327087.78125	6857.5	9049.0830078125	5564.5	
300.7919921875	314639.78125	5881.5	2510.5	3511.916748046875	
302.0400085449219	152634.	4154.25	2093.25	10664.8330078125	
303.2879943847656	156194.	9162.	2360.333251953125	3103.083251953125	
304.5360107421875	109117.5	2527.25	2210.083251953125	1300.916625976563	
305.7839965820313	93291.	3278.25	1659.583374023438	891.9166870117188	
307.0320129394531	118690.	2327.	2360.25	933.8333129882813	
308.2799987792969	78132.75	2176.75	1476.083374023438	792.	
309.5280151367188	86231.5	1651.5	1642.833374023438	1034.	
310.7760009765625	82667.	1626.	1692.916625976563	708.5833129882813	
312.0249938964844	98279.	3779.	1642.833374023438	700.4166870117188	
313.2730102539063	72034.	950.75	1409.25	441.75	
314.52099609375	71858.75	1451.25	1642.916625976563	508.3333435058594	
315.7690124511719	80997.	825.25	2235.25	366.6666564941406	
317.0169982910156	174938.953125	1150.75	1801.25	550.0833129882813	
318.2650146484375	65096.75	1876.5	1542.75	416.6666564941406	
319.5130004882813	57590.75	1326.	1642.833374023438	558.5	
320.760986328125	61255.	1251.	1567.833374023438	867.1666870117188	
322.0090026855469	57942.	8639.	1926.5	858.5833129882813	
323.2569885253906	72595.25	24689.	3161.833251953125	933.75	
324.5050048828125	168984.46875	8235.	1893.25	741.9166870117188	
325.7539978027344	76613.25	11970.75	1476.	750.25	
327.0020141601563	143698.40625	11390.75	2226.666748046875	2920.583251953125	
328.25	77706.5	10514.	2810.833251953125	975.5	
329.4979858398438	82929.5	35862.	5348.	4890.25	
330.7460021972656	87008.75	19231.75	12518.4169921875	3136.666748046875	
331.9939880371094	279370.15625	18153.	5931.66650390625	2218.75	
333.2420043945313	90596.	18152.5	9469.75	1784.666625976563	
334.489990234375	93563.	57009.75	6683.	12607.6669921875	
335.7380065917969	339185.5625	24719.75	3678.666748046875	2610.916748046875	
336.9859924316406	97946.	21141.	2969.416748046875	2460.75	
338.2340087890625	83483.5	8735.25	3737.166748046875	1384.166625976563	
339.4830017089844	166116.25	6407.25	2552.166748046875	2819.583251953125	
340.7309875488281	67280.25	6132.	2460.416748046875	1910.	
341.97900390625	82169.5	6958.75	1993.333374023438	4104.	
343.2269897460938	77735.75	2977.5	2060.083251953125	4246.25	
344.4750061035156	122620.75	2151.75	2126.833251953125	23084.083984375	
345.7229919433594	97421.75	53679.78125	2034.916625976563	16723.083984375	
346.9710083007813	66125.25	7408.75	3186.5	81263.90625	
348.218994140625	84115.5	113818.953125	1951.333374023438	32462.583984375	
349.4670104980469	144552.5	15374.	1918.083374023438	41904.16796875	
350.7149963378906	165421.25	2933101.25	3854.166748046875	80644.8359375	
351.9630126953125	325569.5625	46488.25	2877.75	151079.125	
353.2120056152344	240915.625	39007.59375	3186.25	296545.0625	
354.4599914550781	169765.	136457.59375	4605.25	790474.875	
355.7080078125	401643.125	31759.75	3887.25	719614.4375	
356.9559936523438	194224.828125	207045.421875	5948.5	466921.25	
358.2040100097656	736992.875	45879.	4171.	564250.8125	
359.4519958496094	383025.	43951.5	5155.5	463792.75	
360.7000122070313	284297.5625	49957.25	3102.916748046875	569065.3125	
361.947998046875	172230.	22465.25	10759.5	390340.96875	
363.1960144042969	341087.5	34872.75	2660.666748046875	187263.328125	
364.4440002441406	212997.	15055.25	2343.75	175967.1875	
365.6919860839844	112439.	7633.75	2151.833251953125	138987.671875	
366.9410095214844	247051.671875	3453.25	2218.416748046875	143978.1875	
368.1889953613281	77310.	7609.25	1884.833374023438	74849.1640625	
369.43701171875	180809.875	6408.25	2118.25	61915.83203125	
370.6849975585938	65899.25	2502.	1634.583374023438	27694.	
371.9330139160156	68511.75	2051.5	1884.666625976563	29200.083984375	
373.1809997558594	61605.75	4580.	1801.25	22195.083984375	
374.4289855957031	64041.	2552.5	2794.416748046875	14280.0830078125	
375.677001953125	62912.	1200.75	1651.166625976563	10290.9169921875	
376.9249877929688	55532.	1000.5	1859.75	15028.75	
378.1730041503906	57640.25	1325.75	2059.916748046875	2994.416748046875	
379.4209899902344	65824.5	925.75	1901.5	3537.333251953125	
380.6690063476563	70828.25	1000.5	1592.833374023438	9777.6669921875	
381.9179992675781	54277.5	1050.5	1943.333374023438	1634.666625976563	
383.1659851074219	58192.5	1200.75	1901.583374023438	2152.083251953125	
384.4140014648438	60630.	1125.5	2201.916748046875	1142.5	
385.6619873046875	95050.75	950.75	1567.75	675.25	
386.9100036621094	54754.25	2802.75	1567.75	516.75	
388.1579895019531	58142.5	1476.	1359.333374023438	850.5	
389.406005859375	54955.	1100.5	2193.583251953125	491.8333435058594	
390.6539916992188	55908.5	1076.	1676.25	483.4166564941406	
391.9020080566406	56887.25	1225.75	1901.416625976563	717.	
393.1499938964844	57841.25	1175.75	1868.	358.3333435058594	
394.3980102539063	59125.25	775.25	1592.833374023438	525.1666870117188	
395.6470031738281	57691.5	850.25	1734.583374023438	483.4166564941406	
396.8949890136719	51994.25	1276.	1876.416625976563	383.4166564941406	
398.1430053710938	52948.5	525.	1818.166625976563	400.0833435058594	
399.3909912109375	62414.75	800.25	1626.333374023438	366.75	
400.6390075683594	51065.75	1350.75	1893.166625976563	491.9166564941406	
401.8869934082031	54302.5	1325.75	1609.416625976563	300.	
403.135009765625	52470.75	1100.75	1526.166625976563	366.6666564941406	
404.3829956054688	51141.	4079.	1818.	1501.166625976563	
405.6310119628906	62836.	53627.5	4120.91650390625	2468.75	
406.8789978027344	83834.	99219.5	4671.41650390625	3703.583251953125	
408.1270141601563	99324.	129688.	4095.916748046875	3228.	
409.3760070800781	85619.5	97862.5	4170.83349609375	3478.333251953125	
410.6239929199219	75621.75	96283.	3394.833251953125	2310.25	
411.8720092773438	64969.5	69946.5	3303.083251953125	2185.166748046875	
413.1199951171875	63538.75	50993.	2910.916748046875	2076.833251953125	
414.3680114746094	56260.25	33085.5	2627.333251953125	1392.75	
415.6159973144531	60828.25	33016.	2485.666748046875	1425.833374023438	
416.864013671875	60652.75	19103.	1926.5	875.4166870117188	
418.1119995117188	92396.25	11440.	2084.916748046875	883.75	
419.3599853515625	57740.5	12015.5	1717.916625976563	800.4166870117188	
420.6080017089844	60327.75	7733.75	1751.333374023438	633.4166870117188	
421.8559875488281	52144.75	4104.25	1601.166625976563	500.	
423.1050109863281	52546.	5806.75	1592.666625976563	583.5	
424.3529968261719	53047.75	3328.	1351.	400.	
425.6010131835938	52144.5	2076.75	1467.833374023438	341.6666564941406	
426.8489990234375	53022.5	1801.5	2427.333251953125	333.3333435058594	
428.0969848632813	54503.	1901.25	1392.583374023438	416.75	
429.3450012207031	51442.5	1275.75	1567.666625976563	391.75	
430.5929870605469	54955.	1100.75	1284.	333.3333435058594	
431.8410034179688	53625.75	925.5	1567.916625976563	375.0833435058594	
433.0889892578125	52947.5	1425.75	1400.833374023438	191.6666717529297	
434.3370056152344	50137.5	1050.75	1342.583374023438	508.5	
435.5849914550781	51918.75	950.5	1584.416625976563	325.	
436.8340148925781	52696.75	1226.	1392.583374023438	391.6666564941406	
438.0820007324219	51743.25	1225.75	1359.166625976563	341.6666564941406	
439.3299865722656	51015.5	900.25	1567.916625976563	350.	
440.5780029296875	51642.75	625.	1517.75	358.3333435058594	
441.8259887695313	50790.	1200.75	1517.75	358.3333435058594	
443.0740051269531	50438.5	950.5	1467.75	283.3333435058594	
444.3219909667969	52220.	1150.75	1684.666625976563	325.	
445.5700073242188	52446.	1651.25	1576.083374023438	408.4166564941406	
446.8179931640625	49911.75	875.25	1701.166625976563	375.	
448.0660095214844	48783.	950.5	1417.666625976563	316.75	
449.3139953613281	52345.75	975.5	1359.333374023438	316.6666564941406	
450.56298828125	48758.	1801.5	1267.416625976563	275.	
451.8110046386719	60753.	2802.5	1334.166625976563	300.	
453.0589904785156	62686.	3203.	1651.083374023438	291.6666564941406	
454.3070068359375	56385.5	4029.	1751.333374023438	508.3333435058594	
455.5549926757813	55657.5	3528.5	1517.666625976563	391.6666564941406	
456.8030090332031	54352.75	2927.75	1684.5	408.3333435058594	
458.0509948730469	76717.	2402.	1409.25	308.3333435058594	
459.2990112304688	54151.75	2176.75	1392.75	375.	
460.5469970703125	53600.	1801.25	1501.083374023438	350.	
461.7950134277344	51116.25	1326.	1467.666625976563	383.4166564941406	
463.0429992675781	50463.75	1501.	1509.25	200.	
464.2909851074219	51392.	1226.	1626.166625976563	300.	
465.5400085449219	51065.75	1000.25	1309.166625976563	375.0833435058594	
466.7879943847656	52546.5	1150.75	1634.5	325.	
468.0360107421875	52119.25	1050.75	1509.25	308.3333435058594	
469.2839965820313	53299.25	1150.5	1434.25	333.3333435058594	
470.5320129394531	51241.25	1175.75	1709.666625976563	316.6666564941406	
471.7799987792969	51768.5	1300.75	1326.083374023438	216.6666717529297	
473.0280151367188	50689.5	975.5	1309.166625976563	333.3333435058594	
474.2760009765625	51417.25	925.5	1442.833374023438	366.6666564941406	
475.5239868164063	49585.75	925.5	1392.666625976563	241.6666717529297	
476.7720031738281	50789.75	1226.	1592.916625976563	275.	
478.0199890136719	50338.25	1251.	1543.	283.3333435058594	
479.2690124511719	48858.	950.5	1459.416625976563	250.	
480.5169982910156	50062.	1326.	1484.416625976563	366.6666564941406	
481.7650146484375	51241.5	1050.75	1375.916625976563	333.3333435058594	
483.0130004882813	52747.	1000.75	1584.416625976563	325.	
484.260986328125	68874.5	1351.	1634.5	400.0833435058594	
485.5090026855469	53123.	1075.5	1567.833374023438	291.6666564941406	
486.7569885253906	50740.	775.25	1584.5	341.6666564941406	
488.0050048828125	49811.	1150.75	1509.166625976563	241.6666717529297	
489.2529907226563	48507.	775.	1484.416625976563	233.3333282470703	
490.5010070800781	53424.75	1050.5	1634.416625976563	275.	
491.7489929199219	51091.	850.5	1559.5	316.6666564941406	
492.9979858398438	48556.75	825.5	1584.583374023438	266.6666564941406	
494.2460021972656	47252.75	700.25	1459.333374023438	241.6666717529297	
495.4939880371094	53173.5	975.75	1442.75	291.6666564941406	
496.7420043945313	50664.5	1250.75	1242.333374023438	258.3333435058594	
497.989990234375	50438.5	950.5	1526.	241.6666717529297	
499.2380065917969	49685.75	1150.75	1475.916625976563	408.3333435058594	
500.4859924316406	51191.	775.25	1167.333374023438	250.	
501.7340087890625	50815.25	1000.5	1542.833374023438	358.4166564941406	
502.9819946289063	49309.5	1151.	1534.5	350.	
504.2300109863281	49610.75	1050.75	1309.083374023438	391.6666564941406	
505.4779968261719	51943.75	975.5	1576.083374023438	441.6666564941406	
506.7269897460938	50237.75	875.5	1476.083374023438	300.	
507.9750061035156	52370.75	1150.75	1200.833374023438	150.	
509.2229919433594	52721.75	875.75	1401.	258.3333435058594	
510.4710083007813	51919.75	1175.75	1467.666625976563	225.	
511.718994140625	53826.25	1150.5	1526.083374023438	225.	
512.9669799804688	52270.	1075.25	1459.416625976563	175.	
514.2150268554688	49334.75	900.25	1509.5	316.6666564941406	
515.4630126953125	52119.5	1000.5	1459.333374023438	241.6666717529297	
516.7109985351563	48707.75	1201.	1784.75	308.3333435058594	
517.958984375	49083.75	1050.75	1401.083374023438	375.0833435058594	
519.2069702148438	50915.	875.25	1526.	233.3333282470703	
520.4559936523438	50840.	1075.75	1175.583374023438	283.3333435058594	
521.7039794921875	50789.75	1000.5	1609.5	225.	
522.9520263671875	54704.75	1150.75	1467.75	433.4166564941406	
524.2000122070313	51718.5	800.5	1459.416625976563	358.3333435058594	
525.447998046875	51467.25	1226.	1417.583374023438	233.3333282470703	
526.6959838867188	49761.	1426.	1734.5	358.3333435058594	
527.9439697265625	50589.	850.5	1667.833374023438	400.	
529.1920166015625	48958.25	1025.5	1626.25	350.	
530.4400024414063	51191.25	1025.5	1434.25	316.6666564941406	
531.68798828125	50137.75	725.25	1542.833374023438	283.3333435058594	
532.9359741210938	49234.5	825.5	1901.5	216.6666717529297	
534.1840209960938	51543.	925.5	1434.333374023438	316.6666564941406	
535.4329833984375	65738.5	1225.75	1459.5	291.6666564941406	
536.6810302734375	61840.75	1025.5	1509.5	300.	
537.9290161132813	51492.25	1125.75	2577.5	441.6666564941406	
539.177001953125	49736.25	775.25	1259.25	266.6666564941406	
540.4249877929688	51417.	975.5	1626.166625976563	358.3333435058594	
541.6729736328125	50213.25	850.5	1417.666625976563	375.	
542.9210205078125	51517.25	1125.75	1459.416625976563	241.6666717529297	
544.1690063476563	51266.5	1100.5	1534.416625976563	291.75	
545.4169921875	51918.75	1050.75	1401.	433.3333435058594	
546.6649780273438	147349.1875	975.5	1392.583374023438	408.4166564941406	
547.9130249023438	51743.	1025.5	1476.083374023438	291.6666564941406	
549.1619873046875	58296.25	1326.	1375.916625976563	333.3333435058594	
550.4099731445313	56661.75	1000.75	1450.916625976563	250.	
551.6580200195313	51643.	975.5	1259.166625976563	316.6666564941406	
552.906005859375	52796.75	1201.	1551.166625976563	283.3333435058594	
554.1539916992188	50940.75	800.25	1534.416625976563	200.	
555.4019775390625	51241.25	1151.	1359.166625976563	233.3333282470703	
556.6500244140625	50814.75	1050.75	1409.333374023438	250.	
557.8980102539063	51015.5	1000.5	1400.833374023438	333.3333435058594	
559.14599609375	51442.	1351.	1492.833374023438	283.3333435058594	
560.3939819335938	50413.5	1401.	1484.25	266.6666564941406	
561.6420288085938	52120.75	1100.5	1400.916625976563	266.6666564941406	
562.8909912109375	75335.	1250.75	1534.333374023438	275.	
564.1389770507813	50814.75	950.5	1676.25	425.0833435058594	
565.3870239257813	54754.	1075.75	1367.666625976563	225.	
566.635009765625	51241.5	725.5	1651.25	241.6666717529297	
567.8829956054688	50739.5	975.25	1425.916625976563	283.3333435058594	
569.1309814453125	51517.25	2602.25	1492.75	792.	
570.3790283203125	135902.	44929.5	2652.333251953125	1868.166625976563	
571.6270141601563	484731.78125	111326.5	5189.	3803.583251953125	
572.875	424066.	203330.	5564.33349609375	5414.16650390625	
574.1229858398438	2724365.75	302592.	6440.41650390625	7208.5	
575.3709716796875	718215.3125	374979.03125	5547.58349609375	5322.33349609375	
576.6199951171875	578624.125	265883.	5172.	4488.08349609375	
577.8679809570313	4785009.5	182008.	5330.75	3469.833251953125	
579.1160278320313	361925.125	156992.5	3653.5	2276.75	
580.364013671875	244508.	113572.	3929.	2201.666748046875	
581.6119995117188	633058.6875	97954.	4521.58349609375	1467.5	
582.8599853515625	221683.	47253.5	2051.666748046875	925.5	
584.1079711914063	136848.5	40106.25	2260.333251953125	875.4166870117188	
585.3560180664063	110520.	24464.75	2068.5	500.	
586.60400390625	172288.9375	16372.75	1826.416625976563	516.6666870117188	
587.8519897460938	89467.5	13318.	1434.416625976563	458.4166564941406	
589.0999755859375	74210.5	8384.5	1509.333374023438	466.75	
590.3489990234375	71197.75	8034.25	1325.833374023438	516.75	
591.5969848632813	75420.5	4379.5	1517.75	316.6666564941406	
592.844970703125	80228.25	4980.	1709.583374023438	333.3333435058594	
594.093017578125	58820.25	2401.75	1367.5	300.	
595.3410034179688	57188.5	1951.5	1425.916625976563	308.3333435058594	
596.5889892578125	60652.75	1751.25	1684.583374023438	266.6666564941406	
597.8369750976563	53449.25	1476.	1350.916625976563	308.3333435058594	
599.0850219726563	56059.25	1701.25	1350.916625976563	325.	
600.3330078125	84897.	1276.	1567.916625976563	200.	
601.5809936523438	70373.25	1050.5	1576.166625976563	283.3333435058594	
602.8289794921875	53600.5	1125.75	1601.166625976563	300.	
604.0770263671875	53073.	1075.75	1784.75	258.3333435058594	
605.3259887695313	55833.5	1050.5	1425.916625976563	341.6666564941406	
606.573974609375	52295.25	1250.75	1517.666625976563	291.6666564941406	
607.822021484375	52948.	825.25	1534.416625976563	350.0833435058594	
609.0700073242188	64701.75	875.5	1476.	341.6666564941406	
610.3179931640625	51893.5	1250.75	1534.416625976563	166.6666717529297	
611.5659790039063	53675.	1100.5	1451.083374023438	350.	
612.8140258789063	50588.75	1476.	1317.5	225.	
614.06201171875	51918.75	1125.5	1342.666625976563	200.	
615.3099975585938	52947.75	1175.75	1325.916625976563	183.3333282470703	
616.5579833984375	51191.	850.25	1434.166625976563	283.3333435058594	
617.8060302734375	50789.75	1000.5	1417.5	208.3333282470703	
619.0549926757813	49334.75	1426.	1367.75	283.3333435058594	
620.302978515625	52421.5	1150.75	1617.916625976563	325.	
621.551025390625	52295.25	1025.75	1526.083374023438	258.3333435058594	
622.7990112304688	53073.	1175.75	1467.75	225.	
624.0469970703125	52295.5	1000.75	1517.666625976563	258.3333435058594	
625.2949829101563	52470.5	950.5	1450.75	350.	
626.5430297851563	51969.	1050.75	1459.25	358.3333435058594	
627.791015625	53424.5	975.25	1584.5	216.6666717529297	
629.0390014648438	53700.5	875.5	1442.583374023438	275.	
630.2869873046875	56036.5	1526.	1551.	275.	
631.5349731445313	50764.75	800.25	1567.75	325.	
632.7839965820313	51417.	875.5	1392.666625976563	225.	
634.031982421875	59803.75	1726.5	1693.083374023438	333.3333435058594	
635.280029296875	54553.75	1501.	1492.583374023438	275.	
636.5280151367188	51040.75	1100.75	1601.166625976563	250.	
637.7760009765625	51291.75	1375.75	1175.666625976563	308.3333435058594	
639.0239868164063	51944.	1075.5	1476.	300.	
640.27197265625	52295.25	1025.5	1567.916625976563	283.3333435058594	
641.52001953125	50714.75	1401.	1801.333374023438	300.	
642.7680053710938	53273.75	775.25	1384.25	266.6666564941406	
644.0159912109375	53826.	950.5	1559.5	250.	
645.2639770507813	51893.75	700.	1325.833374023438	258.3333435058594	
646.5130004882813	51392.	850.5	1517.833374023438	341.6666564941406	
647.760986328125	51341.5	1350.75	1442.5	300.	
649.0089721679688	52872.75	1051.	1409.083374023438	241.6666717529297	
650.2570190429688	56361.25	1050.5	1526.083374023438	350.	
651.5050048828125	52747.	1150.75	1542.75	300.	
652.7529907226563	52219.75	1150.75	1367.583374023438	291.6666564941406	
654.0009765625	51066.	900.5	1642.916625976563	308.3333435058594	
655.2490234375	66216.25	825.5	1334.166625976563	333.3333435058594	
656.4970092773438	51818.75	775.25	1409.25	233.4166717529297	
657.7449951171875	80549.75	1176.	1426.	300.	
658.9929809570313	53399.	1225.75	1676.416625976563	333.3333435058594	
660.2420043945313	70220.5	900.5	1576.083374023438	341.75	
661.489990234375	52822.	800.25	1534.5	300.	
662.7379760742188	51943.75	1025.5	1317.5	316.6666564941406	
663.9860229492188	51517.5	1226.	1259.25	350.0833435058594	
665.2340087890625	52847.	850.5	1534.416625976563	408.4166564941406	
666.4819946289063	51718.	1125.5	1576.083374023438	241.6666717529297	
667.72998046875	60201.75	900.25	1384.25	333.3333435058594	
668.97802734375	52571.	900.25	1484.666625976563	258.3333435058594	
670.2260131835938	138794.75	975.25	1359.25	300.	
671.4739990234375	58243.5	925.25	1409.25	300.	
672.7219848632813	69086.	775.5	1350.833374023438	216.6666717529297	
673.9710083007813	50814.75	750.	1434.416625976563	200.	
675.218994140625	60331.	1150.75	1442.583374023438	300.	
676.4669799804688	54026.75	1075.75	1601.083374023438	408.3333435058594	
677.7150268554688	59448.75	925.5	1442.583374023438	300.	
678.9630126953125	53324.25	1025.5	1392.583374023438	333.3333435058594	
680.2109985351563	55206.	1251.	1467.666625976563	300.	
681.458984375	368119.65625	1075.75	1526.	316.6666564941406	
682.7069702148438	55130.5	1225.5	1551.083374023438	250.	
683.9550170898438	55608.75	925.5	1317.583374023438	258.3333435058594	
685.2030029296875	168495.65625	1075.75	1334.083374023438	258.3333435058594	
686.4509887695313	51442.25	1175.75	1667.916625976563	316.6666564941406	
687.698974609375	59876.	775.	1317.583374023438	250.	
688.947998046875	51668.	1025.75	1300.666625976563	333.3333435058594	
690.1959838867188	57992.5	1175.75	1542.916625976563	200.	
691.4439697265625	56360.5	850.25	1868.166625976563	308.3333435058594	
692.6920166015625	87996.75	1050.75	1325.916625976563	291.6666564941406	
693.9400024414063	52596.25	900.25	1309.25	400.	
695.18798828125	53198.5	1000.5	1442.666625976563	316.6666564941406	
696.4359741210938	52420.75	775.	1467.666625976563	275.	
697.6840209960938	68289.25	1075.5	1417.5	275.	
698.9320068359375	55206.5	1275.75	1584.416625976563	275.	
700.1799926757813	64147.25	950.5	1542.75	408.4166564941406	
701.427978515625	56987.75	1000.75	1642.833374023438	250.	
702.677001953125	51191.25	1301.	1567.666625976563	250.	
703.9249877929688	58720.5	1526.25	1567.833374023438	258.3333435058594	
705.1729736328125	52696.5	875.25	1300.916625976563	291.6666564941406	
706.4210205078125	68784.25	1250.75	1492.833374023438	275.	
707.6690063476563	54252.25	1075.75	1234.083374023438	308.3333435058594	
708.9169921875	53223.5	1200.75	1417.583374023438	225.	
710.1649780273438	54076.75	900.5	1734.75	308.3333435058594	
711.4130249023438	54879.75	825.25	1534.333374023438	250.	
712.6610107421875	50212.75	1050.25	1384.166625976563	366.6666564941406	
713.9089965820313	47829.25	975.75	1409.333374023438	258.3333435058594	
715.156982421875	49937.	975.5	1375.75	283.3333435058594	
716.406005859375	50765.	1100.75	1542.666625976563	241.6666717529297	
717.6539916992188	52596.25	800.	1384.083374023438	275.	
718.9019775390625	61635.75	1075.75	1743.083374023438	300.	
720.1500244140625	50890.	925.5	1476.083374023438	241.6666717529297	
721.3980102539063	50338.	475.	1284.083374023438	250.	
722.64599609375	60304.	925.5	1584.416625976563	258.3333435058594	
723.8939819335938	78827.	925.5	1275.75	225.	
725.1420288085938	54128.25	1025.5	1576.083374023438	250.	
726.3900146484375	53775.5	1175.75	1384.25	308.3333435058594	
727.6380004882813	59374.	925.25	1626.25	375.0833435058594	
728.885986328125	55532.	925.75	1501.083374023438	250.	
730.135009765625	55081.75	1350.75	1626.083374023438	391.6666564941406	
731.3829956054688	51693.25	950.5	1384.25	308.3333435058594	
732.6309814453125	54879.5	1025.75	1376.083374023438	350.0833435058594	
733.8790283203125	51216.25	750.25	1434.166625976563	383.3333435058594	
735.1270141601563	70057.75	1501.25	1234.166625976563	250.	
736.375	54981.	950.5	1601.166625976563	341.6666564941406	
737.6229858398438	52721.5	950.75	1442.583374023438	225.	
738.8709716796875	85170.25	725.	1526.25	316.6666564941406	
740.1190185546875	51969.25	1401.25	1467.666625976563	275.	
741.3670043945313	54327.5	900.5	1476.083374023438	266.6666564941406	
742.614990234375	57013.	1275.75	1417.666625976563	316.75	
743.864013671875	54679.	750.25	1567.833374023438	408.4166564941406	
745.1119995117188	70370.	2001.75	1376.	575.3333129882813	
746.3599853515625	255969.765625	6207.	1492.666625976563	450.	
747.6079711914063	131570.5	6332.25	1384.166625976563	275.	
748.8560180664063	91260.25	5205.75	1509.5	291.6666564941406	
750.10400390625	140967.90625	19860.	1551.083374023438	308.3333435058594	
751.3519897460938	65524.75	2927.5	1617.833374023438	141.6666717529297	
752.5999755859375	94584.5	4229.25	1517.583374023438	325.	
753.8480224609375	82101.5	2327.	1509.583374023438	258.3333435058594	
755.0960083007813	63015.5	1626.25	1384.333374023438	625.3333129882813	
756.343994140625	63795.5	1150.75	1401.	241.6666717529297	
757.5919799804688	158205.375	3579.	1609.416625976563	225.	
758.8410034179688	80949.625	5356.25	1642.75	458.5	
760.0889892578125	2938539.5	2577.5	1759.666625976563	300.	
761.3369750976563	518326.	24507.5	1634.5	316.6666564941406	
762.5850219726563	664853.875	4605.	1509.5	308.4166564941406	
763.8330078125	141866.5	5506.	1709.583374023438	383.3333435058594	
765.0809936523438	2489026.	29186.75	1592.75	258.3333435058594	
766.3289794921875	156291.5	72160.75	1434.25	1443.	
767.5770263671875	73535.28125	2652.25	1417.583374023438	266.6666564941406	
768.8250122070313	133343.5	2452.	1400.916625976563	283.3333435058594	
770.072998046875	73836.75	1551.	1334.25	275.	
771.3209838867188	86463.	1326.	1501.	233.3333282470703	
772.5700073242188	89282.75	1100.75	1367.583374023438	308.3333435058594	
773.8179931640625	63694.25	1276.	1442.666625976563	208.3333282470703	
775.0659790039063	59146.75	675.	1642.833374023438	275.	
776.3140258789063	59226.	1225.75	1184.	258.3333435058594	
777.56201171875	58067.	1301.	1534.416625976563	266.6666564941406	
778.8099975585938	53424.25	875.5	1526.	191.6666717529297	
780.0579833984375	55206.	825.25	1568.	216.6666717529297	
781.3060302734375	70178.25	1125.5	1500.916625976563	250.	
782.5540161132813	58946.25	1175.5	1467.75	266.6666564941406	
783.802001953125	79953.	1050.5	1417.75	250.	
785.0499877929688	57264.	950.5	1467.583374023438	241.6666717529297	
786.2990112304688	55532.25	900.25	1367.583374023438	250.	
787.5469970703125	57766.5	1225.75	1467.75	291.6666564941406	
788.7949829101563	52571.25	850.25	1384.333374023438	233.3333282470703	
790.0430297851563	57916.	800.25	1551.	258.4166564941406	
791.291015625	56762.	850.25	1601.083374023438	141.6666717529297	
792.5390014648438	69083.25	1150.75	1526.166625976563	300.	
793.7869873046875	60503.25	1250.75	1467.666625976563	383.3333435058594	
795.0349731445313	57590.	850.	1492.75	391.75	
796.2830200195313	48933.5	875.25	1442.666625976563	333.4166564941406	
797.531005859375	70946.	975.25	1584.5	333.3333435058594	
798.7789916992188	62440.25	850.5	1526.	241.6666717529297	
800.0280151367188	53725.25	1251.	1375.833374023438	208.3333282470703	
801.2760009765625	65735.	1100.75	1342.583374023438	258.3333435058594	
802.5239868164063	56737.25	700.25	1451.	258.3333435058594	
803.77197265625	56713.25	875.5	1284.166625976563	300.	
805.02001953125	52345.75	1300.75	1567.75	200.	
806.2680053710938	55407.5	650.	1325.916625976563	350.	
807.5159912109375	53750.5	1000.5	1542.75	291.6666564941406	
808.7639770507813	52596.	1050.25	1576.166625976563	333.3333435058594	
810.0120239257813	53927.	1001.	1367.5	233.3333282470703	
811.260009765625	59473.75	1226.	1459.333374023438	283.3333435058594	
812.5079956054688	55633.	1150.5	1817.916625976563	258.3333435058594	
813.7570190429688	61966.5	725.5	1325.833374023438	225.	
815.0050048828125	51517.25	1025.5	1292.416625976563	208.3333282470703	
816.2529907226563	53850.75	775.25	1534.416625976563	316.6666564941406	
817.5009765625	51944.	1125.75	1342.583374023438	425.	
818.7490234375	52169.5	825.25	1451.083374023438	291.6666564941406	
819.9970092773438	56085.25	1250.75	1300.75	266.75	
821.2449951171875	54479.	775.25	1584.416625976563	358.3333435058594	
822.4929809570313	55532.25	875.25	1375.916625976563	250.	
823.7410278320313	49033.5	950.5	1534.416625976563	475.1666564941406	
824.989013671875	54954.75	1100.75	1451.166625976563	366.6666564941406	
826.2369995117188	53625.25	925.5	1567.916625976563	316.75	
827.4849853515625	54227.25	1301.	1592.833374023438	333.3333435058594	
828.7340087890625	91830.5	5731.	1601.166625976563	550.0833129882813	
829.9819946289063	153750.5625	22714.75	1759.666625976563	683.5833129882813	
831.22998046875	672099.6875	17624.75	1676.166625976563	491.6666564941406	
832.47802734375	135594.	15571.25	2293.75	742.	
833.7260131835938	127929.	14719.75	1509.5	500.1666564941406	
834.9739990234375	111495.	13493.5	1642.75	500.0833435058594	
836.2219848632813	101762.5	9511.5	1375.833374023438	450.0833435058594	
837.469970703125	92260.5	16756.5	1993.25	308.3333435058594	
838.718017578125	72830.	9711.75	1626.166625976563	383.4166564941406	
839.9660034179688	139377.1875	4179.	1651.166625976563	433.3333435058594	
841.2139892578125	64166.	3503.25	1367.583374023438	333.3333435058594	
842.4630126953125	70198.	3052.75	1634.583374023438	466.8333435058594	
843.7109985351563	65900.	1951.5	1559.333374023438	225.	
844.958984375	62109.	1726.25	1367.666625976563	225.	
846.2069702148438	89812.25	2702.25	1609.5	216.6666717529297	
847.4550170898438	63414.25	1626.	1551.083374023438	333.3333435058594	
848.7030029296875	57842.5	1150.75	1743.083374023438	358.3333435058594	
849.9509887695313	57289.	1226.	1534.416625976563	258.4166564941406	
851.198974609375	66101.	950.5	1426.166625976563	275.	
852.447021484375	59422.5	1125.75	1617.916625976563	325.	
853.6950073242188	55960.	1025.5	1467.666625976563	225.	
854.9429931640625	51868.75	700.25	1217.5	200.	
856.1920166015625	53800.5	1000.5	1592.916625976563	150.	
857.4400024414063	62761.5	1151.	1601.166625976563	250.	
858.68798828125	58494.75	1125.5	1292.416625976563	250.	
859.9359741210938	51416.75	1200.75	1376.	250.	
861.1840209960938	57264.25	1601.	1417.666625976563	225.0833282470703	
862.4320068359375	57691.75	1175.75	1450.916625976563	266.6666564941406	
863.6799926757813	54829.5	1025.5	1359.333374023438	275.	
864.927978515625	53976.5	1075.25	1401.083374023438	366.6666564941406	
866.176025390625	59572.5	950.25	1475.916625976563	275.	
867.4240112304688	55883.5	1050.5	1584.583374023438	183.3333282470703	
868.6719970703125	58495.5	1050.5	1576.25	300.	
869.9210205078125	52997.5	1050.75	1384.333374023438	241.6666717529297	
871.1690063476563	61107.75	925.25	1367.666625976563	216.6666717529297	
872.4169921875	56511.	975.25	1425.916625976563	241.6666717529297	
873.6649780273438	54956.25	1100.75	1367.416625976563	316.75	
874.9130249023438	73521.5	1025.75	1467.666625976563	225.	
876.1610107421875	60527.	1050.5	1384.083374023438	283.3333435058594	
877.4089965820313	57540.	1075.75	1509.5	258.3333435058594	
878.656982421875	58242.5	1176.	1359.25	208.3333282470703	
879.905029296875	66352.5	950.5	1250.666625976563	308.3333435058594	
881.1530151367188	68616.5	1325.75	1476.	300.	
882.4010009765625	59875.	1125.75	1576.083374023438	275.	
883.6500244140625	74265.	875.5	1542.75	458.5833435058594	
884.8980102539063	1118539.875	1225.75	1442.666625976563	250.	
886.14599609375	75070.	1100.25	1376.	275.	
887.3939819335938	63817.5	850.25	1501.083374023438	250.	
888.6420288085938	99563.	1901.5	1467.75	300.	
889.8900146484375	61380.5	1226.	1351.	291.6666564941406	
891.1380004882813	83256.5	900.25	1334.333374023438	316.6666564941406	
892.385986328125	121229.75	825.25	1375.833374023438	216.6666717529297	
893.6339721679688	65196.25	1025.75	1426.083374023438	241.6666717529297	
894.8820190429688	70473.5	1050.5	1284.083374023438	225.	
896.1300048828125	70923.25	1576.	1400.916625976563	316.6666564941406	
897.3790283203125	65000.25	1326.	1484.333374023438	241.6666717529297	
898.6270141601563	62159.	950.25	1384.333374023438	275.	
899.875	73208.25	975.5	1601.	275.	
901.1229858398438	79628.5	900.75	1375.916625976563	191.6666717529297	
902.3709716796875	59397.	850.5	1526.166625976563	275.	
903.6190185546875	64846.	975.5	1275.75	216.6666717529297	
904.8670043945313	71557.25	1125.75	1475.916625976563	183.3333282470703	
906.114990234375	89638.	1275.75	1225.75	158.3333282470703	
907.3629760742188	81175.5	925.5	1676.333374023438	275.	
908.6110229492188	63366.25	875.5	1634.416625976563	266.6666564941406	
909.8590087890625	60603.25	1050.75	1242.416625976563	233.3333282470703	
911.1069946289063	60326.75	1075.5	1459.25	200.	
912.3560180664063	98588.	1075.5	1367.416625976563	241.6666717529297	
913.60400390625	83727.5	950.25	1351.	250.	
914.8519897460938	69597.	875.25	1359.333374023438	216.6666717529297	
916.0999755859375	90384.75	1301.	1376.083374023438	275.	
917.3480224609375	99176.703125	1075.5	1542.833374023438	250.	
918.5960083007813	70902.	1175.5	1492.833374023438	275.	
919.843994140625	82862.5	675.	1517.75	191.6666717529297	
921.0919799804688	67384.25	675.25	1384.25	225.	
922.3400268554688	73517.	1150.75	1309.166625976563	291.6666564941406	
923.5880126953125	63291.5	775.5	1409.25	241.6666717529297	
924.8359985351563	60401.5	1301.	1509.333374023438	258.3333435058594	
926.0850219726563	68372.75	1050.5	1417.666625976563	308.3333435058594	
927.3330078125	112564.75	925.5	1525.833374023438	158.3333282470703	
928.5809936523438	62033.	800.	1434.25	233.3333282470703	
929.8289794921875	77822.5	1075.5	1342.583374023438	258.3333435058594	
931.0770263671875	57489.5	1351.	1459.333374023438	233.3333282470703	
932.3250122070313	183019.3125	1000.5	1226.	308.3333435058594	
933.572998046875	90461.	4931.25	1317.416625976563	208.3333282470703	
934.8209838867188	59096.5	1375.75	1409.25	241.6666717529297	
936.0689697265625	56962.25	1201.	1284.25	266.6666564941406	
937.3170166015625	56988.25	1125.75	1459.416625976563	175.	
938.5650024414063	56837.	1651.25	1567.666625976563	216.6666717529297	
939.8140258789063	94530.25	1626.	1667.916625976563	450.0833435058594	
941.06201171875	74823.	1876.5	1859.916625976563	316.6666564941406	
942.3099975585938	105134.	5281.	1659.5	391.75	
943.5579833984375	73887.5	4505.25	14266.5	391.6666564941406	
944.8060302734375	612742.0625	4029.	1417.416625976563	942.1666870117188	
946.0540161132813	134091.	2251.75	2001.583374023438	450.0833435058594	
947.302001953125	80382.25	1050.5	1826.333374023438	400.0833435058594	
948.5499877929688	117534.	5456.	2126.75	1359.583374023438	
949.7979736328125	80325.	2777.5	1684.583374023438	416.75	
951.0460205078125	96949.75	2627.25	1576.083374023438	2620.	
952.2940063476563	108715.	1250.75	1659.75	325.0833435058594	
953.5430297851563	54354.25	1276.	1442.75	333.3333435058594	
954.791015625	65952.	1125.75	1626.166625976563	341.6666564941406	
956.0390014648438	53248.75	925.5	1667.833374023438	300.	
957.2869873046875	52521.	900.5	1417.5	483.5	
958.5349731445313	58320.5	1300.75	1567.833374023438	350.	
959.7830200195313	51216.25	1000.5	1526.083374023438	266.6666564941406	
961.031005859375	50840.25	2077.	1392.416625976563	316.6666564941406	
962.2789916992188	50464.	1176.	1125.75	183.3333282470703	
963.5269775390625	49610.5	1000.75	1384.333374023438	300.	
964.7750244140625	51520.	1075.5	1434.25	233.3333282470703	
966.0230102539063	50489.	1100.75	1509.5	266.6666564941406	
967.27197265625	46951.75	975.5	1225.666625976563	216.6666717529297	
968.52001953125	47879.75	850.25	1542.666625976563	175.	
969.7680053710938	49209.25	1175.5	1484.5	241.6666717529297	
971.0159912109375	48055.5	1025.75	1284.333374023438	300.	
972.2639770507813	48833.	925.25	1475.916625976563	250.	
973.5120239257813	48782.75	975.75	1576.	358.3333435058594	
974.760009765625	47879.75	1100.75	1309.25	250.	
976.0079956054688	46851.25	1075.5	1484.416625976563	258.3333435058594	
977.2559814453125	46751.	1150.5	1609.5	233.3333282470703	
978.5040283203125	49937.	1075.5	1359.333374023438	183.3333282470703	
979.7520141601563	50889.75	975.5	1701.25	250.	
981.	48732.5	825.25	1543.	266.6666564941406	
982.2490234375	49359.5	950.75	1375.833374023438	375.0833435058594	
983.4970092773438	48632.25	1000.75	1350.833374023438	200.	
984.7449951171875	49334.5	1126.	1459.25	225.	
985.9929809570313	49434.75	1125.75	1259.166625976563	316.6666564941406	
987.2410278320313	47829.5	900.25	1367.5	225.	
988.489013671875	49886.5	1150.75	1359.25	266.75	
989.7369995117188	47102.25	1151.	1359.333374023438	250.	
990.9849853515625	48607.	875.5	1409.25	283.3333435058594	
992.2329711914063	47152.25	1075.75	1450.75	250.	
993.4810180664063	49134.25	850.25	1467.666625976563	300.	
994.72900390625	48080.25	1326.	1542.833374023438	225.	
995.97802734375	47855.	900.25	1367.583374023438	358.3333435058594	
997.2260131835938	46650.5	625.25	1384.166625976563	150.	
998.4739990234375	51818.25	1226.	1509.416625976563	183.3333282470703	
