Trace for Mass:	Al27(MR)	Ca44(MR)	Fe56(MR)	S32(MR)
Resolution:	Medium	Medium	Medium	Medium
				
Time	Intensity	Intensity	Intensity	Intensity
[sec]	[cps]	[cps]	[cps]	[cps]

1.248000025749207	1834.75	130.	2118.416748046875	31283.333984375	
2.49399995803833	1692.833374023438	100.	1934.833374023438	38453.	
3.740000009536743	1726.166625976563	133.3333282470703	2093.333251953125	39205.83203125	
4.986000061035156	1951.5	183.3333282470703	2143.333251953125	38720.91796875	
6.23199987411499	1968.25	191.6666717529297	2226.916748046875	39915.41796875	
7.478000164031982	2226.916748046875	158.3333282470703	1734.583374023438	38377.41796875	
8.723999977111816	2160.166748046875	166.6666717529297	2293.583251953125	37851.66796875	
9.970000267028809	2026.666625976563	158.3333282470703	2301.916748046875	38235.5	
11.21599960327148	2026.583374023438	183.3333282470703	2018.25	39556.41796875	
12.46199989318848	1734.666625976563	216.6666717529297	2018.416625976563	38076.58203125	
13.70800018310547	1793.083374023438	166.6666717529297	2051.5	39422.91796875	
14.95400047302246	1751.25	158.3333282470703	2193.5	40183.75	
16.20000076293945	2060.083251953125	175.	2118.333251953125	39465.	
17.44599914550781	1818.083374023438	175.	2168.5	40493.08203125	
18.69199943542481	1868.166625976563	200.	2201.833251953125	41153.08203125	
19.9370002746582	2143.333251953125	125.	2101.666748046875	41496.66796875	
21.1830005645752	2193.5	91.66666412353516	2018.25	40811.08203125	
22.42900085449219	2193.416748046875	191.6666717529297	2160.083251953125	39406.08203125	
23.67499923706055	2068.333251953125	191.6666717529297	2185.083251953125	39130.33203125	
24.92099952697754	2151.916748046875	133.3333282470703	2093.416748046875	39197.	
26.16699981689453	1901.5	183.3333282470703	2151.666748046875	42056.25	
27.41300010681152	1784.666625976563	133.3333282470703	2168.416748046875	40969.16796875	
28.65900039672852	1768.	216.6666717529297	2352.083251953125	40233.16796875	
29.90500068664551	2160.083251953125	175.	2393.583251953125	40426.83203125	
31.15099906921387	2218.5	233.4166717529297	2226.833251953125	41027.58203125	
32.39699935913086	1759.75	150.	2101.75	39623.83203125	
33.64300155639648	1734.75	183.3333282470703	2585.75	40217.58203125	
34.88899993896484	1859.75	133.3333282470703	1993.333374023438	39498.	
36.1349983215332	1909.833374023438	108.3333358764648	2160.083251953125	41228.41796875	
37.38100051879883	2085.	158.3333282470703	2068.25	40827.58203125	
38.62699890136719	2009.916625976563	100.	2443.75	41437.66796875	
39.87300109863281	1759.666625976563	83.33333587646484	1901.416625976563	40768.5	
41.11899948120117	1993.25	183.3333282470703	2093.416748046875	42089.16796875	
42.3650016784668	1793.	83.33333587646484	2352.	40476.	
43.61100006103516	1951.5	133.3333282470703	2068.166748046875	41144.41796875	
44.85699844360352	1751.333374023438	141.6666717529297	1893.25	41587.16796875	
46.10300064086914	1909.75	200.	2060.	41881.	
47.3489990234375	1734.666625976563	183.3333282470703	2068.333251953125	40075.16796875	
48.59500122070313	1868.083374023438	150.	1976.5	41278.33203125	
49.84099960327148	2043.333374023438	116.6666641235352	2059.833251953125	40100.16796875	
51.08700180053711	1934.833374023438	133.3333282470703	2168.5	40928.25	
52.33300018310547	1701.25	200.	2552.166748046875	41672.33203125	
53.57899856567383	1751.333374023438	208.3333282470703	2335.333251953125	39397.66796875	
54.82500076293945	1834.75	108.3333358764648	2285.25	41989.91796875	
56.07099914550781	1826.333374023438	133.3333282470703	1959.916625976563	42031.16796875	
57.31700134277344	1834.666625976563	75.	2243.5	41855.58203125	
58.5629997253418	1876.416625976563	125.	2135.166748046875	41286.58203125	
59.80899810791016	1943.083374023438	150.	2343.666748046875	41931.16796875	
61.05500030517578	2168.416748046875	183.3333282470703	1818.083374023438	41395.75	
62.30099868774414	2327.	183.3333282470703	2226.75	41462.91796875	
63.54700088500977	1968.25	141.6666717529297	1926.416625976563	41688.25	
64.79299926757813	1893.083374023438	200.	2543.75	40367.25	
66.03900146484375	1951.583374023438	100.	2143.5	41170.5	
67.28500366210938	2093.416748046875	141.6666717529297	2401.916748046875	41647.16796875	
68.53099822998047	2468.833251953125	141.6666717529297	2135.166748046875	42056.25	
69.77700042724609	1926.5	150.	2201.75	41194.41796875	
71.02300262451172	1934.916625976563	150.	2168.416748046875	42156.5	
72.26899719238281	1968.083374023438	141.6666717529297	1884.833374023438	41220.41796875	
73.51499938964844	2226.75	175.	2168.416748046875	40885.83203125	
74.76100158691406	1476.	208.3333282470703	2243.583251953125	41806.	
76.00700378417969	2001.583374023438	141.6666717529297	2009.833374023438	41320.25	
77.25299835205078	1893.083374023438	141.6666717529297	2251.916748046875	41003.25	
78.49900054931641	2201.833251953125	200.	1968.166625976563	41487.58203125	
79.74500274658203	1626.166625976563	141.6666717529297	2160.083251953125	43034.75	
80.99099731445313	2035.	91.66666412353516	2176.75	40509.25	
82.23699951171875	1859.833374023438	200.	2101.833251953125	41780.08203125	
83.48300170898438	1968.25	216.6666717529297	1984.916625976563	42391.83203125	
84.72899627685547	2043.25	183.3333282470703	2010.	41530.91796875	
85.97499847412109	1876.5	158.3333282470703	2110.083251953125	41404.83203125	
87.22100067138672	1868.083374023438	175.	2035.083374023438	40677.08203125	
88.46700286865234	1934.75	108.3333358764648	2277.	42223.5	
89.71299743652344	1801.583374023438	158.3333282470703	1984.916625976563	42375.16796875	
90.95899963378906	1917.916625976563	83.33333587646484	1976.416625976563	41479.16796875	
92.20500183105469	2009.833374023438	216.6666717529297	2151.5	41145.25	
93.45099639892578	1926.416625976563	141.6666717529297	2076.5	40493.	
94.69699859619141	2318.5	250.	1868.25	41805.5	
95.94200134277344	1851.25	133.3333282470703	2076.583251953125	41562.75	
97.18800354003906	1818.	133.3333282470703	2185.083251953125	40919.25	
98.43399810791016	1726.25	325.0833435058594	2276.833251953125	41973.25	
99.68000030517578	1951.666625976563	183.3333282470703	2076.666748046875	42014.58203125	
100.9260025024414	1684.5	116.6666641235352	2218.583251953125	42573.83203125	
102.1719970703125	1926.583374023438	125.	1851.5	41905.91796875	
103.4179992675781	1884.75	250.	1976.583374023438	41646.16796875	
104.6640014648438	1767.916625976563	308.4166564941406	2160.	40852.91796875	
105.9100036621094	2126.75	141.6666717529297	2143.5	41521.66796875	
107.1559982299805	1909.75	150.	1943.25	40108.5	
108.4020004272461	2035.	216.6666717529297	2110.083251953125	42942.41796875	
109.6480026245117	1968.166625976563	100.	2218.333251953125	42499.33203125	
110.8939971923828	2010.083374023438	200.	2151.75	41504.25	
112.1399993896484	2001.583374023438	83.33333587646484	2210.083251953125	41228.91796875	
113.3860015869141	2135.083251953125	108.3333358764648	2059.833251953125	42182.41796875	
114.6320037841797	1884.833374023438	216.6666717529297	4363.5	42239.33203125	
115.8779983520508	1918.333374023438	141.6666717529297	2994.333251953125	41328.08203125	
117.1240005493164	2368.833251953125	475.3333435058594	5923.58349609375	41705.5	
118.370002746582	4805.75	116.6666641235352	5690.33349609375	42524.25	
119.6159973144531	4997.83349609375	241.6666717529297	4404.41650390625	42173.91796875	
120.8619995117188	4195.91650390625	300.	17562.5	42056.58203125	
122.1080017089844	12510.4169921875	191.6666717529297	7929.25	42047.33203125	
123.3539962768555	5940.75	141.6666717529297	4563.58349609375	42047.83203125	
124.5999984741211	13199.0830078125	158.3333282470703	10223.1669921875	42842.75	
125.8460006713867	3052.916748046875	191.6666717529297	4346.33349609375	42207.08203125	
127.0920028686523	3386.5	158.3333282470703	3662.083251953125	41429.41796875	
128.3379974365234	4296.16650390625	108.3333358764648	17964.416015625	41939.	
129.5839996337891	74803.3359375	191.6666717529297	3228.	41763.5	
130.8300018310547	2110.	208.3333282470703	2418.666748046875	43352.16796875	
132.0760040283203	5649.75	191.6666717529297	2126.75	42241.58203125	
133.3220062255859	2193.416748046875	150.	2168.333251953125	41263.41796875	
134.5679931640625	1809.75	150.	2360.333251953125	41604.91796875	
135.8139953613281	1918.25	191.6666717529297	1959.833374023438	43092.66796875	
137.0599975585938	2160.	175.	2185.166748046875	42541.91796875	
138.3059997558594	2034.916625976563	108.3333358764648	2226.916748046875	40710.16796875	
139.552001953125	1901.416625976563	183.3333282470703	2226.75	42473.16796875	
140.7980041503906	1868.	141.6666717529297	2227.	42515.83203125	
142.0440063476563	1759.666625976563	175.	2118.25	41153.41796875	
143.2899932861328	1968.25	208.3333282470703	2176.75	42139.58203125	
144.5359954833984	2151.916748046875	291.6666564941406	1934.833374023438	41111.16796875	
145.7819976806641	1768.	158.3333282470703	2351.916748046875	41679.41796875	
147.0279998779297	1993.166625976563	216.6666717529297	2994.5	42415.5	
148.2740020751953	2176.75	150.	2518.916748046875	42057.	
149.5200042724609	2168.416748046875	125.	2543.833251953125	41838.08203125	
150.7660064697266	2911.166748046875	191.6666717529297	2752.416748046875	42307.41796875	
152.0119934082031	6091.91650390625	225.	2994.5	42842.66796875	
153.2579956054688	5498.25	175.	2618.916748046875	114744.0625	
154.5039978027344	3945.666748046875	275.	3178.	41680.08203125	
155.75	5256.75	166.6666717529297	4187.66650390625	42290.25	
156.9960021972656	3436.583251953125	183.3333282470703	3687.083251953125	41203.25	
158.2420043945313	3611.916748046875	275.0833435058594	6377.91650390625	42073.33203125	
159.4880065917969	6342.66650390625	241.6666717529297	9421.1669921875	43920.5	
160.7339935302734	9243.75	208.3333282470703	5623.	42908.5	
161.9799957275391	7810.91650390625	166.6666717529297	3837.166748046875	42307.41796875	
163.2259979248047	4070.75	300.1666564941406	4429.66650390625	41796.75	
164.4720001220703	6424.91650390625	141.6666717529297	5222.5	41220.58203125	
165.7180023193359	12767.	150.	13746.0830078125	42047.16796875	
166.9640045166016	3019.416748046875	150.	4321.66650390625	42942.58203125	
168.2100067138672	3595.25	1961.083374023438	4329.5	43026.66796875	
169.4559936523438	2527.25	233.3333282470703	2969.5	40952.33203125	
170.7019958496094	2769.166748046875	183.3333282470703	2318.666748046875	42290.83203125	
171.9470062255859	2618.833251953125	191.6666717529297	2902.666748046875	42373.83203125	
173.1929931640625	2518.75	200.	2485.5	41312.33203125	
174.4389953613281	5818.08349609375	141.6666717529297	3220.	41319.91796875	
175.6849975585938	4488.66650390625	133.3333282470703	2527.166748046875	42198.5	
176.9309997558594	2034.833374023438	133.3333282470703	2360.25	41553.66796875	
178.177001953125	2160.083251953125	150.	2327.	42799.16796875	
179.4230041503906	1985.	158.3333282470703	2343.583251953125	42482.5	
180.6690063476563	1793.	158.3333282470703	1876.5	42240.5	
181.9149932861328	3896.333251953125	208.3333282470703	2477.083251953125	42282.58203125	
183.1609954833984	1918.25	166.6666717529297	2618.916748046875	41914.16796875	
184.4069976806641	2018.25	125.	2051.583251953125	43594.41796875	
185.6529998779297	2335.333251953125	191.6666717529297	2727.416748046875	42892.5	
186.8990020751953	2118.5	200.	2660.75	39472.66796875	
188.1450042724609	1893.083374023438	183.3333282470703	2477.25	42047.75	
189.3910064697266	2335.333251953125	191.6666717529297	1993.333374023438	43060.25	
190.6369934082031	2335.25	150.	1984.75	42733.5	
191.8829956054688	2427.	225.	4280.08349609375	41947.75	
193.1289978027344	1926.666625976563	200.	2185.166748046875	43703.25	
194.375	2310.416748046875	150.	2418.833251953125	43260.58203125	
195.6210021972656	1909.75	175.	2210.25	42616.16796875	
196.8670043945313	2143.416748046875	200.	2460.416748046875	43544.25	
198.1130065917969	2318.666748046875	108.3333358764648	2301.916748046875	40895.16796875	
199.3589935302734	2377.166748046875	150.	2026.666625976563	42942.83203125	
200.6049957275391	223050.125	133.3333282470703	2318.583251953125	41847.16796875	
201.8509979248047	2477.083251953125	225.	3077.916748046875	43302.16796875	
203.0970001220703	8537.5	141.6666717529297	2418.75	43352.83203125	
204.3430023193359	23962.833984375	183.3333282470703	3011.	42800.41796875	
205.5890045166016	3386.75	150.	2861.	43662.16796875	
206.8350067138672	10246.25	191.6666717529297	2376.916748046875	44104.91796875	
208.0809936523438	3929.583251953125	225.	2343.583251953125	42533.33203125	
209.3269958496094	2552.166748046875	200.	2235.166748046875	40885.16796875	
210.572998046875	3687.166748046875	191.6666717529297	1976.416625976563	42943.66796875	
211.8190002441406	2126.666748046875	175.	2402.166748046875	41103.83203125	
213.0650024414063	2677.333251953125	225.	2927.666748046875	41647.	
214.3110046386719	3887.333251953125	183.3333282470703	8706.5830078125	41436.91796875	
215.5570068359375	7630.	283.3333435058594	6678.41650390625	42373.58203125	
216.8029937744141	3136.166748046875	266.6666564941406	9753.0830078125	42215.	
218.0489959716797	12894.	150.	8403.6669921875	43502.33203125	
219.2949981689453	7921.66650390625	158.3333282470703	6566.83349609375	41997.91796875	
220.5410003662109	3019.416748046875	225.	4571.83349609375	42524.58203125	
221.7870025634766	3044.416748046875	216.6666717529297	2794.166748046875	42775.58203125	
223.0330047607422	3269.75	150.	11392.8330078125	42574.25	
224.2790069580078	2802.583251953125	116.6666641235352	5415.08349609375	42958.5	
225.5249938964844	4563.16650390625	150.	9964.0830078125	43604.33203125	
226.77099609375	12018.0830078125	100.	31626.611328125	42148.83203125	
228.0169982910156	5497.75	266.6666564941406	13306.5	41538.41796875	
229.2630004882813	94867.8125	200.	12350.4169921875	42507.66796875	
230.5090026855469	8886.6669921875	216.6666717529297	16739.666015625	42774.91796875	
231.7550048828125	8110.08349609375	166.6666717529297	4371.08349609375	55265.33203125	
233.0010070800781	182100.203125	200.0833282470703	9114.6669921875	43594.83203125	
234.2469940185547	4387.91650390625	250.0833282470703	4421.25	42650.5	
235.4929962158203	6058.75	208.3333282470703	14392.0830078125	44063.25	
236.7389984130859	9398.75	191.6666717529297	10490.9169921875	42893.33203125	
237.9850006103516	14145.0830078125	241.6666717529297	15063.1669921875	42809.75	
239.2310028076172	42123.91796875	250.	29547.75	42608.58203125	
240.4770050048828	111001.5	325.	52948.83203125	42148.5	
241.7230072021484	101154.0859375	425.0833435058594	44301.5	41830.66796875	
242.968994140625	136867.078125	258.3333435058594	40193.25	42792.33203125	
244.2149963378906	68020.5	266.6666564941406	29248.166015625	43176.25	
245.4609985351563	63107.91796875	241.6666717529297	41013.25	44021.75	
246.7070007324219	44639.5	433.5	19313.416015625	41011.58203125	
247.9519958496094	34534.25	233.3333282470703	13160.0830078125	43143.33203125	
249.197998046875	32018.75	266.6666564941406	49842.75	43502.25	
250.4440002441406	22298.333984375	175.	10647.5	42483.	
251.6900024414063	27696.666015625	233.3333282470703	9981.8330078125	43611.25	
252.9360046386719	19786.25	283.3333435058594	4763.25	41488.	
254.1820068359375	14499.5830078125	158.3333282470703	10758.	42975.16796875	
255.4279937744141	9545.5	141.6666717529297	5330.83349609375	42816.75	
256.6740112304688	9096.3330078125	191.6666717529297	5181.08349609375	42658.58203125	
257.9200134277344	4788.58349609375	141.6666717529297	3678.5	42734.5	
259.1659851074219	4763.33349609375	141.6666717529297	2627.333251953125	42750.	
260.4119873046875	4346.5	391.8333435058594	3628.666748046875	42390.16796875	
261.6579895019531	2343.666748046875	166.6666717529297	2618.916748046875	42733.83203125	
262.9039916992188	2268.5	158.3333282470703	3127.916748046875	41797.5	
264.1499938964844	2343.583251953125	216.6666717529297	2418.666748046875	43235.91796875	
265.39599609375	2669.	75.	2268.583251953125	43871.16796875	
266.6419982910156	2218.416748046875	141.6666717529297	2034.916625976563	42106.91796875	
267.8880004882813	2018.25	150.	2093.333251953125	44874.83203125	
269.1340026855469	1901.583374023438	191.6666717529297	1926.666625976563	42457.66796875	
270.3800048828125	1968.25	116.6666641235352	2276.833251953125	42039.83203125	
271.6260070800781	2001.5	108.3333358764648	1843.166625976563	41429.75	
272.8720092773438	1701.333374023438	216.6666717529297	2018.166625976563	43895.5	
274.1180114746094	2285.333251953125	58.33333206176758	2327.	42097.33203125	
275.364013671875	1859.75	141.6666717529297	2201.833251953125	41696.58203125	
276.6099853515625	1918.25	191.6666717529297	2251.666748046875	42959.66796875	
277.8559875488281	2210.25	200.	2126.666748046875	42365.83203125	
279.1019897460938	2176.833251953125	200.	2060.	43360.	
280.3479919433594	2035.	141.6666717529297	2151.75	41471.	
281.593994140625	2051.75	150.	2243.333251953125	42960.	
282.8399963378906	1642.833374023438	158.3333282470703	2076.583251953125	44221.5	
284.0859985351563	1934.916625976563	125.	1976.666625976563	42700.16796875	
285.3320007324219	1584.416625976563	191.6666717529297	1951.333374023438	42114.41796875	
286.5780029296875	1793.	141.6666717529297	2201.666748046875	42582.66796875	
287.8240051269531	1734.666625976563	150.	97693.1640625	42700.25	
289.0700073242188	2335.333251953125	83.33333587646484	2452.25	43411.5	
290.3160095214844	2260.5	150.	3236.333251953125	43385.41796875	
291.56201171875	3345.083251953125	233.3333282470703	17868.583984375	42833.91796875	
292.8080139160156	4956.58349609375	150.	4571.75	43669.66796875	
294.0539855957031	3211.25	166.6666717529297	2001.666625976563	41178.08203125	
295.2999877929688	2635.666748046875	133.3333282470703	3236.416748046875	43327.75	
296.5459899902344	3303.25	175.	3119.5	42725.58203125	
297.7919921875	3036.083251953125	166.6666717529297	2385.333251953125	43227.41796875	
299.0379943847656	4789.33349609375	158.3333282470703	3102.916748046875	42984.75	
300.2839965820313	3887.583251953125	166.6666717529297	3870.583251953125	44180.91796875	
301.5299987792969	3394.916748046875	225.	3820.833251953125	44179.91796875	
302.7760009765625	2619.	183.3333282470703	5182.33349609375	42474.33203125	
304.0220031738281	2794.333251953125	183.3333282470703	9357.3330078125	44247.91796875	
305.2680053710938	2852.5	291.6666564941406	8436.6669921875	42307.5	
306.5140075683594	2418.916748046875	358.4166564941406	2894.333251953125	43177.58203125	
307.760009765625	9153.25	141.6666717529297	4288.5	44071.41796875	
309.0060119628906	3670.916748046875	225.	2585.5	42232.	
310.2520141601563	2276.916748046875	175.	2276.833251953125	44238.41796875	
311.4979858398438	2352.166748046875	158.3333282470703	2268.583251953125	42315.33203125	
312.7439880371094	2176.666748046875	175.	4271.5	42925.41796875	
313.989990234375	5433.41650390625	200.	13004.25	43219.25	
315.2359924316406	48254.75	275.	58107.91796875	43411.25	
316.4819946289063	19901.583984375	241.6666717529297	470502.09375	41211.41796875	
317.7279968261719	39321.	216.75	66668.0390625	44573.25	
318.9739990234375	39077.58203125	308.4166564941406	31334.666015625	43469.5	
320.2200012207031	57813.43359375	200.	14522.75	42248.41796875	
321.4660034179688	113928.0390625	133.3333282470703	13112.8330078125	42323.83203125	
322.7120056152344	18272.25	241.75	17296.666015625	42098.66796875	
323.9570007324219	8547.3330078125	166.6666717529297	3903.916748046875	44105.41796875	
325.2030029296875	9265.3330078125	158.3333282470703	3219.75	44364.5	
326.4490051269531	4380.33349609375	100.	58280.71875	43419.83203125	
327.6950073242188	4129.41650390625	58.33333206176758	6450.83349609375	42207.16796875	
328.9410095214844	5282.91650390625	125.	4964.33349609375	42808.83203125	
330.18701171875	4740.16650390625	200.	2427.083251953125	44046.25	
331.4330139160156	2026.583374023438	208.3333282470703	1993.166625976563	43285.83203125	
332.6789855957031	2001.583374023438	166.6666717529297	2160.083251953125	43177.33203125	
333.9249877929688	2210.166748046875	108.3333358764648	2210.25	43478.08203125	
335.1709899902344	3963.583251953125	175.	2109.916748046875	42449.16796875	
336.4169921875	1901.666625976563	208.3333282470703	1910.	42164.83203125	
337.6629943847656	1851.416625976563	208.3333282470703	2185.083251953125	42448.75	
338.9089965820313	2018.333374023438	150.	2043.333374023438	43787.	
340.1549987792969	1976.666625976563	133.3333282470703	1859.833374023438	43252.08203125	
341.4010009765625	1984.833374023438	166.6666717529297	2059.916748046875	43486.08203125	
342.6470031738281	1793.	125.	2143.416748046875	44020.58203125	
343.8930053710938	2026.5	158.3333282470703	2201.75	41956.08203125	
345.1390075683594	2001.666625976563	141.6666717529297	2352.	43126.58203125	
346.385009765625	1793.	208.3333282470703	1876.5	43644.66796875	
347.6310119628906	1793.	150.	2310.25	43811.83203125	
348.8770141601563	2051.583251953125	158.3333282470703	2093.416748046875	44196.5	
350.1229858398438	1834.75	125.	2335.25	41797.58203125	
351.3689880371094	1934.916625976563	183.3333282470703	1884.833374023438	43235.5	
352.614990234375	2126.75	166.6666717529297	2276.75	43084.16796875	
353.8609924316406	1818.083374023438	150.	2101.583251953125	43360.83203125	
355.1069946289063	1784.583374023438	166.6666717529297	2118.333251953125	43034.75	
356.3529968261719	2093.333251953125	175.	1960.	42132.	
357.5989990234375	2051.583251953125	141.6666717529297	2035.	41603.83203125	
358.8450012207031	2276.833251953125	100.	2160.083251953125	45124.33203125	
360.0910034179688	2026.583374023438	158.3333282470703	1893.083374023438	42373.66796875	
361.3370056152344	2060.	175.	2176.833251953125	43545.08203125	
362.5830078125	1901.416625976563	125.	2176.916748046875	43678.66796875	
363.8290100097656	1868.083374023438	83.33333587646484	3754.166748046875	43025.75	
365.0750122070313	2026.5	150.	2068.333251953125	43210.5	
366.3210144042969	1818.083374023438	108.3333358764648	2410.416748046875	44372.75	
367.5669860839844	2110.	200.	2068.416748046875	41864.33203125	
368.81298828125	2018.25	208.3333282470703	1968.333374023438	42558.41796875	
370.0589904785156	2085.	133.3333282470703	2126.75	42549.66796875	
371.3049926757813	1692.833374023438	200.	1793.166625976563	43461.66796875	
372.5509948730469	1918.083374023438	175.	2110.	42432.91796875	
373.7969970703125	1901.583374023438	166.6666717529297	1884.833374023438	44147.41796875	
375.0429992675781	1884.75	216.6666717529297	1859.75	42650.33203125	
376.2890014648438	2185.166748046875	166.6666717529297	2143.5	43745.5	
377.5350036621094	2018.333374023438	133.3333282470703	2059.833251953125	44749.08203125	
378.781005859375	1826.333374023438	108.3333358764648	2201.916748046875	42491.75	
380.0270080566406	1959.75	166.6666717529297	2059.916748046875	43486.16796875	
381.2730102539063	2085.	125.	1826.5	44606.83203125	
382.5190124511719	2035.	200.	2051.583251953125	44732.66796875	
383.7650146484375	1726.333374023438	125.	1976.583374023438	42274.16796875	
385.010986328125	1993.333374023438	116.6666641235352	2134.916748046875	42550.41796875	
386.2569885253906	2151.75	75.	2143.333251953125	44790.83203125	
387.5029907226563	2001.5	141.6666717529297	1918.166625976563	43235.16796875	
388.7489929199219	1876.5	91.66666412353516	1918.25	43511.83203125	
389.9949951171875	1851.416625976563	125.	2243.416748046875	42633.33203125	
391.2409973144531	2093.166748046875	150.	2109.916748046875	43102.16796875	
392.4869995117188	1784.583374023438	208.3333282470703	2185.083251953125	42776.25	
393.7330017089844	2201.833251953125	150.	1843.083374023438	42148.25	
394.97900390625	193309.234375	208.3333282470703	2243.583251953125	43126.33203125	
396.2250061035156	2093.333251953125	250.	1959.833374023438	42642.41796875	
397.4710083007813	2051.583251953125	100.	1959.916625976563	41438.33203125	
398.7170104980469	2176.75	166.6666717529297	2068.333251953125	43946.33203125	
399.9620056152344	2243.5	133.3333282470703	2151.75	43486.91796875	
401.2080078125	1926.5	208.3333282470703	1968.166625976563	43175.83203125	
402.4540100097656	2009.916625976563	341.6666564941406	1976.583374023438	44606.	
403.7000122070313	1951.416625976563	200.	2326.916748046875	42081.5	
404.9460144042969	1918.083374023438	183.3333282470703	2018.333374023438	42072.75	
406.1919860839844	2101.583251953125	116.6666641235352	2226.916748046875	43762.08203125	
407.43798828125	2252.	141.6666717529297	2276.833251953125	42198.5	
408.6839904785156	1859.666625976563	108.3333358764648	2085.	42758.66796875	
409.9299926757813	1959.75	158.3333282470703	2585.666748046875	43611.33203125	
411.1759948730469	2135.083251953125	191.6666717529297	11174.25	43118.5	
412.4219970703125	1876.583374023438	116.6666641235352	2051.583251953125	43151.16796875	
413.6679992675781	2110.083251953125	141.6666717529297	3169.833251953125	42240.83203125	
414.9140014648438	2201.916748046875	141.6666717529297	5959.33349609375	42674.91796875	
416.1600036621094	2110.	266.6666564941406	2861.	42449.33203125	
417.406005859375	3077.833251953125	183.3333282470703	2669.083251953125	42733.16796875	
418.6520080566406	2727.5	208.3333282470703	2785.75	44222.91796875	
419.8980102539063	3194.916748046875	183.3333282470703	5407.41650390625	42206.33203125	
421.1440124511719	4137.66650390625	141.6666717529297	4171.16650390625	43937.5	
422.3900146484375	2994.416748046875	158.3333282470703	2827.5	42064.83203125	
423.635986328125	4179.83349609375	166.6666717529297	3261.416748046875	42826.	
424.8819885253906	4855.66650390625	166.6666717529297	2986.166748046875	42908.83203125	
426.1279907226563	2544.083251953125	125.	3061.666748046875	42097.5	
427.3739929199219	1968.083374023438	175.	2301.916748046875	42976.16796875	
428.6199951171875	3871.	141.6666717529297	2735.916748046875	42658.83203125	
429.8659973144531	4806.58349609375	183.3333282470703	2076.666748046875	43168.08203125	
431.1119995117188	2135.083251953125	241.6666717529297	3169.666748046875	42908.83203125	
432.3580017089844	2118.416748046875	250.	2176.833251953125	43109.16796875	
433.60400390625	2026.666625976563	141.6666717529297	2101.75	43226.33203125	
434.8500061035156	2043.333374023438	183.3333282470703	2126.583251953125	41044.33203125	
436.0960083007813	2978.083251953125	133.3333282470703	2226.75	43794.83203125	
437.3420104980469	9988.8330078125	158.3333282470703	1960.	41930.91796875	
438.5880126953125	2527.333251953125	83.33333587646484	1842.916625976563	43744.83203125	
439.8340148925781	2268.5	250.	2510.5	42709.25	
441.0799865722656	2110.	175.	2235.	42817.25	
442.3259887695313	2093.416748046875	158.3333282470703	2293.75	43585.41796875	
443.5719909667969	2118.416748046875	225.	2368.583251953125	42290.16796875	
444.8179931640625	2043.333374023438	191.6666717529297	2268.583251953125	42850.66796875	
446.0639953613281	2151.75	216.6666717529297	2744.083251953125	43327.33203125	
447.3099975585938	2727.416748046875	225.	2093.416748046875	43912.5	
448.5559997558594	2577.25	266.75	2794.083251953125	43988.25	
449.802001953125	2051.666748046875	158.3333282470703	2326.833251953125	41529.5	
451.0480041503906	2218.416748046875	133.3333282470703	2351.916748046875	42323.58203125	
452.2940063476563	1976.583374023438	191.6666717529297	2610.666748046875	42558.	
453.5400085449219	2376.916748046875	175.	2118.333251953125	42867.66796875	
454.7860107421875	1951.583374023438	116.6666641235352	2669.083251953125	44606.25	
456.0320129394531	2101.75	200.	3119.666748046875	43937.5	
457.2780151367188	2443.833251953125	166.6666717529297	2327.	41563.	
458.5239868164063	1959.833374023438	275.0833435058594	2368.666748046875	42407.33203125	
459.7699890136719	2410.5	183.3333282470703	2034.833374023438	42115.58203125	
461.0159912109375	2493.916748046875	175.	2093.25	43870.91796875	
462.2619934082031	2210.083251953125	458.5833435058594	2235.083251953125	42649.83203125	
463.5079956054688	1959.916625976563	125.	2001.5	43561.66796875	
464.7539978027344	3478.833251953125	100.	2810.916748046875	42156.66796875	
466.	2118.333251953125	166.6666717529297	2276.916748046875	41370.58203125	
467.2460021972656	1934.75	158.3333282470703	2176.75	42641.41796875	
468.4920043945313	2168.333251953125	166.6666717529297	2143.666748046875	43469.58203125	
469.7380065917969	2151.666748046875	200.	2185.083251953125	42918.	
470.9840087890625	2143.333251953125	91.66666412353516	2235.333251953125	44030.08203125	
472.2300109863281	2118.25	291.6666564941406	2160.	42358.41796875	
473.4760131835938	2043.25	208.3333282470703	2051.583251953125	43828.33203125	
474.7219848632813	1976.5	116.6666641235352	1935.	42265.16796875	
475.9670104980469	1960.	183.3333282470703	1951.583374023438	43261.08203125	
477.2130126953125	2001.666625976563	100.	2143.5	44095.83203125	
478.4590148925781	1801.333374023438	125.	2402.083251953125	43520.	
479.7049865722656	1859.916625976563	200.	2101.666748046875	42984.66796875	
480.9509887695313	2093.333251953125	150.	2126.666748046875	43035.08203125	
482.1969909667969	1876.583374023438	250.	3479.	44114.08203125	
483.4429931640625	2126.666748046875	175.	2285.333251953125	43344.25	
484.6889953613281	2118.333251953125	83.33333587646484	2018.333374023438	43795.16796875	
485.9349975585938	2218.5	166.6666717529297	2076.666748046875	43277.25	
487.1809997558594	1801.25	83.33333587646484	2460.5	42549.41796875	
488.427001953125	2109.916748046875	125.	1968.166625976563	43511.91796875	
489.6730041503906	2093.583251953125	125.	2285.333251953125	42616.75	
490.9190063476563	2168.416748046875	100.	2126.583251953125	41538.08203125	
492.1650085449219	1943.166625976563	125.	1984.916625976563	43059.58203125	
493.4110107421875	1918.083374023438	116.6666641235352	2193.5	43361.	
494.6570129394531	2085.	100.	2302.	42340.16796875	
495.9030151367188	1918.083374023438	208.3333282470703	1993.333374023438	43051.5	
497.1489868164063	2093.5	116.6666641235352	1859.75	43912.75	
498.3949890136719	1743.083374023438	183.3333282470703	2318.75	43218.66796875	
499.6409912109375	1918.	100.	1893.083374023438	43010.	
500.8869934082031	1976.583374023438	158.3333282470703	2185.083251953125	42634.	
502.1329956054688	2043.25	183.3333282470703	1993.333374023438	42542.	
503.3789978027344	2285.166748046875	166.6666717529297	2143.416748046875	42658.66796875	
504.625	1609.5	158.3333282470703	2060.	43043.25	
505.8710021972656	1743.083374023438	75.	2001.5	43085.91796875	
507.1170043945313	1901.5	208.3333282470703	2351.916748046875	43812.33203125	
508.3630065917969	2059.916748046875	141.6666717529297	2226.833251953125	42206.66796875	
509.6090087890625	1918.333374023438	200.	1943.25	42734.25	
510.8550109863281	2177.	150.	2034.833374023438	42867.25	
512.1010131835938	1834.833374023438	141.6666717529297	2377.083251953125	43536.16796875	
513.3469848632813	1934.916625976563	250.	2085.	42875.5	
514.593017578125	1993.166625976563	150.	2535.583251953125	43201.5	
515.8389892578125	1692.833374023438	191.6666717529297	11623.8330078125	43779.66796875	
517.0850219726563	118436.0390625	22974.416015625	220721.296875	43486.83203125	
518.3309936523438	264147.6875	658.5833129882813	389014.6875	42156.25	
519.5770263671875	892266.8125	666.8333129882813	572143.375	42750.41796875	
520.822998046875	781756.25	1359.25	400704.84375	42216.	
522.0689697265625	504976.375	841.9166870117188	419897.8125	43779.58203125	
523.3150024414063	597106.1875	808.75	557076.4375	48512.66796875	
524.5609741210938	305227.71875	625.0833129882813	343727.65625	42223.91796875	
525.8070068359375	404505.15625	483.5	112470.9140625	42650.66796875	
527.052978515625	206729.484375	316.6666564941406	114866.671875	42390.91796875	
528.2990112304688	124084.203125	258.3333435058594	94083.203125	42047.75	
529.5449829101563	79326.5	266.6666564941406	244360.75	43134.75	
530.791015625	68378.	250.	37156.16796875	42399.33203125	
532.0369873046875	61258.66796875	258.3333435058594	25337.75	41664.08203125	
533.2830200195313	28043.75	775.6666870117188	97362.171875	42675.33203125	
534.5289916992188	16132.25	150.	9670.25	42516.	
535.7750244140625	13749.5830078125	133.3333282470703	10276.0830078125	42298.66796875	
537.02099609375	16737.583984375	258.3333435058594	8420.5	42708.41796875	
538.2670288085938	11116.4169921875	183.3333282470703	4604.83349609375	43059.5	
539.5130004882813	4437.83349609375	225.	3194.666748046875	42959.91796875	
540.7589721679688	4630.5	150.	3119.5	42934.	
542.0050048828125	2852.583251953125	141.6666717529297	2460.5	42733.41796875	
543.2509765625	2919.333251953125	183.3333282470703	2318.583251953125	42943.	
544.4970092773438	2427.	250.	3261.583251953125	42816.75	
545.7429809570313	2026.583374023438	141.6666717529297	2677.416748046875	42759.	
546.989013671875	2168.5	141.6666717529297	2018.166625976563	43218.83203125	
548.2349853515625	2151.666748046875	166.6666717529297	2669.083251953125	44890.91796875	
549.4810180664063	2126.833251953125	175.	2018.083374023438	42022.83203125	
550.7269897460938	2226.75	175.	1984.916625976563	44055.08203125	
551.9719848632813	2368.666748046875	125.	1726.25	42264.91796875	
553.218017578125	1768.083374023438	175.	2068.333251953125	42867.58203125	
554.4639892578125	2076.75	125.	2310.166748046875	42717.41796875	
555.7100219726563	2118.416748046875	125.	1968.25	42524.16796875	
556.9559936523438	2059.833251953125	200.	2252.	43001.16796875	
558.2020263671875	1909.833374023438	183.3333282470703	2235.083251953125	41872.	
559.447998046875	2151.75	183.3333282470703	1943.166625976563	43059.5	
560.6939697265625	2118.333251953125	183.3333282470703	1793.	42348.08203125	
561.9400024414063	2010.	108.3333358764648	1943.083374023438	43754.41796875	
563.1859741210938	2026.666625976563	233.3333282470703	1959.833374023438	42625.66796875	
564.4320068359375	1893.25	141.6666717529297	2326.833251953125	43612.08203125	
565.677978515625	1934.75	150.	2168.416748046875	43243.83203125	
566.9240112304688	2110.	158.3333282470703	2135.	41387.5	
568.1699829101563	1667.916625976563	183.3333282470703	2118.333251953125	43009.	
569.416015625	1976.416625976563	125.	2210.083251953125	43243.91796875	
570.6619873046875	2076.75	191.6666717529297	1843.25	42348.66796875	
571.9080200195313	2118.333251953125	200.	2026.666625976563	43193.33203125	
573.1539916992188	1893.166625976563	166.6666717529297	2193.416748046875	43838.08203125	
574.4000244140625	1943.25	166.6666717529297	1943.25	42056.58203125	
575.64599609375	2001.666625976563	158.3333282470703	1851.25	43578.	
576.8920288085938	2251.916748046875	125.	1784.75	42959.33203125	
578.1380004882813	2168.5	200.	2118.5	42524.16796875	
579.3839721679688	2168.416748046875	183.3333282470703	2235.25	44079.91796875	
580.6300048828125	1634.416625976563	125.	1959.916625976563	42040.08203125	
581.8759765625	1884.75	166.6666717529297	2051.583251953125	43955.08203125	
583.1220092773438	3228.416748046875	133.3333282470703	2285.333251953125	44748.91796875	
584.3679809570313	2026.666625976563	125.	1834.666625976563	40927.5	
585.614013671875	1968.083374023438	108.3333358764648	1943.083374023438	42466.16796875	
586.8599853515625	1817.916625976563	133.3333282470703	2452.083251953125	42984.83203125	
588.1060180664063	1918.166625976563	141.6666717529297	2126.75	43068.41796875	
589.3519897460938	2226.75	125.	2101.583251953125	42683.91796875	
590.5980224609375	2101.75	200.	2185.083251953125	43679.16796875	
591.843994140625	1776.416625976563	241.6666717529297	2068.416748046875	42827.83203125	
593.0900268554688	1884.583374023438	150.	1884.666625976563	43962.16796875	
594.3359985351563	1985.	125.	2118.333251953125	43546.25	
595.5819702148438	1960.	116.6666641235352	2226.833251953125	42767.75	
596.8280029296875	1934.916625976563	275.	2126.75	43411.08203125	
598.073974609375	1968.25	150.	1926.583374023438	43276.5	
599.3200073242188	1943.083374023438	175.	1909.75	42641.16796875	
600.5659790039063	1934.75	166.6666717529297	2143.5	43519.58203125	
601.81201171875	1959.833374023438	150.	2059.916748046875	42383.16796875	
603.0579833984375	2268.583251953125	150.	1968.25	41563.16796875	
604.3040161132813	1893.166625976563	175.	2118.333251953125	43754.16796875	
605.5499877929688	1751.333374023438	108.3333358764648	2168.5	42215.25	
606.7960205078125	1843.166625976563	275.	2110.	43493.75	
608.0419921875	2260.25	158.3333282470703	1734.666625976563	42775.25	
609.2880249023438	1934.75	108.3333358764648	2001.583374023438	42249.	
610.5339965820313	1934.75	266.6666564941406	1893.083374023438	43560.75	
611.780029296875	2009.833374023438	125.	2226.916748046875	43410.83203125	
613.0260009765625	1993.25	166.6666717529297	2168.333251953125	43118.08203125	
614.27197265625	2418.75	166.6666717529297	2218.5	42591.66796875	
615.5180053710938	1818.	241.6666717529297	2018.25	42976.58203125	
616.7639770507813	1918.166625976563	150.	2068.166748046875	43787.33203125	
618.010009765625	1918.166625976563	125.	2176.833251953125	42358.25	
619.2559814453125	1909.833374023438	125.	2043.333374023438	44606.33203125	
620.5020141601563	2026.666625976563	191.6666717529297	1918.25	42549.	
621.7479858398438	1859.666625976563	158.3333282470703	2043.166625976563	43888.58203125	
622.9940185546875	1876.5	150.	2343.666748046875	41253.08203125	
624.239990234375	2076.5	250.	2009.916625976563	42658.25	
625.4860229492188	1934.833374023438	191.6666717529297	1918.25	43887.41796875	
626.7319946289063	2093.333251953125	91.66666412353516	2076.833251953125	42449.25	
627.9769897460938	1809.833374023438	141.6666717529297	1909.75	43628.58203125	
629.2230224609375	1959.833374023438	150.	2093.416748046875	42031.5	
630.468994140625	2251.75	141.6666717529297	2201.833251953125	42190.41796875	
631.7150268554688	2018.166625976563	141.6666717529297	1884.75	43227.08203125	
632.9609985351563	1918.083374023438	183.3333282470703	1901.583374023438	42766.83203125	
634.2069702148438	1751.333374023438	166.6666717529297	1951.5	43419.08203125	
635.4530029296875	2126.833251953125	166.6666717529297	1934.75	43636.5	
636.698974609375	2185.25	133.3333282470703	2085.	43603.41796875	
637.9450073242188	1818.166625976563	125.	2035.166625976563	42826.33203125	
639.1909790039063	1901.583374023438	233.3333282470703	2235.25	43276.5	
640.43701171875	1801.25	100.	2218.333251953125	42373.91796875	
641.6829833984375	1976.666625976563	191.6666717529297	2101.75	43118.33203125	
642.9290161132813	2126.833251953125	141.6666717529297	2026.75	43285.08203125	
644.1749877929688	1984.75	133.3333282470703	2160.083251953125	42725.58203125	
645.4210205078125	2135.	158.3333282470703	1893.083374023438	43595.08203125	
646.6669921875	1642.833374023438	133.3333282470703	2160.25	43402.83203125	
647.9130249023438	2051.75	166.6666717529297	2168.416748046875	43786.91796875	
649.1589965820313	2001.75	175.	1859.833374023438	44739.83203125	
650.405029296875	2101.583251953125	200.	2018.333374023438	43135.25	
651.6510009765625	2160.	150.	2051.666748046875	42441.16796875	
652.89697265625	1809.75	225.	1892.916625976563	42073.16796875	
654.1430053710938	2160.083251953125	108.3333358764648	2126.583251953125	43829.58203125	
655.3889770507813	1901.416625976563	158.3333282470703	2051.583251953125	43143.08203125	
656.635009765625	1768.	141.6666717529297	1968.166625976563	42684.25	
657.8809814453125	1767.916625976563	166.6666717529297	1926.5	43394.16796875	
659.1270141601563	2243.583251953125	266.6666564941406	1826.333374023438	42934.75	
660.3729858398438	1776.416625976563	216.6666717529297	2051.583251953125	43695.	
661.6190185546875	1884.75	200.	1909.75	42374.25	
662.864990234375	1943.166625976563	141.6666717529297	2051.583251953125	42540.58203125	
664.1110229492188	2235.25	108.3333358764648	2218.5	42992.16796875	
665.3569946289063	2168.333251953125	66.66666412353516	2043.25	43210.33203125	
666.60302734375	2068.333251953125	125.	2060.083251953125	43286.16796875	
667.8489990234375	2110.	175.	2326.916748046875	44055.	
669.094970703125	2009.916625976563	141.6666717529297	11193.5830078125	44748.83203125	
670.3410034179688	1976.583374023438	125.	2001.583374023438	43260.25	
671.5869750976563	1759.583374023438	166.6666717529297	2193.5	42867.83203125	
672.8330078125	2101.583251953125	116.6666641235352	2235.333251953125	43763.33203125	
674.0789794921875	2143.5	233.3333282470703	2226.916748046875	43478.66796875	
675.3250122070313	1901.333374023438	133.3333282470703	1976.333374023438	43327.16796875	
676.5709838867188	2018.166625976563	116.6666641235352	1968.25	42908.83203125	
677.8170166015625	2160.	150.	2218.25	41646.75	
679.06298828125	1868.083374023438	175.	1926.583374023438	42691.25	
680.3090209960938	1884.916625976563	275.	1818.	42416.16796875	
681.5549926757813	1951.5	108.3333358764648	2326.833251953125	43828.5	
682.801025390625	1951.5	141.6666717529297	2118.25	42816.41796875	
684.0469970703125	2051.666748046875	158.3333282470703	3729.	42248.25	
685.2930297851563	1776.333374023438	158.3333282470703	2176.833251953125	43201.91796875	
686.5390014648438	1984.833374023438	125.	1959.833374023438	42967.83203125	
687.7849731445313	2268.5	133.3333282470703	2093.333251953125	42992.16796875	
689.031005859375	1834.666625976563	158.3333282470703	2986.333251953125	43285.75	
690.2769775390625	1834.666625976563	175.	1834.833374023438	42817.41796875	
691.5230102539063	1951.666625976563	150.	2193.583251953125	41981.08203125	
692.7689819335938	2018.333374023438	183.3333282470703	2085.083251953125	43737.16796875	
694.0150146484375	2201.75	241.6666717529297	2001.583374023438	42925.58203125	
695.260986328125	1918.166625976563	141.6666717529297	2276.916748046875	42190.5	
696.5070190429688	2101.666748046875	175.	2318.5	42617.	
697.7529907226563	2001.666625976563	216.6666717529297	2060.	42223.25	
698.9990234375	2001.583374023438	141.6666717529297	2110.	44289.66796875	
700.2449951171875	1859.916625976563	166.6666717529297	1901.416625976563	42340.08203125	
701.4910278320313	2110.166748046875	125.	3219.833251953125	43085.08203125	
702.7369995117188	2160.083251953125	175.	2552.083251953125	43184.41796875	
703.9819946289063	2026.5	166.6666717529297	2026.75	43469.58203125	
705.22802734375	1976.5	283.3333435058594	5365.83349609375	43310.16796875	
706.4739990234375	1893.166625976563	141.6666717529297	2085.	42692.08203125	
707.719970703125	2168.416748046875	216.6666717529297	2126.75	42558.08203125	
708.9660034179688	1893.083374023438	158.3333282470703	2110.083251953125	43168.66796875	
710.2119750976563	2043.333374023438	200.	2118.5	42634.33203125	
711.4580078125	2176.833251953125	183.3333282470703	2001.583374023438	43554.25	
712.7039794921875	2118.5	191.6666717529297	1834.75	42658.	
713.9500122070313	1751.333374023438	158.3333282470703	2301.916748046875	43001.91796875	
715.1959838867188	2051.666748046875	166.6666717529297	2051.583251953125	41638.16796875	
716.4420166015625	1818.166625976563	83.33333587646484	2059.833251953125	43026.83203125	
717.68798828125	1684.583374023438	225.	1918.25	43410.5	
718.9340209960938	1818.166625976563	183.3333282470703	2093.416748046875	44589.	
720.1799926757813	2135.	116.6666641235352	2059.833251953125	44489.75	
721.426025390625	1876.333374023438	200.	1909.666625976563	42608.	
722.6719970703125	1851.5	141.6666717529297	2268.666748046875	43678.58203125	
723.9180297851563	1551.166625976563	141.6666717529297	2185.166748046875	43009.	
725.1640014648438	2026.5	116.6666641235352	2210.083251953125	42934.25	
726.4099731445313	1918.083374023438	116.6666641235352	1959.916625976563	42792.5	
727.656005859375	1726.333374023438	150.	2276.833251953125	42649.83203125	
728.9019775390625	1692.916625976563	158.3333282470703	2084.916748046875	43077.	
730.1480102539063	1818.083374023438	166.6666717529297	1884.833374023438	44046.25	
731.3939819335938	1767.916625976563	183.3333282470703	2093.416748046875	43687.33203125	
732.6400146484375	1934.916625976563	150.	1801.416625976563	43344.41796875	
733.885986328125	2059.833251953125	166.6666717529297	1984.833374023438	43561.5	
735.1320190429688	2018.25	183.3333282470703	2068.25	42683.5	
736.3779907226563	2193.416748046875	141.6666717529297	2051.75	44338.33203125	
737.6240234375	2076.75	116.6666641235352	1834.75	43419.58203125	
738.8699951171875	2034.833374023438	175.	1868.083374023438	43336.16796875	
740.1160278320313	1834.916625976563	191.6666717529297	1943.166625976563	45125.16796875	
741.3619995117188	2059.916748046875	158.3333282470703	1776.166625976563	43844.75	
742.6079711914063	2235.25	150.	2051.583251953125	43252.91796875	
743.85400390625	2135.083251953125	308.3333435058594	1843.083374023438	41922.41796875	
745.0999755859375	1868.25	66.66666412353516	2151.75	43184.41796875	
746.3460083007813	1726.333374023438	133.3333282470703	2076.75	41663.16796875	
747.5919799804688	1843.	166.6666717529297	1834.833374023438	42825.5	
748.8380126953125	2001.583374023438	125.	2026.5	43093.33203125	
750.083984375	1851.333374023438	116.6666641235352	1834.75	44046.41796875	
751.3300170898438	1984.75	158.3333282470703	2110.083251953125	44313.75	
752.5759887695313	1984.833374023438	158.3333282470703	2009.916625976563	42892.41796875	
753.822021484375	1776.333374023438	133.3333282470703	2226.833251953125	43277.5	
755.0679931640625	2343.583251953125	158.3333282470703	4238.83349609375	43845.75	
756.3140258789063	1809.75	175.	2310.333251953125	44221.58203125	
757.5599975585938	2059.916748046875	75.	2126.833251953125	41362.33203125	
758.8060302734375	1851.5	125.	2210.166748046875	43578.41796875	
760.052001953125	1751.333374023438	233.3333282470703	2393.833251953125	42901.83203125	
761.2979736328125	1726.25	200.	5458.91650390625	42064.41796875	
762.5440063476563	1809.666625976563	158.3333282470703	2101.833251953125	43169.41796875	
763.7899780273438	2068.5	175.	1926.583374023438	42465.75	
765.0360107421875	1909.916625976563	183.3333282470703	1968.25	42065.	
766.281982421875	2026.5	266.6666564941406	2068.25	42491.83203125	
767.5280151367188	1893.166625976563	250.	2176.833251953125	43787.66796875	
768.7739868164063	1642.833374023438	108.3333358764648	2126.75	42055.83203125	
770.02001953125	1768.083374023438	75.	2360.333251953125	42173.41796875	
771.2659912109375	1884.833374023438	225.	1918.083374023438	44774.08203125	
772.5120239257813	2110.083251953125	208.3333282470703	1818.	43294.	
773.7579956054688	1868.	175.	2268.5	43763.	
775.0040283203125	1976.583374023438	250.	1943.166625976563	41964.25	
776.25	1801.416625976563	116.6666641235352	2009.916625976563	41964.66796875	
777.4959716796875	2051.5	116.6666641235352	2235.083251953125	43060.83203125	
778.7410278320313	1909.833374023438	125.	2201.666748046875	42767.58203125	
779.9869995117188	1759.75	116.6666641235352	1951.5	43059.58203125	
781.2329711914063	2001.5	183.3333282470703	1959.75	42323.25	
782.47900390625	2151.916748046875	125.	2527.25	44238.75	
783.7249755859375	2852.666748046875	291.75	6369.16650390625	43469.83203125	
784.9710083007813	2385.5	158.3333282470703	2977.833251953125	42030.58203125	
786.2169799804688	6695.41650390625	150.	7205.08349609375	43527.91796875	
787.4630126953125	2268.5	116.6666641235352	3879.	42791.5	
788.708984375	4329.75	200.	2285.166748046875	43335.25	
789.9550170898438	2418.833251953125	175.	2452.	44733.08203125	
791.2009887695313	2085.083251953125	200.	2343.666748046875	43118.66796875	
792.447021484375	5406.58349609375	175.	3520.166748046875	44297.58203125	
793.6929931640625	3286.5	158.3333282470703	2210.083251953125	42340.66796875	
794.9390258789063	1859.833374023438	233.3333282470703	2059.916748046875	42943.75	
796.1849975585938	1818.083374023438	133.3333282470703	2160.	42340.75	
797.4310302734375	9418.4169921875	116.6666641235352	1984.833374023438	41922.33203125	
798.677001953125	2151.75	141.6666717529297	1901.416625976563	41738.58203125	
799.9229736328125	1734.666625976563	75.	2093.333251953125	43244.08203125	
801.1690063476563	1659.5	91.66666412353516	1959.833374023438	42675.16796875	
802.4149780273438	1843.083374023438	216.6666717529297	2134.916748046875	42933.83203125	
803.6610107421875	1726.333374023438	133.3333282470703	2143.416748046875	43544.16796875	
804.906982421875	1759.75	208.3333282470703	2101.583251953125	42908.75	
806.1530151367188	1859.75	141.6666717529297	2135.083251953125	43201.41796875	
807.3989868164063	2110.083251953125	183.3333282470703	2118.25	43912.33203125	
808.64501953125	1751.25	158.3333282470703	2068.333251953125	44256.58203125	
809.8909912109375	1834.75	116.6666641235352	2568.916748046875	41956.66796875	
811.1370239257813	1884.833374023438	191.6666717529297	2135.083251953125	43126.66796875	
812.3829956054688	2051.666748046875	100.	2193.333251953125	41914.75	
813.6290283203125	2018.333374023438	158.3333282470703	2143.333251953125	42357.66796875	
814.875	2377.	150.	2468.75	43661.66796875	
816.1209716796875	1918.166625976563	166.6666717529297	2168.5	40836.25	
817.3670043945313	1976.583374023438	133.3333282470703	2101.666748046875	43301.66796875	
818.6129760742188	2076.75	50.	1851.416625976563	42290.58203125	
819.8590087890625	1884.75	133.3333282470703	2068.333251953125	42717.41796875	
821.10498046875	2101.75	91.66666412353516	2202.	41998.41796875	
822.3510131835938	1909.75	141.6666717529297	2201.75	43285.75	
823.5969848632813	1818.166625976563	116.6666641235352	2001.666625976563	41604.91796875	
824.843017578125	2777.583251953125	133.3333282470703	2009.916625976563	42424.	
826.0889892578125	2018.333374023438	200.	1951.666625976563	41705.5	
827.3350219726563	1834.833374023438	208.3333282470703	1809.583374023438	43461.	
828.5809936523438	8772.9169921875	133.3333282470703	2418.75	42482.91796875	
829.8270263671875	2026.583374023438	225.	2360.25	41655.25	
831.072998046875	2010.083374023438	75.	3144.75	44071.16796875	
832.3189697265625	2135.	191.6666717529297	2193.333251953125	42976.25	
833.5650024414063	2110.083251953125	150.	1976.5	42473.66796875	
834.8109741210938	1742.916625976563	108.3333358764648	2268.666748046875	43896.08203125	
836.0570068359375	1876.5	133.3333282470703	2911.083251953125	42107.	
837.302978515625	2126.75	150.	2143.333251953125	42817.66796875	
838.5490112304688	1768.083374023438	191.6666717529297	1959.75	42750.25	
839.7949829101563	2110.083251953125	166.6666717529297	2126.583251953125	43118.41796875	
841.041015625	2043.25	158.3333282470703	2210.083251953125	43227.08203125	
842.2869873046875	2293.416748046875	141.6666717529297	4130.08349609375	42047.91796875	
843.5330200195313	2911.166748046875	200.	2510.5	42800.5	
844.7789916992188	2076.666748046875	133.3333282470703	2318.416748046875	42901.08203125	
846.0250244140625	1834.75	183.3333282470703	2001.5	42792.25	
847.27099609375	2251.833251953125	208.3333282470703	2460.416748046875	42524.66796875	
848.5170288085938	2293.583251953125	158.3333282470703	2060.	42649.25	
849.7630004882813	2101.666748046875	175.	2135.166748046875	43068.08203125	
851.0089721679688	2160.166748046875	141.6666717529297	2051.583251953125	43870.91796875	
852.2550048828125	1918.083374023438	158.3333282470703	2084.916748046875	41840.41796875	
853.5009765625	1951.5	175.	2226.916748046875	42599.83203125	
854.7459716796875	2009.833374023438	183.4166717529297	2001.666625976563	42975.91796875	
855.9920043945313	2151.75	200.	2135.166748046875	42332.83203125	
857.2379760742188	1993.25	158.3333282470703	2084.916748046875	42340.08203125	
858.4840087890625	2026.666625976563	208.3333282470703	2185.083251953125	42825.33203125	
859.72998046875	1826.416625976563	183.3333282470703	1993.166625976563	43310.5	
860.9760131835938	2018.166625976563	141.6666717529297	2043.5	43878.5	
862.2219848632813	1951.666625976563	183.3333282470703	2043.083374023438	42783.25	
863.468017578125	1768.	191.6666717529297	2210.	41980.91796875	
864.7139892578125	1626.083374023438	150.	3545.583251953125	42482.41796875	
865.9600219726563	1976.5	125.	2293.5	43284.75	
867.2059936523438	3604.166748046875	125.	2327.	43009.25	
868.4520263671875	2060.	158.3333282470703	2218.5	43277.5	
869.697998046875	2827.583251953125	150.	1951.583374023438	42207.	
870.9439697265625	2018.333374023438	108.3333358764648	2026.666625976563	44631.41796875	
872.1900024414063	2018.333374023438	208.3333282470703	2235.166748046875	41679.83203125	
873.4359741210938	1809.666625976563	183.3333282470703	1709.666625976563	42900.75	
874.6820068359375	1826.416625976563	175.	2485.5	41537.75	
875.927978515625	1917.916625976563	183.3333282470703	2335.25	42339.91796875	
877.1740112304688	1817.916625976563	208.3333282470703	2151.666748046875	41931.08203125	
878.4199829101563	2026.5	158.3333282470703	3495.083251953125	42056.75	
879.666015625	4029.416748046875	400.0833435058594	7835.25	42132.66796875	
880.9119873046875	7835.	375.	48399.94921875	42582.83203125	
882.1580200195313	24972.5	825.6666870117188	70805.1640625	42139.	
883.4039916992188	41673.	24637.681640625	174074.265625	44138.5	
884.6500244140625	60938.5	400.0833435058594	60074.60546875	44322.41796875	
885.89599609375	192850.28125	10208.1669921875	79125.5859375	42625.66796875	
887.1420288085938	795871.8125	1226.083374023438	458997.75	43578.25	
888.3880004882813	798921.875	491.6666564941406	271487.84375	43034.91796875	
889.6339721679688	128686.6953125	3949.333251953125	90589.5703125	43738.08203125	
890.8800048828125	26460.416015625	2829.5	28539.916015625	47704.25	
892.1259765625	46317.41796875	959.25	62418.578125	43963.	
893.3720092773438	32136.75	258.3333435058594	38846.90625	42541.25	
894.6179809570313	11001.6669921875	183.3333282470703	43287.54296875	44003.91796875	
895.864013671875	79344.3671875	617.0833129882813	7802.66650390625	45000.25	
897.1099853515625	6482.41650390625	250.0833282470703	58877.21875	43962.08203125	
898.3560180664063	6875.5	2261.75	3194.666748046875	43819.91796875	
899.6019897460938	6910.	275.	3578.666748046875	44330.16796875	
900.8480224609375	4129.16650390625	191.6666717529297	2877.666748046875	41663.91796875	
902.093994140625	4564.16650390625	141.6666717529297	21564.783203125	41446.25	
903.3400268554688	13297.9169921875	233.3333282470703	47549.125	43168.5	
904.5859985351563	2251.916748046875	183.3333282470703	2360.416748046875	42926.66796875	
905.8319702148438	2110.083251953125	150.	2143.333251953125	44548.08203125	
907.0780029296875	2193.416748046875	233.3333282470703	2076.666748046875	42374.58203125	
908.323974609375	1843.	66.66666412353516	2060.083251953125	42792.25	
909.5700073242188	1701.25	158.3333282470703	1960.	43511.41796875	
910.8159790039063	1926.333374023438	133.3333282470703	1851.416625976563	43386.08203125	
912.06201171875	2059.916748046875	208.3333282470703	2068.416748046875	43319.58203125	
913.3079833984375	2293.583251953125	150.	2076.666748046875	44739.66796875	
914.5540161132813	1918.166625976563	108.3333358764648	2176.583251953125	41287.66796875	
915.7999877929688	2185.083251953125	125.	2126.75	43127.08203125	
917.0460205078125	2251.916748046875	141.6666717529297	1885.	42148.41796875	
918.2919921875	1859.583374023438	141.6666717529297	2034.833374023438	43978.91796875	
919.5380249023438	2185.	183.3333282470703	3144.75	43719.83203125	
920.7839965820313	1934.75	225.	1934.833374023438	43712.	
922.030029296875	2443.75	133.3333282470703	2110.083251953125	42766.75	
923.2760009765625	3145.083251953125	166.6666717529297	2035.	41387.25	
924.52197265625	1784.833374023438	158.3333282470703	2110.	41763.66796875	
925.7680053710938	1901.5	200.	2268.583251953125	43151.83203125	
927.0139770507813	1809.666625976563	133.3333282470703	2001.583374023438	43218.5	
928.260009765625	2060.	175.	2110.	43553.41796875	
929.5059814453125	1584.583374023438	116.6666641235352	1984.916625976563	43025.75	
930.7509765625	1776.5	100.	2719.166748046875	44849.66796875	
931.9970092773438	2085.083251953125	83.33333587646484	2118.416748046875	42976.	
933.2429809570313	1884.833374023438	150.	2251.833251953125	43862.83203125	
934.489013671875	1759.5	150.0833282470703	2185.083251953125	42767.25	
935.7349853515625	1934.916625976563	166.6666717529297	2493.916748046875	43361.16796875	
936.9810180664063	2110.	108.3333358764648	2477.083251953125	43352.66796875	
938.2269897460938	3370.	166.6666717529297	17501.015625	42599.75	
939.4730224609375	4137.75	4844.58349609375	6878.91650390625	43385.91796875	
940.718994140625	206962.390625	183.3333282470703	19696.916015625	42825.58203125	
941.9650268554688	13714.	241.75	10453.	43225.66796875	
943.2109985351563	23877.25	233.3333282470703	23904.830078125	41914.33203125	
944.4569702148438	11652.0830078125	150.	7285.08349609375	42324.33203125	
945.7030029296875	12748.9169921875	241.6666717529297	117443.890625	46764.91796875	
946.948974609375	26104.916015625	850.6666870117188	6333.25	43151.83203125	
948.1950073242188	10408.0830078125	150.	16297.5830078125	42216.	
949.4409790039063	90828.6484375	275.0833435058594	3011.	42843.08203125	
950.68701171875	14283.3330078125	116.6666641235352	3294.916748046875	41286.91796875	
951.9329833984375	2426.916748046875	141.6666717529297	3871.416748046875	42875.91796875	
953.1790161132813	2135.083251953125	91.66666412353516	1968.083374023438	41228.58203125	
954.4249877929688	3361.666748046875	125.	2260.166748046875	42256.5	
955.6710205078125	39337.58984375	108.3333358764648	2059.833251953125	41278.08203125	
956.9169921875	2060.083251953125	158.3333282470703	2185.083251953125	41563.16796875	
958.1630249023438	1859.833374023438	150.	2318.583251953125	42809.16796875	
959.4089965820313	2085.083251953125	191.6666717529297	2185.25	40434.08203125	
960.655029296875	1951.5	150.	1843.083374023438	41588.25	
961.9010009765625	3195.083251953125	250.	2168.333251953125	41630.33203125	
963.14697265625	2151.666748046875	125.	2035.	40400.83203125	
964.3930053710938	1809.583374023438	183.3333282470703	2301.916748046875	40676.91796875	
965.6389770507813	2026.666625976563	208.3333282470703	2226.916748046875	42131.5	
966.885009765625	1968.166625976563	183.3333282470703	1968.166625976563	40768.5	
968.1309814453125	1801.333374023438	100.	2035.083374023438	42273.66796875	
969.3770141601563	1834.666625976563	216.6666717529297	2010.083374023438	41856.08203125	
970.6229858398438	2118.333251953125	166.6666717529297	2043.25	41069.75	
971.8690185546875	1818.083374023438	175.	2101.666748046875	40969.66796875	
973.114990234375	1918.25	183.3333282470703	2243.583251953125	42031.08203125	
974.3610229492188	1818.	158.3333282470703	2076.833251953125	39749.41796875	
975.6069946289063	1960.	200.	2285.083251953125	40718.	
976.85302734375	1776.333374023438	100.	2009.833374023438	42031.75	
978.0989990234375	2001.416625976563	166.6666717529297	2143.416748046875	39439.91796875	
979.344970703125	2009.916625976563	116.6666641235352	2168.416748046875	40659.91796875	
980.5910034179688	1943.	158.3333282470703	2393.583251953125	42106.25	
981.8369750976563	1859.833374023438	233.3333282470703	2252.	40635.25	
983.0830078125	1851.333374023438	216.6666717529297	2393.75	41570.66796875	
984.3289794921875	1684.583374023438	133.3333282470703	1884.833374023438	40802.5	
985.5750122070313	1909.75	150.	1909.916625976563	38754.66796875	
986.8209838867188	1951.666625976563	200.	1968.083374023438	40141.	
988.0670166015625	1634.5	241.6666717529297	1734.583374023438	39691.08203125	
989.31298828125	2076.666748046875	116.6666641235352	1901.5	40919.08203125	
990.5590209960938	2060.083251953125	150.	2076.833251953125	40224.91796875	
991.8049926757813	2010.	225.	2043.333374023438	40627.16796875	
993.051025390625	2176.75	75.	1826.416625976563	39231.08203125	
994.2969970703125	1851.333374023438	166.6666717529297	2218.5	41730.41796875	
995.5430297851563	2018.333374023438	200.	2151.75	40476.58203125	
996.7890014648438	1901.5	216.6666717529297	2201.916748046875	39673.58203125	
