Trace for Mass:	Na23(LR)	Mg25(LR)	Cu63(LR)	Pb208(LR)
Resolution:	Low	Low	Low	Low
				
Time	Intensity	Intensity	Intensity	Intensity
[sec]	[cps]	[cps]	[cps]	[cps]

1.25	51216.25	1151.	1242.416625976563	183.3333282470703	
2.497999906539917	49510.5	1150.75	1042.416625976563	225.	
3.746000051498413	50488.75	1151.	1242.416625976563	191.6666717529297	
4.99399995803833	49385.	1376.	1350.916625976563	166.6666717529297	
6.242000102996826	51090.75	975.5	1401.083374023438	233.3333282470703	
7.489999771118164	4276771.	1201.	1467.666625976563	216.6666717529297	
8.73900032043457	88620.75	1300.75	1342.583374023438	175.	
9.987000465393066	98694.	1426.	1517.75	225.	
11.23499965667725	90067.5	950.75	1234.25	166.6666717529297	
12.48299980163574	118114.	1450.75	1684.5	208.3333282470703	
13.73099994659424	107223.5	1426.	1384.25	200.	
14.97900009155273	147001.	1651.25	1651.25	258.3333435058594	
16.22699928283691	112617.	1075.5	1692.916625976563	325.	
17.47500038146973	133596.5	1225.75	1459.25	108.3333358764648	
18.72299957275391	115775.	1201.	1392.5	258.3333435058594	
19.97100067138672	87504.5	1050.75	1717.833374023438	283.3333435058594	
21.2189998626709	162418.96875	1325.75	1617.75	91.66666412353516	
22.46800041198731	114497.	1526.25	1292.416625976563	225.	
23.71599960327148	264794.625	1175.75	8184.625	200.	
24.9640007019043	92442.75	1025.5	1626.166625976563	133.3333282470703	
26.21199989318848	282200.09375	1175.75	1184.166625976563	233.3333282470703	
27.45999908447266	102274.5	1175.75	1626.083374023438	225.	
28.70800018310547	64296.	975.5	1350.916625976563	341.6666564941406	
29.95599937438965	228619.5625	950.5	1392.666625976563	216.6666717529297	
31.20400047302246	59949.5	1626.25	1359.333374023438	166.6666717529297	
32.45199966430664	83194.5	1651.25	1659.5	258.3333435058594	
33.70000076293945	103533.75	1476.25	1392.666625976563	166.6666717529297	
34.94800186157227	268823.96875	3028.	1542.916625976563	233.3333282470703	
36.19699859619141	74419.5	750.25	1501.083374023438	258.3333435058594	
37.44499969482422	71909.75	1050.75	1334.166625976563	258.3333435058594	
38.69300079345703	78594.5	1201.	1392.583374023438	116.6666641235352	
39.94100189208984	91092.75	875.25	1392.583374023438	225.	
41.18899917602539	82924.	1175.75	1242.5	266.6666564941406	
42.4370002746582	66653.5	1225.75	1242.583374023438	133.3333282470703	
43.68500137329102	210776.234375	1275.75	1501.083374023438	175.	
44.93299865722656	76099.75	5630.75	1342.583374023438	225.	
46.18099975585938	75673.	15020.25	1526.083374023438	350.0833435058594	
47.42900085449219	78183.	22161.	1718.	2019.166625976563	
48.67699813842773	135762.	24418.25	1275.666625976563	525.1666870117188	
49.92499923706055	328987.34375	63495.	1326.	275.	
51.17399978637695	211516.	21333.25	1634.416625976563	1393.	
52.42200088500977	559613.5625	81299.765625	1384.25	258.3333435058594	
53.66999816894531	294471.25	12090.25	1384.25	333.4166564941406	
54.91799926757813	198795.5	15726.75	1818.166625976563	316.75	
56.16600036621094	118875.5	6883.	1067.25	316.6666564941406	
57.41400146484375	92077.5	2577.	1584.5	316.6666564941406	
58.6619987487793	126406.5	2627.25	1893.25	250.	
59.90999984741211	77954.5	17942.5	1142.333374023438	183.3333282470703	
61.15800094604492	65195.75	3027.75	1417.666625976563	208.3333282470703	
62.40599822998047	96492.75	3153.	1434.333374023438	300.0833435058594	
63.65399932861328	160392.	3728.75	1317.583374023438	208.3333282470703	
64.90299987792969	59021.25	1676.25	1517.75	175.	
66.1510009765625	57063.	2727.5	1384.25	416.6666564941406	
67.39900207519531	56435.75	975.5	1459.416625976563	225.	
68.64700317382813	56034.	2327.25	1392.583374023438	275.	
69.89499664306641	53876.	1476.	1751.333374023438	308.3333435058594	
71.14299774169922	56763.25	1375.75	1342.5	300.	
72.39099884033203	57340.5	875.5	1159.083374023438	175.	
73.63899993896484	57791.75	950.5	1242.5	208.3333282470703	
74.88700103759766	55482.5	1601.25	1325.916625976563	250.	
76.13500213623047	66681.5	1100.75	1242.5	175.	
77.38300323486328	52521.75	1501.	1259.25	266.6666564941406	
78.63200378417969	50237.5	950.5	1551.083374023438	200.	
79.87999725341797	54404.25	1150.75	1367.416625976563	183.3333282470703	
81.12799835205078	50388.5	1200.5	1960.	150.	
82.37599945068359	191356.953125	1150.75	1317.5	250.	
83.62400054931641	51442.25	1501.25	1159.083374023438	216.6666717529297	
84.87200164794922	51718.	1325.75	1284.333374023438	166.6666717529297	
86.12000274658203	57891.5	5306.5	1759.75	208.3333282470703	
87.36799621582031	60251.25	1401.	1417.583374023438	166.6666717529297	
88.61599731445313	52495.75	1075.25	1467.666625976563	250.	
89.86399841308594	71239.	1275.75	2168.5	208.3333282470703	
91.11199951171875	55055.25	1150.75	1526.083374023438	208.3333282470703	
92.36100006103516	53650.	1025.5	1609.416625976563	283.3333435058594	
93.60900115966797	59473.	1025.75	1184.	166.6666717529297	
94.85700225830078	52420.75	1851.5	1667.833374023438	241.6666717529297	
96.10500335693359	80279.5	1401.	1326.083374023438	191.6666717529297	
97.35299682617188	77093.25	1776.5	1659.416625976563	175.	
98.60099792480469	53399.25	950.5	1542.75	250.	
99.8489990234375	65833.5	1426.	1534.583374023438	108.3333358764648	
101.0970001220703	59448.5	1175.75	1459.333374023438	208.3333282470703	
102.3450012207031	62112.75	1250.75	1284.083374023438	166.6666717529297	
103.5930023193359	55307.75	1025.75	1517.666625976563	250.	
104.8410034179688	62259.75	1401.25	1259.166625976563	308.3333435058594	
106.0899963378906	56561.75	1526.	1400.916625976563	258.3333435058594	
107.3379974365234	58495.75	1525.75	1417.5	150.	
108.5859985351563	50889.75	1526.	1476.083374023438	216.6666717529297	
109.8339996337891	54505.25	1100.5	1442.583374023438	241.6666717529297	
111.0820007324219	50313.25	1301.	1209.	166.6666717529297	
112.3300018310547	53424.25	1125.5	1425.916625976563	300.	
113.5780029296875	53123.25	1125.5	1300.833374023438	200.	
114.8259963989258	54856.	2177.	1951.583374023438	233.3333282470703	
116.0739974975586	54955.25	2001.75	1601.083374023438	175.	
117.3219985961914	56665.25	2026.75	1609.583374023438	241.6666717529297	
118.5699996948242	56862.	10995.75	2995.	583.5833129882813	
119.8190002441406	65009.75	5557.25	3111.416748046875	516.8333129882813	
121.0670013427734	61882.	2652.25	4313.75	1334.25	
122.3150024414063	74037.	85979.15625	6268.33349609375	1250.916625976563	
123.5630035400391	102464.5	22576.25	3478.416748046875	2469.083251953125	
124.8109970092773	66854.5	3628.5	2886.	4497.91650390625	
126.0589981079102	54453.25	5330.5	8097.91650390625	3571.	
127.306999206543	80287.5	2927.75	3128.	1809.916625976563	
128.5549926757813	63842.25	3879.	2802.5	1359.333374023438	
129.8029937744141	106793.5	14198.	2185.25	633.4166870117188	
131.0509948730469	77557.	3954.	1851.416625976563	750.3333129882813	
132.2989959716797	102233.75	7860.25	1809.666625976563	850.5	
133.5469970703125	78814.25	19485.25	2018.25	191.6666717529297	
134.7960052490234	72556.25	2301.75	2318.666748046875	833.9166870117188	
136.0440063476563	70230.25	2477.5	1818.083374023438	508.5833435058594	
137.2920074462891	74948.75	1901.75	1843.083374023438	475.1666564941406	
138.5399932861328	78059.75	2902.5	1951.583374023438	358.3333435058594	
139.7879943847656	110267.5	1626.	2393.75	200.	
141.0359954833984	64748.5	875.5	1918.25	300.	
142.2839965820313	71384.25	1626.	1734.583374023438	358.4166564941406	
143.5319976806641	78332.5	1225.75	2468.75	241.6666717529297	
144.7799987792969	64243.5	1301.	3378.416748046875	225.	
146.0279998779297	124069.25	1476.	1592.75	466.8333435058594	
147.2760009765625	85317.	1350.75	2143.416748046875	516.9166870117188	
148.5249938964844	66505.75	2176.75	6593.58349609375	458.3333435058594	
149.7729949951172	68133.75	1526.	3011.	541.8333129882813	
151.02099609375	76461.75	1926.75	2710.833251953125	633.5833129882813	
152.2689971923828	144580.796875	1476.	4447.75	166.6666717529297	
153.5169982910156	58469.	4079.25	2118.333251953125	366.6666564941406	
154.7649993896484	99161.75	2502.	1884.833374023438	517.	
156.0130004882813	94730.75	1275.75	1809.916625976563	158.3333282470703	
157.2610015869141	72462.	1551.	2051.75	408.5833435058594	
158.5090026855469	83269.5	1176.	7648.75	250.0833282470703	
159.7570037841797	59976.75	1476.	4872.5	300.	
161.0050048828125	57766.	1926.5	2585.666748046875	241.6666717529297	
162.2539978027344	68111.25	1876.25	3128.	183.3333282470703	
163.5019989013672	59096.	1200.75	2969.833251953125	241.6666717529297	
164.75	80078.25	24146.25	1943.25	108.3333358764648	
165.9980010986328	96279.5	1501.	2360.25	275.	
167.2460021972656	75881.	1300.75	2135.166748046875	291.6666564941406	
168.4940032958984	113675.	1200.75	2594.083251953125	275.	
169.7420043945313	142152.75	1501.25	3320.	1259.5	
170.9900054931641	85553.	1526.	6399.91650390625	391.75	
172.2380065917969	191794.53125	3378.25	3553.916748046875	191.6666717529297	
173.4859924316406	72277.	3428.5	2443.833251953125	350.	
174.7339935302734	81184.5	2477.	5932.41650390625	325.	
175.9830017089844	119116.75	1575.75	2961.	283.3333435058594	
177.2310028076172	98311.	1826.25	14465.5830078125	600.1666870117188	
178.47900390625	106477.5	3603.5	42927.75	591.9166870117188	
179.7270050048828	102229.	2777.5	132360.765625	308.3333435058594	
180.9750061035156	71624.	3103.	106486.3359375	350.	
182.2230072021484	270085.5	8612.75	106098.3359375	483.5	
183.4709930419922	102876.5	2702.25	136277.6875	758.8333129882813	
184.718994140625	102706.5	2276.75	166870.453125	375.0833435058594	
185.9669952392578	109644.	4504.5	67613.8359375	525.25	
187.2149963378906	134448.	1951.25	63745.08203125	308.5	
188.4629974365234	131778.5	2026.5	38458.33203125	233.3333282470703	
189.7120056152344	166378.5	1726.25	53924.5	266.75	
190.9600067138672	94981.	2026.75	24964.083984375	1701.666625976563	
192.2079925537109	155095.34375	8210.75	32955.	483.5833435058594	
193.4559936523438	360935.375	2602.25	15074.5830078125	800.4166870117188	
194.7039947509766	118180.	2126.75	24899.5	708.75	
195.9519958496094	95499.	3803.75	7384.83349609375	608.5833129882813	
197.1999969482422	122380.	3203.25	8586.0830078125	600.25	
198.447998046875	115234.	6158.	4179.33349609375	533.5	
199.6959991455078	169098.5	2677.25	5356.25	275.	
200.9440002441406	121552.75	1776.25	5581.5	258.3333435058594	
202.1920013427734	128986.5	11318.	3561.833251953125	308.3333435058594	
203.4409942626953	93126.75	4229.5	3136.25	308.3333435058594	
204.6889953613281	90685.5	2552.	7622.08349609375	358.4166564941406	
205.9369964599609	133625.	1851.25	2351.916748046875	308.4166564941406	
207.1849975585938	71749.5	3027.75	1960.083374023438	241.75	
208.4329986572266	78144.75	2427.25	1501.166625976563	283.4166564941406	
209.6809997558594	75427.75	2602.25	1309.083374023438	208.3333282470703	
210.9290008544922	94586.25	1301.	8743.25	250.	
212.177001953125	108629.75	1651.25	1993.333374023438	233.3333282470703	
213.4250030517578	73712.5	3879.	1484.5	325.	
214.6730041503906	90257.5	5130.5	1918.166625976563	233.3333282470703	
215.9210052490234	72127.5	10864.25	1826.333374023438	241.6666717529297	
217.1690063476563	82756.	10538.25	1993.25	300.	
218.4179992675781	108171.	9411.5	4288.5	325.	
219.6660003662109	100865.5	8009.25	3244.75	591.8333129882813	
220.9140014648438	99672.	9011.25	3344.75	391.6666564941406	
222.1620025634766	90455.5	8009.	3161.333251953125	425.	
223.4100036621094	66075.5	15648.75	7008.5	450.0833435058594	
224.6580047607422	78256.75	12493.5	6333.5	2511.583251953125	
225.906005859375	65273.5	4504.75	13816.5830078125	883.75	
227.1540069580078	73759.5	6332.25	10204.	13961.3330078125	
228.4019927978516	132981.5	4629.5	17758.	3754.25	
229.6499938964844	113998.	13172.25	6766.33349609375	7025.75	
230.8979949951172	117942.	7209.25	6349.41650390625	5189.5	
232.1470031738281	84794.5	6508.	6315.41650390625	1634.416625976563	
233.3950042724609	157701.59375	3278.25	4496.58349609375	2702.583251953125	
234.6430053710938	122811.	1626.	3670.333251953125	2126.916748046875	
235.8910064697266	87720.5	4379.5	7077.	1234.166625976563	
237.1390075683594	124246.5	8787.5	2869.416748046875	1476.083374023438	
238.3869934082031	85300.25	2302.	3570.25	850.3333129882813	
239.6349945068359	114234.25	2201.75	2276.833251953125	775.3333129882813	
240.8829956054688	81172.5	1526.	2785.916748046875	742.0833129882813	
242.1309967041016	138037.359375	3403.	4271.58349609375	516.8333129882813	
243.3789978027344	111397.25	3478.5	2619.	383.3333435058594	
244.6269989013672	69892.25	3528.25	1901.5	308.3333435058594	
245.8760070800781	88168.5	3102.75	2076.75	275.	
247.1239929199219	68382.15625	2902.5	4655.33349609375	641.9166870117188	
248.3719940185547	60878.25	1501.	2485.666748046875	400.	
249.6199951171875	69841.	2427.25	4672.33349609375	525.1666870117188	
250.8679962158203	81220.5	3979.	2443.916748046875	1033.916625976563	
252.1159973144531	170771.53125	1726.25	4556.5	558.5	
253.3639984130859	102546.	1926.5	2018.166625976563	458.5833435058594	
254.6119995117188	79514.5	1751.25	3052.916748046875	358.3333435058594	
255.8600006103516	76506.75	2577.	3495.166748046875	1434.75	
257.1080017089844	73598.75	1901.5	1225.75	441.8333435058594	
258.3559875488281	101442.	9637.5	1642.833374023438	366.6666564941406	
259.6050109863281	269921.96875	10963.75	2268.666748046875	1008.833312988281	
260.8529968261719	134990.	26001.	1576.166625976563	942.1666870117188	
262.1010131835938	193678.5	15196.75	1617.75	625.1666870117188	
263.3489990234375	149925.5	8485.	1501.	725.3333129882813	
264.5969848632813	236956.875	9111.	1642.916625976563	425.0833435058594	
265.8450012207031	218593.171875	4379.5	1934.833374023438	475.0833435058594	
267.0929870605469	156231.5	5080.25	1626.166625976563	425.	
268.3410034179688	180958.015625	4154.25	1901.416625976563	400.	
269.5889892578125	69816.25	2276.75	1534.5	191.6666717529297	
270.8370056152344	94826.25	2327.	1651.166625976563	208.3333282470703	
272.0849914550781	108929.75	2327.	1492.75	325.	
273.3340148925781	58293.	2552.25	1818.083374023438	158.3333282470703	
274.5820007324219	86743.75	1451.	2811.333251953125	241.6666717529297	
275.8299865722656	90022.75	1901.25	1726.25	300.	
277.0780029296875	68897.5	3428.75	1876.5	200.	
278.3259887695313	87644.75	1601.5	2277.083251953125	366.6666564941406	
279.5740051269531	82250.5	1251.	3545.083251953125	241.6666717529297	
280.8219909667969	56812.25	1526.25	4980.16650390625	1176.083374023438	
282.0700073242188	81769.75	1751.5	7617.75	358.3333435058594	
283.3179931640625	83178.75	2427.25	8895.4169921875	2980.	
284.5660095214844	64794.25	1801.25	3394.916748046875	533.5833129882813	
285.8139953613281	72422.25	4254.75	6149.91650390625	258.3333435058594	
287.06201171875	64797.25	1776.25	2911.083251953125	967.5	
288.3110046386719	78752.75	1501.	3762.083251953125	150.	
289.5589904785156	64772.5	1626.	3779.083251953125	358.5	
290.8070068359375	109002.5	1476.	3529.083251953125	575.25	
292.0549926757813	79344.	1376.25	2852.75	258.3333435058594	
293.3030090332031	62234.5	1551.	1759.666625976563	300.	
294.5509948730469	82971.25	1476.25	1818.166625976563	191.6666717529297	
295.7990112304688	64569.5	1326.	1609.333374023438	183.3333282470703	
297.0469970703125	52747.	2652.5	2877.75	258.3333435058594	
298.2950134277344	74815.75	4705.75	2277.083251953125	250.	
299.5429992675781	120569.75	1801.	17951.833984375	175.	
300.7909851074219	66151.5	2902.5	3228.583251953125	250.	
302.0400085449219	117284.	2527.	2619.166748046875	450.	
303.2879943847656	167080.609375	3178.	2468.666748046875	1877.083374023438	
304.5360107421875	109023.	2627.25	1767.916625976563	458.3333435058594	
305.7839965820313	100055.5	1426.	2777.416748046875	892.25	
307.0320129394531	91500.	7736.5	3436.916748046875	750.5	
308.2799987792969	111719.	20907.25	3578.833251953125	291.75	
309.5280151367188	81563.25	7183.75	5648.25	266.6666564941406	
310.7760009765625	129450.75	2301.75	4396.58349609375	258.3333435058594	
312.0239868164063	132146.5	3103.	4329.58349609375	241.6666717529297	
313.2720031738281	597485.6875	5657.	14213.25	575.25	
314.5199890136719	108177.5	4029.	7943.33349609375	491.8333435058594	
315.7690124511719	149940.5	4304.25	15049.9169921875	1417.583374023438	
317.0169982910156	211614.	7108.25	31066.416015625	1501.	
318.2650146484375	174378.578125	7334.25	16501.166015625	2110.166748046875	
319.5130004882813	977946.6875	4629.5	41763.90234375	2310.583251953125	
320.760986328125	770225.75	10488.	36068.83203125	2369.083251953125	
322.0090026855469	313214.3125	15749.75	17752.5	1300.833374023438	
323.2569885253906	891132.125	7183.25	18581.833984375	583.4166870117188	
324.5050048828125	778079.5625	7083.	15640.5	2778.333251953125	
325.7529907226563	159692.	8285.5	16691.666015625	883.75	
327.0010070800781	335036.65625	3152.75	6215.25	1359.5	
328.2489929199219	148421.	7408.75	8494.25	475.1666564941406	
329.4979858398438	534669.5625	16334.5	28844.701171875	566.9166870117188	
330.7460021972656	151995.515625	2577.25	4755.16650390625	934.	
331.9939880371094	110778.75	6608.	4179.33349609375	183.3333282470703	
333.2420043945313	143703.5	3253.	5314.41650390625	358.4166564941406	
334.489990234375	110408.	5005.25	4605.33349609375	275.	
335.7380065917969	166453.5625	4355.	7460.25	233.3333282470703	
336.9859924316406	97071.5	3378.25	4280.58349609375	300.	
338.2340087890625	106281.4453125	1226.	6943.41650390625	225.	
339.4819946289063	109084.25	1501.	3161.583251953125	266.6666564941406	
340.7300109863281	64143.265625	2276.75	2919.416748046875	241.6666717529297	
341.9779968261719	77223.	1526.25	2218.416748046875	350.	
343.2269897460938	49259.25	1301.	2268.5	200.	
344.4750061035156	108303.75	2577.5	2035.	225.	
345.7229919433594	85017.78125	2027.	2134.916748046875	241.75	
346.9710083007813	63695.5	2652.5	1517.666625976563	266.6666564941406	
348.218994140625	374835.375	2201.75	1634.583374023438	175.	
349.4670104980469	96871.	3103.	1601.	200.	
350.7149963378906	174327.84375	2427.25	1526.	141.6666717529297	
351.9630126953125	87474.75	1175.5	2001.583374023438	158.3333282470703	
353.2109985351563	55206.	1100.75	1367.583374023438	216.6666717529297	
354.4590148925781	75255.	1000.25	1784.666625976563	166.6666717529297	
355.7070007324219	56787.	1201.	1409.333374023438	241.6666717529297	
356.9559936523438	54303.5	1175.75	2394.	133.3333282470703	
358.2040100097656	59124.5	1200.75	1284.166625976563	175.	
359.4519958496094	48958.25	1125.75	1442.666625976563	183.3333282470703	
360.7000122070313	58900.25	975.5	1676.25	250.	
361.947998046875	71301.	1125.5	1926.583374023438	233.3333282470703	
363.1960144042969	48481.75	1326.	1400.833374023438	208.3333282470703	
364.4440002441406	48507.5	825.25	1567.833374023438	150.	
365.6919860839844	57440.75	7511.	1592.833374023438	266.6666564941406	
366.9400024414063	86829.25	1151.	1592.75	175.	
368.18798828125	50538.75	1250.75	20914.25	208.3333282470703	
369.4360046386719	111876.90625	3478.75	8855.6669921875	225.	
370.6839904785156	48783.	1401.	4665.	191.6666717529297	
371.9330139160156	80518.	1100.75	8590.8330078125	233.3333282470703	
373.1809997558594	61737.	775.	7610.66650390625	166.6666717529297	
374.4289855957031	63067.	1025.75	7942.25	175.	
375.677001953125	56461.25	5532.	9079.6669921875	333.3333435058594	
376.9249877929688	57966.75	1426.	1793.	266.6666564941406	
378.1730041503906	47904.75	2126.75	6392.08349609375	158.3333282470703	
379.4209899902344	58772.25	950.75	12975.8330078125	150.	
380.6690063476563	75788.75	1000.5	4305.25	191.6666717529297	
381.9169921875	66827.5	3679.25	2710.75	208.3333282470703	
383.1650085449219	77677.5	975.5	1734.75	208.3333282470703	
384.4129943847656	59726.5	3879.	2385.583251953125	208.3333282470703	
385.6619873046875	76111.25	1326.	1634.583374023438	183.3333282470703	
386.9100036621094	193836.0625	1175.75	4179.66650390625	183.3333282470703	
388.1579895019531	68473.25	925.5	2277.25	200.	
389.406005859375	51142.5	1425.75	4657.33349609375	216.6666717529297	
390.6539916992188	55860.25	825.5	1334.25	283.3333435058594	
391.9020080566406	72297.5	1651.25	4841.58349609375	158.3333282470703	
393.1499938964844	126511.921875	900.5	1968.333374023438	291.6666564941406	
394.3980102539063	56212.5	1025.5	1426.083374023438	241.6666717529297	
395.64599609375	49936.75	2402.	1259.	216.6666717529297	
396.8940124511719	46776.25	1501.	1834.833374023438	175.	
398.1419982910156	68605.75	1325.75	2585.833251953125	233.3333282470703	
399.3909912109375	51592.5	2152.	4497.25	100.	
400.6390075683594	50037.25	1125.75	2586.083251953125	133.3333282470703	
401.8869934082031	48632.25	1125.5	1726.333374023438	266.75	
403.135009765625	48155.75	4279.75	2101.916748046875	308.3333435058594	
404.3829956054688	50740.5	1376.	1726.5	233.3333282470703	
405.6310119628906	47929.75	1301.	1309.25	200.	
406.8789978027344	91770.25	1075.5	1542.916625976563	258.3333435058594	
408.1270141601563	51015.5	1651.25	1726.166625976563	208.3333282470703	
409.375	50614.5	2677.5	2235.333251953125	250.	
410.6229858398438	112320.234375	1050.75	2627.5	133.3333282470703	
411.8710021972656	57593.5	725.25	2435.583251953125	233.3333282470703	
413.1199951171875	171720.8125	1050.75	1793.25	208.3333282470703	
414.3680114746094	60333.25	1175.75	2235.25	166.6666717529297	
415.6159973144531	91043.25	950.5	1943.	216.6666717529297	
416.864013671875	117383.	1075.75	4796.75	233.3333282470703	
418.1119995117188	55976.78125	1150.5	2402.25	308.4166564941406	
419.3599853515625	59448.5	1326.	9652.4169921875	183.3333282470703	
420.6080017089844	136842.734375	1451.	2310.166748046875	208.3333282470703	
421.8559875488281	62389.5	925.75	2226.833251953125	258.3333435058594	
423.10400390625	62236.	1200.75	5615.75	241.6666717529297	
424.3519897460938	55031.	1125.75	1943.333374023438	258.3333435058594	
425.6000061035156	101360.75	1201.	5550.	325.	
426.8489990234375	108615.5	2302.	2652.416748046875	291.6666564941406	
428.0969848632813	170137.3125	1275.75	3195.	325.	
429.3450012207031	113365.5	1851.5	2126.75	166.6666717529297	
430.5929870605469	68765.5	1375.75	2160.166748046875	200.	
431.8410034179688	52671.75	750.25	2702.5	383.4166564941406	
433.0889892578125	119741.5	1376.	1893.083374023438	258.4166564941406	
434.3370056152344	86576.	1000.5	1209.083374023438	183.3333282470703	
435.5849914550781	70460.25	1301.	1951.5	158.3333282470703	
436.8330078125	51166.5	1075.75	1717.916625976563	191.6666717529297	
438.0809936523438	77210.5	1275.75	1567.833374023438	341.8333435058594	
439.3290100097656	106031.	1250.75	1809.666625976563	166.6666717529297	
440.5780029296875	59875.	1151.	1826.416625976563	133.3333282470703	
441.8259887695313	56561.25	2026.75	2535.666748046875	133.3333282470703	
443.0740051269531	125263.75	22543.5	3461.666748046875	325.	
444.3219909667969	79758.	1701.25	4279.33349609375	241.6666717529297	
445.5700073242188	113181.5	1876.5	11287.1669921875	1351.5	
446.8179931640625	145495.5	3804.	9539.25	83.33333587646484	
448.0660095214844	168424.421875	5606.75	8119.5	350.0833435058594	
449.3139953613281	166991.671875	14930.5	7919.16650390625	233.3333282470703	
450.56201171875	187228.59375	5380.75	4872.	650.4166870117188	
451.8099975585938	115278.	3553.75	5222.33349609375	300.	
453.0580139160156	94743.25	15234.75	18178.416015625	400.1666564941406	
454.3059997558594	165153.953125	2527.25	10872.4169921875	500.25	
455.5549926757813	142273.5	2226.75	4638.16650390625	825.5	
456.8030090332031	358663.1875	4580.	10302.1669921875	742.1666870117188	
458.0509948730469	111746.	2001.5	2135.166748046875	325.	
459.2990112304688	90665.25	2001.25	5776.5	291.6666564941406	
460.5469970703125	500531.375	1301.	8021.08349609375	408.5	
461.7950134277344	91056.75	1201.	4614.41650390625	316.6666564941406	
463.0429992675781	60331.25	1376.	9105.4169921875	275.	
464.2909851074219	65676.	26264.	1926.666625976563	108.3333358764648	
465.5390014648438	71170.	1000.5	1884.833374023438	150.	
466.7869873046875	49610.5	1150.5	2010.	225.	
468.0350036621094	53274.	1225.75	1968.166625976563	191.6666717529297	
469.2839965820313	51542.5	1075.5	1459.25	200.	
470.5320129394531	49309.75	1376.	4214.16650390625	208.3333282470703	
471.7799987792969	57992.75	900.25	2694.166748046875	191.6666717529297	
473.0280151367188	56563.	1075.75	2110.	275.	
474.2760009765625	48857.75	1025.75	1526.166625976563	266.75	
475.5239868164063	121610.90625	1601.	1951.5	558.5833129882813	
476.7720031738281	91096.75	800.	4990.5	266.75	
478.0199890136719	86291.25	1250.75	1784.75	316.75	
479.2680053710938	59349.25	1200.75	5023.66650390625	466.8333435058594	
480.5159912109375	64068.25	1676.25	8900.	291.6666564941406	
481.7640075683594	65828.25	825.25	5559.41650390625	241.6666717529297	
483.0130004882813	415719.71875	1125.5	2160.083251953125	350.0833435058594	
484.260986328125	104958.5	1651.25	1859.916625976563	233.3333282470703	
485.5090026855469	99003.25	7559.75	3921.5	341.75	
486.7569885253906	50413.5	1325.75	3278.583251953125	258.3333435058594	
488.0050048828125	50765.5	1626.	1834.75	250.	
489.2529907226563	50909.703125	1125.75	2160.166748046875	100.	
490.5010070800781	53049.5	1200.75	1818.083374023438	158.3333282470703	
491.7489929199219	49861.25	1451.	1275.833374023438	166.6666717529297	
492.9970092773438	48632.5	925.75	1392.666625976563	191.6666717529297	
494.2449951171875	53449.75	1100.5	1167.333374023438	125.	
495.4930114746094	51443.	1050.5	1467.75	208.3333282470703	
496.7420043945313	47177.5	1201.	1250.75	233.3333282470703	
497.989990234375	47930.	1200.75	1275.75	200.	
499.2380065917969	48105.5	1250.75	1159.	191.6666717529297	
500.4859924316406	48306.25	1050.75	1517.75	141.6666717529297	
501.7340087890625	69068.75	1150.75	1893.166625976563	166.6666717529297	
502.9819946289063	48406.25	1276.	1434.25	241.6666717529297	
504.2300109863281	58604.5	2402.	1267.416625976563	283.5	
505.4779968261719	52044.75	1275.75	1601.083374023438	158.3333282470703	
506.7260131835938	63662.75	1025.5	1609.5	158.3333282470703	
507.9739990234375	48180.5	1351.	2193.75	458.5	
509.2219848632813	49986.75	4054.5	1350.916625976563	225.	
510.4710083007813	49510.5	1050.5	1651.166625976563	208.3333282470703	
511.718994140625	47277.75	1576.	1192.5	900.75	
512.9669799804688	51593.	925.75	1542.916625976563	250.	
514.2150268554688	53576.	725.25	1717.916625976563	291.6666564941406	
515.4630126953125	180447.4375	83784.5	9220.5830078125	9295.75	
516.7109985351563	2507698.5	2093875.	41845.16796875	37022.83203125	
517.958984375	2806635.	2718000.5	86900.75	58128.75	
519.2069702148438	4669463.5	4664496.	103735.1484375	72316.25	
520.4550170898438	3711898.	3656301.5	86498.5859375	66236.3359375	
521.7030029296875	5162733.5	3092624.	83267.3359375	52009.33203125	
522.9509887695313	6739822.	2352820.25	66510.	50043.83203125	
524.198974609375	4826385.5	1884655.	83632.0078125	33362.16796875	
525.447998046875	3153668.25	1753460.25	36704.	30375.	
526.6959838867188	1158207.5	1343141.	30331.916015625	24711.333984375	
527.9439697265625	1114920.	895715.375	24726.666015625	16331.5	
529.1920166015625	2653304.75	573696.	19997.666015625	14226.4736328125	
530.4400024414063	738812.	395030.	20917.666015625	14524.	
531.68798828125	4625644.	296863.	13309.25	9770.6669921875	
532.9359741210938	597832.3125	230376.	14053.	12602.6669921875	
534.1840209960938	414060.	143010.5	16352.0830078125	9170.8330078125	
535.4320068359375	271111.	136120.	10363.75	12106.1669921875	
536.6799926757813	618800.	69570.75	8185.5	12016.9169921875	
537.927978515625	201863.	44042.5	11914.3330078125	4722.16650390625	
539.177001953125	216543.5	24040.	4863.5	4422.83349609375	
540.4249877929688	171218.375	26728.25	3670.25	925.5	
541.6729736328125	115803.5	39496.5	3937.5	1835.083374023438	
542.9210205078125	128977.5	10838.25	3128.	1042.333374023438	
544.1690063476563	153941.	8185.	3971.416748046875	341.6666564941406	
545.4169921875	502885.875	22985.5	2744.25	508.5	
546.6649780273438	86555.75	4079.25	3161.333251953125	383.4166564941406	
547.9130249023438	55408.	2301.75	2794.166748046875	491.8333435058594	
549.1610107421875	75340.5	2652.25	2811.	325.0833435058594	
550.4089965820313	63926.25	2352.	2477.333251953125	200.	
551.656982421875	66465.25	3678.5	1576.166625976563	241.6666717529297	
552.906005859375	182716.171875	1325.75	1642.833374023438	158.3333282470703	
554.1539916992188	64374.	1151.	1734.75	208.3333282470703	
555.4019775390625	63642.	2377.25	2852.833251953125	308.5	
556.6500244140625	49384.75	875.5	1517.666625976563	250.	
557.8980102539063	52872.25	875.5	1392.583374023438	125.	
559.14599609375	58269.	1526.	1351.	258.3333435058594	
560.3939819335938	47503.5	850.25	2110.083251953125	208.3333282470703	
561.6420288085938	83651.75	1226.	1659.416625976563	358.4166564941406	
562.8900146484375	104527.125	1050.75	1517.75	166.6666717529297	
564.1380004882813	77442.5	1276.	1184.083374023438	191.6666717529297	
565.385986328125	54030.	1651.25	1300.75	241.6666717529297	
566.635009765625	66560.75	700.	1367.583374023438	125.	
567.8829956054688	51367.5	950.5	1367.583374023438	225.	
569.1309814453125	52899.	1526.	1434.333374023438	225.	
570.3790283203125	49911.75	725.	1450.916625976563	216.6666717529297	
571.6270141601563	48958.5	1125.75	1392.666625976563	141.6666717529297	
572.875	46750.75	1151.	1367.583374023438	266.6666564941406	
574.1229858398438	47754.25	950.5	1467.583374023438	250.	
575.3709716796875	47177.25	29938.5	1351.083374023438	283.3333435058594	
576.6190185546875	105471.5	1626.5	2160.333251953125	133.3333282470703	
577.8670043945313	46198.75	1301.	1784.666625976563	250.	
579.114990234375	51392.75	1150.75	1584.5	183.3333282470703	
580.364013671875	105476.5	975.25	2385.5	325.	
581.6119995117188	56339.25	1225.75	1534.416625976563	150.	
582.8599853515625	71299.5	775.25	2051.666748046875	191.6666717529297	
584.1079711914063	57897.25	1025.5	3312.166748046875	241.6666717529297	
585.3560180664063	54557.5	1050.5	1484.416625976563	266.6666564941406	
586.60400390625	51191.	1350.75	1450.916625976563	175.	
587.8519897460938	48155.75	1200.75	1542.75	3865.083251953125	
589.0999755859375	47001.5	875.5	1359.25	241.6666717529297	
590.3480224609375	48282.	950.5	1559.333374023438	141.6666717529297	
591.5960083007813	47177.	2076.5	1484.333374023438	166.6666717529297	
592.843994140625	61111.75	1225.75	1342.583374023438	133.3333282470703	
594.093017578125	53199.	1025.5	1125.75	241.6666717529297	
595.3410034179688	49585.5	1050.5	1442.583374023438	233.3333282470703	
596.5889892578125	70877.25	1275.75	1300.75	191.6666717529297	
597.8369750976563	48481.5	900.25	1392.666625976563	175.	
599.0850219726563	48582.25	1350.75	1250.75	200.	
600.3330078125	46952.	1151.	1501.	116.6666641235352	
601.5809936523438	51467.75	1150.75	1267.583374023438	266.6666564941406	
602.8289794921875	52472.	1175.75	1359.333374023438	150.	
604.0770263671875	49159.25	900.5	1526.166625976563	116.6666641235352	
605.3250122070313	49134.	925.5	1409.333374023438	250.	
606.572998046875	47855.	1075.75	1192.333374023438	233.3333282470703	
607.8209838867188	51617.75	1626.25	1242.583374023438	158.3333282470703	
609.0700073242188	47252.75	1251.	1392.5	183.3333282470703	
610.3179931640625	49811.5	1851.75	1476.	108.3333358764648	
611.5659790039063	76149.	1075.75	1367.583374023438	175.	
612.8140258789063	47779.25	1100.5	1459.333374023438	141.6666717529297	
614.06201171875	84329.	850.25	1426.083374023438	275.	
615.3099975585938	56039.5	825.	1117.25	133.3333282470703	
616.5579833984375	47679.25	1025.5	1467.75	116.6666641235352	
617.8060302734375	52672.5	1325.75	1592.916625976563	208.3333282470703	
619.0540161132813	47704.	1175.75	1375.833374023438	183.3333282470703	
620.302001953125	48356.75	1175.75	1192.333374023438	133.3333282470703	
621.5499877929688	49585.5	1075.75	1192.5	150.	
622.7990112304688	50739.5	1250.75	110631.3359375	200.	
624.0469970703125	54456.75	1501.25	1417.666625976563	133.3333282470703	
625.2949829101563	58321.	1226.	1317.5	158.3333282470703	
626.5430297851563	51543.5	1426.	1259.166625976563	141.6666717529297	
627.791015625	62337.	950.5	1234.	200.	
629.0390014648438	53702.25	1251.	1284.166625976563	166.6666717529297	
630.2869873046875	49384.75	1100.75	1225.75	208.3333282470703	
631.5349731445313	46751.25	925.5	1375.916625976563	291.6666564941406	
632.7830200195313	50363.75	1050.75	1484.416625976563	750.4166870117188	
634.031005859375	47579.	1326.	1375.916625976563	158.3333282470703	
635.2789916992188	58747.5	850.5	1267.583374023438	191.6666717529297	
636.5280151367188	49359.75	1200.75	1342.583374023438	166.6666717529297	
637.7760009765625	51919.25	1275.75	1225.833374023438	225.	
639.0239868164063	58469.5	850.25	4154.83349609375	225.	
640.27197265625	48080.5	1225.75	2877.666748046875	1267.5	
641.52001953125	49612.	1426.	19986.5	7636.	
642.7680053710938	76981.5	1075.75	87659.359375	3470.333251953125	
644.0159912109375	73598.	41084.5	23687.583984375	4764.33349609375	
645.2639770507813	53048.25	3128.	20790.916015625	2110.25	
646.5120239257813	69192.25	1701.25	59070.01953125	11079.5	
647.760009765625	49686.25	725.25	38069.	2685.833251953125	
649.0079956054688	77149.75	975.5	9512.75	1334.083374023438	
650.2570190429688	51542.5	1676.5	9507.5	258.3333435058594	
651.5050048828125	51141.25	1426.	6250.	683.6666870117188	
652.7529907226563	85974.25	1300.75	3203.416748046875	425.0833435058594	
654.0009765625	53575.5	2327.	10609.9169921875	800.5833129882813	
655.2490234375	56864.	2152.	4663.83349609375	341.6666564941406	
656.4970092773438	50664.25	1125.75	2652.333251953125	375.0833435058594	
657.7449951171875	56109.5	1200.75	1551.	325.1666564941406	
658.9929809570313	65099.	1125.5	1492.666625976563	258.3333435058594	
660.2410278320313	58270.5	950.5	1325.916625976563	208.3333282470703	
661.489013671875	63478.5	1075.5	1434.25	216.6666717529297	
662.7369995117188	47879.75	875.5	1617.833374023438	275.	
663.9860229492188	47027.25	2277.	1209.166625976563	166.6666717529297	
665.2340087890625	56240.5	850.5	1292.583374023438	208.3333282470703	
666.4819946289063	50137.75	1150.75	1259.083374023438	241.6666717529297	
667.72998046875	49660.75	1125.75	1334.166625976563	208.3333282470703	
668.97802734375	49987.	1125.75	1259.166625976563	275.	
670.2260131835938	47277.75	1100.5	1092.083374023438	225.	
671.4739990234375	55257.75	1300.75	1426.	175.	
672.7219848632813	54478.75	800.25	195177.921875	166.6666717529297	
673.969970703125	49460.25	1075.5	1334.25	141.6666717529297	
675.218017578125	53826.5	1676.25	1426.	241.6666717529297	
676.4660034179688	47453.25	1801.25	1451.	266.6666564941406	
677.7139892578125	49209.25	1025.25	1284.166625976563	191.6666717529297	
678.9630126953125	48231.25	1200.75	1559.416625976563	191.6666717529297	
680.2109985351563	56641.75	975.25	1450.916625976563	108.3333358764648	
681.458984375	51191.	875.5	1392.666625976563	116.6666641235352	
682.7069702148438	48783.25	1175.75	1117.333374023438	208.3333282470703	
683.9550170898438	126620.609375	1225.75	1209.166625976563	183.3333282470703	
685.2030029296875	50639.75	1200.75	1484.416625976563	166.6666717529297	
686.4509887695313	97164.5	875.25	1300.75	225.	
687.698974609375	50413.75	1025.75	1417.75	275.	
688.947021484375	88168.25	975.75	1467.666625976563	325.0833435058594	
690.1950073242188	55006.25	1200.75	1300.75	175.	
691.4429931640625	47428.75	1050.75	1300.833374023438	200.	
692.6920166015625	61714.25	675.25	1376.	150.	
693.9400024414063	52220.	1125.75	1467.833374023438	266.6666564941406	
695.18798828125	53827.	800.25	2294.083251953125	200.	
696.4359741210938	119659.25	1175.75	1242.5	200.	
697.6840209960938	75957.25	1175.5	1592.75	225.0833282470703	
698.9320068359375	55909.	1451.	1426.083374023438	208.3333282470703	
700.1799926757813	54001.75	950.5	1584.5	166.6666717529297	
701.427978515625	67643.25	800.5	1551.083374023438	283.3333435058594	
702.676025390625	160090.65625	1000.75	2085.25	175.	
703.9240112304688	50589.5	1276.	1692.916625976563	166.6666717529297	
705.1719970703125	77671.5	1000.75	1501.083374023438	258.3333435058594	
706.4210205078125	147004.109375	1475.75	1359.333374023438	5388.5	
707.6690063476563	64628.5	1201.	1542.916625976563	175.	
708.9169921875	56511.5	1425.75	1375.916625976563	191.6666717529297	
710.1649780273438	50966.5	650.	1234.083374023438	216.6666717529297	
711.4130249023438	50539.	1100.75	1309.166625976563	191.6666717529297	
712.6610107421875	63529.25	1150.75	1484.416625976563	200.	
713.9089965820313	82543.75	875.5	1417.583374023438	133.3333282470703	
715.156982421875	64954.25	1000.25	1209.	291.6666564941406	
716.405029296875	49309.75	1176.	1517.75	225.	
717.6530151367188	79065.25	850.25	1442.75	275.	
718.9010009765625	49535.5	1100.75	1267.416625976563	100.	
720.1500244140625	49159.25	1276.	1192.333374023438	191.6666717529297	
721.3980102539063	65788.75	1376.	1200.833374023438	308.3333435058594	
722.64599609375	92025.75	975.5	1234.166625976563	208.3333282470703	
723.8939819335938	48406.25	950.5	1192.333374023438	175.	
725.1420288085938	52897.5	1075.5	1100.666625976563	166.6666717529297	
726.3900146484375	45697.25	800.25	1367.583374023438	258.3333435058594	
727.6380004882813	49359.75	1175.75	1317.583374023438	175.	
728.885986328125	52722.25	1250.75	1367.666625976563	200.	
730.1339721679688	50062.25	950.5	1267.5	116.6666641235352	
731.3820190429688	46901.5	1200.75	1334.25	216.6666717529297	
732.6300048828125	49385.	1025.75	1334.25	150.	
733.8790283203125	105915.515625	1151.	1417.666625976563	158.3333282470703	
735.1270141601563	66297.5	825.25	1242.333374023438	125.	
736.375	47202.25	850.5	1209.166625976563	266.6666564941406	
737.6229858398438	47729.25	1801.5	1392.666625976563	200.	
738.8709716796875	89626.5	975.5	1501.083374023438	225.	
740.1190185546875	46650.75	800.25	1200.666625976563	158.3333282470703	
741.3670043945313	47829.5	1175.75	1250.833374023438	275.	
742.614990234375	55407.25	1376.	1709.583374023438	200.	
743.8629760742188	55659.5	1150.75	1651.25	258.3333435058594	
745.1110229492188	66157.	2001.5	2010.166625976563	275.	
746.3590087890625	65907.25	6759.25	2168.416748046875	333.4166564941406	
747.6079711914063	64078.25	1000.5	2585.833251953125	575.4166870117188	
748.8560180664063	56939.5	1100.75	1476.	266.75	
750.10400390625	58972.	1150.75	2535.666748046875	275.	
751.3519897460938	57943.	1100.75	1534.25	200.	
752.5999755859375	59678.	875.5	1451.166625976563	191.6666717529297	
753.8480224609375	47629.	1050.5	1300.916625976563	250.	
755.0960083007813	48757.5	1400.75	1709.666625976563	250.	
756.343994140625	47754.25	925.25	1868.166625976563	166.6666717529297	
757.5919799804688	46625.25	750.	1250.75	241.75	
758.8400268554688	49611.25	625.	1359.166625976563	216.6666717529297	
760.0880126953125	53149.	1251.	1284.25	1334.916625976563	
761.3359985351563	52596.5	900.5	1301.	100.	
762.5850219726563	47930.25	1100.75	1300.75	175.	
763.8330078125	46098.75	1100.75	1309.166625976563	158.3333282470703	
765.0809936523438	55158.25	1100.5	1651.166625976563	225.	
766.3289794921875	67703.	1275.75	1334.333374023438	158.3333282470703	
767.5770263671875	61945.25	1050.75	1359.25	116.6666641235352	
768.8250122070313	63302.5	1326.	1217.583374023438	233.3333282470703	
770.072998046875	47302.5	1225.75	1309.166625976563	175.	
771.3209838867188	49109.	1226.	992.1666870117188	466.9166564941406	
772.5689697265625	49762.25	750.	1434.25	183.3333282470703	
773.8170166015625	54203.25	1075.5	1392.583374023438	150.	
775.0650024414063	54579.	1551.25	2268.666748046875	333.3333435058594	
776.3140258789063	98064.75	4179.5	2385.5	333.3333435058594	
777.56201171875	119689.5	10063.25	4747.5	400.0833435058594	
778.8099975585938	95348.25	2126.75	4448.08349609375	1225.916625976563	
780.0579833984375	79496.	2101.75	3662.	650.3333129882813	
781.3060302734375	247513.875	2952.75	1884.75	1993.5	
782.5540161132813	189911.71875	4129.	2051.666748046875	516.8333129882813	
783.802001953125	97091.25	1751.25	3712.166748046875	450.1666564941406	
785.0499877929688	84433.25	3503.75	2035.083374023438	458.5	
786.2979736328125	94701.15625	4981.25	2001.583374023438	300.	
787.5460205078125	53374.	2052.	4130.66650390625	258.3333435058594	
788.7940063476563	61988.25	1250.75	2828.	208.3333282470703	
790.0430297851563	81436.25	1801.25	1267.583374023438	175.	
791.291015625	51292.	875.5	1726.333374023438	241.6666717529297	
792.5390014648438	51617.5	1100.5	1651.166625976563	166.6666717529297	
793.7869873046875	79868.75	1325.75	1592.916625976563	108.3333358764648	
795.0349731445313	50087.	1125.5	1876.416625976563	341.75	
796.2830200195313	67619.5	1325.75	1659.5	200.	
797.531005859375	66163.	975.75	1317.333374023438	175.	
798.7789916992188	48782.5	1476.25	1267.5	233.3333282470703	
800.0269775390625	52296.	1125.5	1834.833374023438	225.	
801.2750244140625	69154.	1100.5	1626.166625976563	216.6666717529297	
802.5230102539063	61517.75	1201.	1125.75	191.6666717529297	
803.77197265625	57894.	1376.	1184.083374023438	208.3333282470703	
805.02001953125	109797.921875	1150.75	1234.	150.	
806.2680053710938	56363.	1125.75	1133.916625976563	158.3333282470703	
807.5159912109375	48858.	1075.75	1534.333374023438	175.	
808.7639770507813	90978.25	2502.25	1517.666625976563	158.3333282470703	
810.0120239257813	52346.	875.5	1542.75	125.	
811.260009765625	74065.	850.25	1184.166625976563	250.	
812.5079956054688	50840.	4379.75	1851.416625976563	250.	
813.7559814453125	52322.	1025.75	1459.25	208.3333282470703	
815.0040283203125	69629.	1100.5	1592.916625976563	208.3333282470703	
816.2520141601563	58022.5	975.5	1284.083374023438	141.6666717529297	
817.5009765625	167377.546875	1776.25	1125.833374023438	200.	
818.7490234375	53048.	825.5	1200.75	275.	
819.9970092773438	50237.75	825.25	1142.25	208.3333282470703	
821.2449951171875	51692.75	1351.25	1517.833374023438	258.3333435058594	
822.4929809570313	71322.	900.5	1534.416625976563	166.6666717529297	
823.7410278320313	96407.	1526.25	1192.5	183.3333282470703	
824.989013671875	55283.25	1250.75	1334.25	133.3333282470703	
826.2369995117188	51969.	975.25	1159.	183.3333282470703	
827.4849853515625	74375.75	950.25	1467.583374023438	884.	
828.7329711914063	91392.	1501.	1501.	325.	
829.9810180664063	49936.5	2076.75	1476.	183.3333282470703	
831.22900390625	62463.25	1175.5	1325.833374023438	208.3333282470703	
832.47802734375	98108.25	1350.75	1542.75	141.6666717529297	
833.7260131835938	56085.75	1225.75	1284.166625976563	141.6666717529297	
834.9739990234375	107451.15625	1250.75	1526.083374023438	133.3333282470703	
836.2219848632813	67492.	1225.75	1534.5	233.4166717529297	
837.469970703125	47678.75	1351.	1392.666625976563	116.6666641235352	
838.718017578125	53801.	1601.25	1184.	116.6666641235352	
839.9660034179688	86788.5	1125.75	1275.916625976563	183.3333282470703	
841.2139892578125	67399.5	850.25	1375.916625976563	141.6666717529297	
842.4619750976563	51241.75	1426.	1267.583374023438	216.6666717529297	
843.7100219726563	48105.5	1200.75	1334.25	108.3333358764648	
844.9580078125	59202.	1325.75	1517.75	175.	
846.2069702148438	48808.25	1100.75	1559.333374023438	133.3333282470703	
847.4550170898438	49535.5	1150.75	1401.	150.	
848.7030029296875	49886.75	950.75	1400.833374023438	216.6666717529297	
849.9509887695313	53324.75	1451.	1175.75	133.3333282470703	
851.198974609375	57841.75	1200.75	1409.25	258.3333435058594	
852.447021484375	52245.25	1601.25	2302.25	183.3333282470703	
853.6950073242188	67953.25	1201.	1609.416625976563	258.3333435058594	
854.9429931640625	53857.25	1526.25	1384.333374023438	200.	
856.1909790039063	52345.75	1926.75	1392.5	183.3333282470703	
857.4390258789063	60434.25	1401.	1267.416625976563	216.6666717529297	
858.68701171875	89745.	1250.75	1300.916625976563	183.3333282470703	
859.9359741210938	54228.25	1576.	1684.416625976563	233.3333282470703	
861.1840209960938	47052.	1376.	1409.25	308.3333435058594	
862.4320068359375	51793.75	925.5	1459.416625976563	225.	
863.6799926757813	94933.25	2076.75	1459.25	233.3333282470703	
864.927978515625	63515.75	2727.25	3219.833251953125	308.3333435058594	
866.176025390625	128137.5	5756.	2928.083251953125	300.	
867.4240112304688	87582.5	5831.25	1776.333374023438	358.3333435058594	
868.6719970703125	68737.5	4479.5	2710.833251953125	275.0833435058594	
869.9199829101563	69539.	3128.	3203.083251953125	225.	
871.1680297851563	77580.	23838.25	2811.083251953125	250.	
872.416015625	69163.	3178.	2135.	250.	
873.6649780273438	277558.53125	16213.5	2710.833251953125	333.3333435058594	
874.9130249023438	72082.	2652.25	3152.916748046875	316.75	
876.1610107421875	141767.5	10314.25	9473.0830078125	700.1666870117188	
877.4089965820313	100281.	29182.5	7901.16650390625	2293.916748046875	
878.656982421875	2507954.25	58929.75	27362.	4738.58349609375	
879.905029296875	242530.	139770.5	66781.3515625	4346.33349609375	
881.1530151367188	5466410.	122705.78125	20282.833984375	4880.33349609375	
882.4010009765625	708156.0625	97749.75	30609.25	6783.33349609375	
883.6489868164063	1252340.125	72466.25	32225.5	11667.8330078125	
884.89697265625	3644865.25	71376.5	82918.8984375	10991.9169921875	
886.14501953125	639974.	61036.75	31977.583984375	12821.4169921875	
887.3939819335938	1003068.375	87219.	37580.16796875	11509.5830078125	
888.6420288085938	525165.4375	36948.25	31869.833984375	25177.083984375	
889.8900146484375	1341814.	66162.5	22089.083984375	12241.3330078125	
891.1380004882813	359443.96875	68566.	10764.1669921875	11905.75	
892.385986328125	226247.	117335.15625	31851.666015625	4355.33349609375	
893.6339721679688	197691.	152422.9375	19039.333984375	11493.5	
894.8820190429688	164354.8125	101720.5	74366.9140625	4256.	
896.1300048828125	201954.9375	12516.5	7134.08349609375	1042.25	
897.3779907226563	165837.5	5681.5	3653.583251953125	2327.5	
898.6259765625	151547.	4254.25	5097.33349609375	2678.	
899.8740234375	130719.5	6657.5	6599.58349609375	817.1666870117188	
901.1229858398438	133760.	5857.25	3695.583251953125	341.6666564941406	
902.3709716796875	66451.25	1726.5	3620.416748046875	875.5833129882813	
903.6190185546875	54127.25	7334.	3586.916748046875	400.0833435058594	
904.8670043945313	60050.5	7010.25	3178.083251953125	1417.916625976563	
906.114990234375	98913.	2452.25	5491.75	266.6666564941406	
907.3629760742188	77362.5	3253.25	1701.166625976563	258.3333435058594	
908.6110229492188	69480.	4980.75	1676.333374023438	216.6666717529297	
909.8590087890625	85018.5	1951.5	3094.75	291.6666564941406	
911.1069946289063	129563.90625	1551.25	1476.	266.75	
912.35498046875	64472.75	1325.75	2218.75	308.3333435058594	
913.60302734375	160712.3125	5231.5	1859.666625976563	575.4166870117188	
914.8510131835938	97242.5	3403.25	2660.833251953125	233.3333282470703	
916.0999755859375	53829.75	4354.75	1517.75	208.3333282470703	
917.3480224609375	53926.5	2702.5	1726.25	125.	
918.5960083007813	51040.75	4204.5	1492.833374023438	258.3333435058594	
919.843994140625	71432.25	3103.25	1793.	150.	
921.0919799804688	49008.5	1801.25	1467.75	283.3333435058594	
922.3400268554688	50137.75	6233.	1551.166625976563	158.3333282470703	
923.5880126953125	67426.75	4029.	1342.666625976563	366.75	
924.8359985351563	51719.75	1851.25	1743.166625976563	450.25	
926.083984375	75844.5	11572.25	1784.75	116.6666641235352	
927.3319702148438	66730.	3378.25	2235.333251953125	266.6666564941406	
928.5800170898438	84865.	1401.	2026.75	375.0833435058594	
929.8289794921875	49284.5	7109.	1884.75	341.6666564941406	
931.0770263671875	56539.	3628.75	4741.08349609375	225.	
932.3250122070313	55683.75	2377.25	1367.75	250.	
933.572998046875	52094.5	5682.5	1743.	150.	
934.8209838867188	96476.	5882.	2260.25	266.75	
936.0689697265625	50890.25	5205.25	1901.416625976563	592.0833129882813	
937.3170166015625	59098.5	5556.5	4205.75	291.6666564941406	
938.5650024414063	68361.25	2026.5	4497.25	325.	
939.81298828125	72989.75	2577.25	2435.583251953125	225.	
941.0609741210938	62914.	13930.5	3279.083251953125	408.5	
942.3090209960938	62286.75	1451.	1876.416625976563	300.	
943.5579833984375	51868.75	1751.5	1984.916625976563	275.	
944.8060302734375	56335.75	1826.25	2293.666748046875	258.3333435058594	
946.0540161132813	57866.5	1250.75	1601.25	175.	
947.302001953125	51668.25	6258.25	3320.5	225.	
948.5499877929688	54804.75	1150.5	1526.	191.6666717529297	
949.7979736328125	59800.5	1250.75	1776.416625976563	116.6666641235352	
951.0460205078125	51015.5	2677.75	1509.5	100.	
952.2940063476563	49761.	2853.	1259.25	208.3333282470703	
953.5419921875	48958.5	1626.	1476.083374023438	150.	
954.7899780273438	47252.75	1200.75	1776.333374023438	133.3333282470703	
956.0380249023438	48532.25	1275.75	1409.416625976563	158.3333282470703	
957.2869873046875	47854.75	1175.75	1442.666625976563	166.6666717529297	
958.5349731445313	48456.5	825.25	1184.	158.3333282470703	
959.7830200195313	47629.	1350.75	1200.75	241.6666717529297	
961.031005859375	47679.	1501.25	1401.	183.3333282470703	
962.2789916992188	46299.25	950.75	1317.583374023438	150.	
963.5269775390625	45998.25	1025.75	1300.833374023438	225.	
964.7750244140625	46274.25	1326.	1075.666625976563	241.6666717529297	
966.0230102539063	46550.5	1200.5	1042.25	141.6666717529297	
967.27099609375	45847.75	1025.5	1325.916625976563	175.	
968.5189819335938	46625.5	1150.75	1450.916625976563	200.	
969.7670288085938	46399.75	1076.	1317.583374023438	216.6666717529297	
971.0159912109375	48707.5	1151.	1400.916625976563	208.3333282470703	
972.2639770507813	47102.	700.	1342.5	250.	
973.5120239257813	48757.75	1200.75	1117.333374023438	175.	
974.760009765625	47854.75	1100.75	1300.916625976563	166.6666717529297	
976.0079956054688	47628.75	1025.5	1442.75	183.3333282470703	
977.2559814453125	48306.25	1601.	1259.25	158.3333282470703	
978.5040283203125	46374.5	925.5	1359.166625976563	191.6666717529297	
979.7520141601563	47729.	925.25	1350.833374023438	183.3333282470703	
981.	47428.	1075.75	1217.583374023438	133.3333282470703	
982.2479858398438	47303.	1025.5	1359.416625976563	333.3333435058594	
983.4959716796875	48481.75	1301.	1250.833374023438	258.3333435058594	
984.7440185546875	47302.75	750.25	1284.166625976563	1560.166625976563	
985.9929809570313	46851.25	875.5	1400.916625976563	125.	
987.2410278320313	48030.5	1200.5	1176.	183.3333282470703	
988.489013671875	47026.75	900.25	1284.333374023438	275.	
989.7369995117188	48833.	1075.75	1359.25	275.	
990.9849853515625	49008.75	1075.75	1259.166625976563	216.6666717529297	
992.2329711914063	45747.5	1300.75	1100.75	233.3333282470703	
993.4810180664063	47001.75	1150.75	1100.416625976563	183.3333282470703	
994.72900390625	46224.	1050.75	1267.333374023438	241.75	
995.9769897460938	46625.5	1551.	1275.833374023438	175.	
997.2249755859375	47829.5	900.5	1509.5	175.	
998.4730224609375	51291.25	950.5	1267.416625976563	150.	
