Trace for Mass:	Al27(MR)	Ca44(MR)	Fe56(MR)	S32(MR)
Resolution:	Medium	Medium	Medium	Medium
				
Time	Intensity	Intensity	Intensity	Intensity
[sec]	[cps]	[cps]	[cps]	[cps]

1.248999953269959	1918.25	170.	2210.166748046875	35483.890625	
2.49399995803833	1926.666625976563	133.3333282470703	2151.916748046875	41111.91796875	
3.740000009536743	1784.666625976563	133.3333282470703	2285.166748046875	40877.58203125	
4.986000061035156	1851.5	200.	2435.333251953125	39506.83203125	
6.23199987411499	2026.5	150.	2360.25	39113.91796875	
7.478000164031982	1693.	200.	2134.916748046875	40000.	
8.723999977111816	1567.75	175.	2343.583251953125	39974.41796875	
9.970000267028809	1943.333374023438	116.6666641235352	2251.75	41496.16796875	
11.21599960327148	2193.5	158.3333282470703	1951.583374023438	40861.5	
12.46199989318848	1959.916625976563	191.6666717529297	2068.25	40960.91796875	
13.70800018310547	1843.083374023438	166.6666717529297	2210.083251953125	40016.08203125	
14.95400047302246	1751.25	133.3333282470703	2018.333374023438	42290.5	
16.20000076293945	2026.583374023438	150.	2201.916748046875	40669.	
17.44599914550781	1909.916625976563	141.6666717529297	2176.75	40886.66796875	
18.69199943542481	2118.333251953125	116.6666641235352	2126.666748046875	40893.83203125	
19.9379997253418	2034.916625976563	183.3333282470703	2669.166748046875	40927.58203125	
21.18400001525879	2260.166748046875	175.	2819.333251953125	40652.41796875	
22.43000030517578	2977.75	191.6666717529297	2285.25	40561.	
23.67600059509277	2085.083251953125	183.3333282470703	3286.5	40595.	
24.92200088500977	2068.25	125.	2785.75	40961.41796875	
26.16799926757813	2694.166748046875	125.	2835.833251953125	40794.25	
27.41399955749512	1993.25	208.3333282470703	7205.08349609375	41078.	
28.65999984741211	3795.75	141.6666717529297	2360.25	41714.33203125	
29.9060001373291	6068.91650390625	116.6666641235352	2068.083251953125	42842.75	
31.15200042724609	1893.166625976563	150.	5065.91650390625	40702.	
32.39799880981445	1809.75	200.	2135.	40702.	
33.64400100708008	2001.583374023438	200.	2360.25	40217.16796875	
34.88999938964844	13379.8330078125	125.	1984.833374023438	41788.75	
36.13600158691406	1926.416625976563	183.3333282470703	2143.25	41538.66796875	
37.38199996948242	2110.	158.3333282470703	2085.	42599.5	
38.62799835205078	2110.083251953125	158.3333282470703	2310.166748046875	42257.41796875	
39.87400054931641	1993.25	191.6666717529297	2268.583251953125	42198.08203125	
41.11999893188477	1734.583374023438	141.6666717529297	12201.4169921875	41931.91796875	
42.36600112915039	11128.6669921875	141.6666717529297	2844.25	43110.16796875	
43.61199951171875	2502.166748046875	100.	2669.25	40727.25	
44.85800170898438	18706.583984375	100.	2802.583251953125	40401.08203125	
46.10400009155273	2702.416748046875	1434.25	9052.5	41781.	
47.34999847412109	30046.75	58226.59375	66216.5	43068.75	
48.59600067138672	86363.5859375	80136.	88734.5	47935.66796875	
49.84199905395508	135099.328125	142792.390625	127775.4140625	58450.25	
51.0880012512207	142752.5	93617.9140625	110067.9140625	58619.58203125	
52.33399963378906	181790.015625	112661.7890625	86821.3359375	49457.	
53.58000183105469	119854.8359375	94817.6875	58057.08203125	51198.33203125	
54.82600021362305	117352.75	54998.25	57266.08203125	46196.	
56.07199859619141	113506.125	153632.515625	43098.75	45785.75	
57.31800079345703	55037.25	29846.333984375	32440.083984375	46597.66796875	
58.56399917602539	58762.	23459.416015625	28094.333984375	46529.41796875	
59.81000137329102	40194.33203125	14854.8330078125	30784.333984375	43780.08203125	
61.05599975585938	26945.833984375	12041.4169921875	12701.0830078125	43076.58203125	
62.30199813842773	14277.9169921875	8068.5	9787.4169921875	42040.91796875	
63.54800033569336	12007.25	6774.58349609375	8969.9169921875	42039.83203125	
64.79399871826172	8843.8330078125	5950.25	7141.75	42767.5	
66.04000091552734	9271.0830078125	2134.916748046875	6199.25	41713.91796875	
67.28600311279297	7619.	1909.833374023438	5114.	42885.83203125	
68.53199768066406	4821.75	1284.333374023438	3937.416748046875	41103.08203125	
69.77799987792969	3228.	984.	2777.416748046875	43478.	
71.02400207519531	2727.416748046875	1709.916625976563	2902.75	40853.25	
72.26999664306641	5491.33349609375	1251.25	2827.75	41220.5	
73.51599884033203	3211.666748046875	608.75	2518.916748046875	41270.83203125	
74.76200103759766	2652.333251953125	283.3333435058594	2385.416748046875	42132.5	
76.00800323486328	2109.916748046875	316.75	2468.666748046875	41103.25	
77.25399780273438	2126.583251953125	191.6666717529297	2460.666748046875	41278.83203125	
78.49900054931641	2034.916625976563	200.	2493.916748046875	41287.91796875	
79.74500274658203	1984.916625976563	125.	2518.916748046875	41521.16796875	
80.99099731445313	1784.75	166.6666717529297	2543.833251953125	42400.33203125	
82.23699951171875	2285.416748046875	183.3333282470703	2402.	40844.25	
83.48300170898438	1851.5	116.6666641235352	2460.416748046875	41019.75	
84.72899627685547	2018.25	141.6666717529297	2101.666748046875	40693.66796875	
85.97499847412109	1676.25	216.6666717529297	2385.416748046875	40719.33203125	
87.22100067138672	2076.75	133.3333282470703	2043.416625976563	41487.83203125	
88.46700286865234	2126.666748046875	141.6666717529297	4004.75	42725.33203125	
89.71299743652344	1943.083374023438	100.	2260.083251953125	42658.75	
90.95899963378906	1918.	83.33333587646484	2260.25	41972.75	
92.20500183105469	1801.416625976563	91.66666412353516	2201.75	41588.5	
93.45099639892578	1784.5	133.3333282470703	2493.833251953125	42257.25	
94.69699859619141	1826.416625976563	125.	2460.333251953125	41036.75	
95.94300079345703	1851.5	100.	2235.166748046875	41822.75	
97.18900299072266	1959.916625976563	158.3333282470703	2243.416748046875	41312.83203125	
98.43499755859375	1951.583374023438	125.	2310.25	41053.33203125	
99.68099975585938	2527.083251953125	133.3333282470703	2318.666748046875	41287.41796875	
100.927001953125	1834.75	133.3333282470703	2135.166748046875	41555.	
102.1729965209961	17030.296875	91.66666412353516	1859.833374023438	41320.5	
103.4189987182617	1918.166625976563	125.	2493.833251953125	41329.58203125	
104.6650009155273	3128.25	125.	2101.75	43394.33203125	
105.911003112793	1943.25	150.	2335.25	42408.5	
107.1569976806641	2101.666748046875	125.	2485.416748046875	42441.	
108.4029998779297	2235.416748046875	191.6666717529297	2227.	42015.58203125	
109.6490020751953	2068.25	216.6666717529297	2719.083251953125	41889.16796875	
110.8949966430664	2143.416748046875	275.	7834.58349609375	39774.16796875	
112.140998840332	2176.666748046875	158.3333282470703	1959.833374023438	42608.08203125	
113.3870010375977	2009.916625976563	158.3333282470703	2185.083251953125	40585.08203125	
114.6330032348633	3436.916748046875	150.	2051.75	42508.58203125	
115.8789978027344	2035.	216.6666717529297	2335.333251953125	43294.41796875	
117.125	2068.166748046875	191.6666717529297	1993.416625976563	42156.75	
118.3710021972656	1960.	191.6666717529297	1976.75	42374.08203125	
119.6169967651367	2201.75	91.66666412353516	2185.	43001.16796875	
120.8629989624023	1943.25	150.	2051.833251953125	41990.	
122.109001159668	1876.666625976563	200.	2235.083251953125	42382.33203125	
123.3550033569336	1934.833374023438	141.6666717529297	2385.25	42198.5	
124.6009979248047	2009.833374023438	191.6666717529297	2752.583251953125	42918.16796875	
125.8470001220703	1751.333374023438	125.	2468.916748046875	44012.91796875	
127.0930023193359	3871.333251953125	166.6666717529297	2460.25	41512.58203125	
128.3390045166016	1993.25	166.6666717529297	2051.666748046875	42993.5	
129.5850067138672	4046.916748046875	83.33333587646484	2126.666748046875	42014.91796875	
130.8309936523438	1834.75	133.3333282470703	2093.333251953125	41847.41796875	
132.0769958496094	1876.5	183.3333282470703	3119.583251953125	42265.08203125	
133.322998046875	11012.0830078125	150.	2118.5	42950.91796875	
134.5690002441406	2076.75	183.3333282470703	2276.75	42257.08203125	
135.8150024414063	1843.083374023438	166.6666717529297	2251.916748046875	41538.16796875	
137.0610046386719	1759.666625976563	141.6666717529297	2118.333251953125	41672.33203125	
138.3070068359375	2176.75	183.3333282470703	2585.833251953125	42825.91796875	
139.5529937744141	2235.25	125.	2735.75	42324.5	
140.7989959716797	3128.083251953125	191.6666717529297	2277.	41797.41796875	
142.0449981689453	2018.166625976563	208.3333282470703	4238.41650390625	43670.33203125	
143.2910003662109	2502.25	150.	2243.333251953125	43185.5	
144.5370025634766	2577.416748046875	175.	2326.916748046875	42643.25	
145.7830047607422	2068.166748046875	200.	4221.25	43695.	
147.0290069580078	5960.16650390625	200.	2285.25	42257.25	
148.2749938964844	1868.166625976563	108.3333358764648	2427.166748046875	42691.66796875	
149.52099609375	1909.75	125.	2610.583251953125	41571.75	
150.7669982910156	2310.166748046875	141.6666717529297	2151.833251953125	41746.66796875	
152.0130004882813	1859.75	108.3333358764648	2769.166748046875	42215.25	
153.2579956054688	2343.583251953125	141.6666717529297	2343.666748046875	41697.	
154.5039978027344	1759.583374023438	175.	2685.75	42800.83203125	
155.75	1817.916625976563	233.3333282470703	2618.916748046875	41906.16796875	
156.9960021972656	2302.083251953125	233.3333282470703	7728.91650390625	41320.75	
158.2420043945313	9805.75	91.66666412353516	8931.9169921875	41447.33203125	
159.4880065917969	4054.5	175.	3837.166748046875	43729.25	
160.7339935302734	3946.416748046875	125.	4589.16650390625	42139.83203125	
161.9799957275391	5147.16650390625	133.3333282470703	3420.	43059.66796875	
163.2259979248047	4288.91650390625	216.6666717529297	3036.083251953125	42424.75	
164.4720001220703	2201.833251953125	125.	3620.25	43110.5	
165.7180023193359	14722.3330078125	208.3333282470703	6034.41650390625	42140.41796875	
166.9640045166016	2952.75	400.1666564941406	2243.583251953125	41864.33203125	
168.2100067138672	3061.25	141.6666717529297	2343.5	42207.5	
169.4559936523438	2143.333251953125	175.	2443.75	43569.75	
170.7019958496094	3445.416748046875	150.	2568.833251953125	41722.	
171.947998046875	3495.5	150.	2677.416748046875	43553.58203125	
173.1940002441406	2936.	275.	12848.8330078125	43160.41796875	
174.4400024414063	2844.333251953125	100.	5299.33349609375	43151.33203125	
175.6860046386719	2460.416748046875	183.3333282470703	2635.583251953125	42708.5	
176.9320068359375	2435.416748046875	158.3333282470703	3703.916748046875	41555.5	
178.1779937744141	7604.25	108.3333358764648	2285.25	41514.16796875	
179.4239959716797	3219.666748046875	158.3333282470703	6217.66650390625	42867.33203125	
180.6699981689453	3528.5	200.	3420.166748046875	42289.91796875	
181.9160003662109	3286.5	200.	4681.	42575.	
183.1620025634766	2660.75	225.	2577.25	41797.25	
184.4080047607422	2410.333251953125	191.6666717529297	2877.666748046875	41823.08203125	
185.6540069580078	3595.5	150.	4689.5	43000.5	
186.8999938964844	2310.25	141.6666717529297	2360.25	42416.25	
188.14599609375	2310.25	158.3333282470703	2076.666748046875	43219.41796875	
189.3919982910156	2018.166625976563	166.6666717529297	3428.25	43478.25	
190.6380004882813	1934.75	150.	2877.666748046875	42841.91796875	
191.8840026855469	2018.166625976563	91.66666412353516	2427.	41478.75	
193.1300048828125	2243.75	66.66666412353516	2026.666625976563	43494.5	
194.3760070800781	2035.	150.	2226.75	41011.66796875	
195.6219940185547	2051.583251953125	150.	2226.916748046875	43478.25	
196.8679962158203	2410.25	100.	2335.333251953125	43167.91796875	
198.1139984130859	2544.	133.3333282470703	13453.1669921875	42340.66796875	
199.3600006103516	2226.75	125.	4680.25	43160.41796875	
200.6060028076172	2402.083251953125	141.6666717529297	5674.41650390625	43469.5	
201.8520050048828	237601.203125	225.	7668.33349609375	42608.25	
203.0980072021484	122099.3359375	592.1666870117188	30152.666015625	39773.91796875	
204.343994140625	172926.203125	225.	10864.	42215.83203125	
205.5899963378906	93858.5390625	225.	114765.4765625	44388.66796875	
206.8359985351563	225857.171875	341.75	34386.83203125	42215.41796875	
208.0820007324219	39030.91796875	333.4166564941406	22844.5	43126.91796875	
209.3280029296875	99075.2578125	141.6666717529297	40655.25	43085.08203125	
210.5740051269531	127721.875	300.0833435058594	30110.916015625	42893.58203125	
211.8200073242188	23819.25	233.3333282470703	9555.4169921875	41889.25	
213.0659942626953	5990.08349609375	375.1666564941406	23805.333984375	41855.66796875	
214.3119964599609	44451.92578125	283.3333435058594	7334.66650390625	42098.91796875	
215.5579986572266	6841.91650390625	191.6666717529297	8651.1669921875	42540.91796875	
216.8040008544922	11733.1669921875	241.6666717529297	6190.58349609375	42926.41796875	
218.0500030517578	5840.	191.6666717529297	3378.25	42984.83203125	
219.2960052490234	38411.08203125	183.3333282470703	8095.25	43201.41796875	
220.5420074462891	4872.66650390625	316.6666564941406	4647.41650390625	42717.33203125	
221.7879943847656	2260.166748046875	191.6666717529297	3645.416748046875	40977.58203125	
223.0339965820313	3854.416748046875	225.	3804.583251953125	41730.91796875	
224.2799987792969	2577.166748046875	233.3333282470703	2927.75	43134.91796875	
225.5260009765625	2318.5	150.	4338.58349609375	40970.25	
226.7720031738281	3253.083251953125	191.6666717529297	2552.25	43393.66796875	
228.0180053710938	2327.	166.6666717529297	2618.833251953125	42090.	
229.2630004882813	2593.833251953125	116.6666641235352	2769.166748046875	42373.91796875	
230.5090026855469	3294.75	183.3333282470703	3753.833251953125	42625.58203125	
231.7550048828125	5648.91650390625	91.66666412353516	5917.08349609375	42676.08203125	
233.0010070800781	2836.	141.6666717529297	4689.33349609375	42089.83203125	
234.2469940185547	2577.333251953125	191.6666717529297	2969.5	41580.58203125	
235.4929962158203	2443.75	166.6666717529297	2727.333251953125	43185.08203125	
236.7389984130859	2143.416748046875	108.3333358764648	3703.916748046875	43160.5	
237.9850006103516	10471.8330078125	166.6666717529297	4271.16650390625	41572.75	
239.2310028076172	3904.166748046875	166.6666717529297	4162.91650390625	42491.91796875	
240.4770050048828	5506.75	158.3333282470703	6860.58349609375	41779.83203125	
241.7230072021484	3536.833251953125	241.6666717529297	5472.5	41638.41796875	
242.968994140625	11939.75	275.	6925.	42524.25	
244.2149963378906	4196.	241.6666717529297	30097.333984375	43386.91796875	
245.4609985351563	15520.25	150.	31991.916015625	43261.16796875	
246.7070007324219	13693.8330078125	158.3333282470703	58331.29296875	42307.58203125	
247.9530029296875	11600.25	250.	68155.3359375	43779.	
249.1990051269531	94308.4921875	225.	311719.65625	43093.08203125	
250.4450073242188	26265.166015625	683.8333129882813	77757.140625	42783.08203125	
251.6909942626953	70791.7578125	316.6666564941406	32618.666015625	43260.16796875	
252.9369964599609	213320.1875	291.6666564941406	110485.9609375	41847.75	
254.1829986572266	72556.4296875	166.6666717529297	117147.2890625	42341.5	
255.4290008544922	31427.416015625	233.4166717529297	13753.6669921875	42975.91796875	
256.6749877929688	31833.	308.3333435058594	41231.16796875	42984.75	
257.9209899902344	28199.	233.3333282470703	16547.5	43553.33203125	
259.1669921875	15065.0830078125	233.4166717529297	34666.5	42942.16796875	
260.4129943847656	6632.66650390625	166.6666717529297	30779.666015625	44263.16796875	
261.6589965820313	26256.5	225.	15691.1669921875	42749.75	
262.9049987792969	7242.66650390625	158.3333282470703	4546.58349609375	44114.08203125	
264.1510009765625	5482.25	150.	2960.916748046875	42281.83203125	
265.3970031738281	3161.25	125.	7276.58349609375	43102.25	
266.6430053710938	25701.916015625	191.6666717529297	4930.5	43236.08203125	
267.8890075683594	2143.5	208.3333282470703	3111.166748046875	42156.08203125	
269.135009765625	4021.25	100.	2502.166748046875	43863.66796875	
270.3810119628906	2235.166748046875	141.6666717529297	2919.333251953125	43202.	
271.6270141601563	1943.083374023438	108.3333358764648	2201.833251953125	43443.91796875	
272.8729858398438	1893.	166.6666717529297	2301.833251953125	42181.33203125	
274.1189880371094	27894.443359375	133.3333282470703	4630.91650390625	43838.41796875	
275.364990234375	2285.166748046875	125.	2677.333251953125	43243.5	
276.6109924316406	4204.58349609375	116.6666641235352	3595.333251953125	42867.33203125	
277.8569946289063	9472.6669921875	116.6666641235352	7596.16650390625	41780.91796875	
279.1029968261719	22201.724609375	133.3333282470703	16595.416015625	42374.5	
280.3489990234375	12777.25	867.1666870117188	24243.	42792.33203125	
281.5950012207031	515128.46875	2744.083251953125	86911.0546875	46197.16796875	
282.8410034179688	179627.21875	4479.75	82824.1640625	43594.91796875	
284.0870056152344	117702.9140625	7276.16650390625	78774.8359375	43151.75	
285.3330078125	101538.1640625	4504.58349609375	85018.5859375	45242.5	
286.5790100097656	147963.90625	7359.5	90567.5	44740.58203125	
287.8250122070313	173469.890625	4004.083251953125	71038.3359375	43168.16796875	
289.0710144042969	134467.15625	3728.75	47239.25	43980.16796875	
290.3169860839844	67625.5	2001.666625976563	66604.9921875	44230.58203125	
291.56298828125	67308.6640625	1267.5	46481.91796875	42198.75	
292.8089904785156	31769.583984375	1676.333374023438	21381.083984375	44105.91796875	
294.0549926757813	36020.5	1100.583374023438	19956.666015625	41780.91796875	
295.3009948730469	23232.583984375	683.6666870117188	31604.916015625	42900.5	
296.5469970703125	19334.333984375	1367.75	29341.5	44213.66796875	
297.7929992675781	51418.33203125	508.5833435058594	97976.0859375	43444.33203125	
299.0390014648438	102692.0859375	3178.75	1061788.5	45928.75	
300.2850036621094	176102.75	2318.833251953125	395194.59375	50647.33203125	
301.531005859375	363827.78125	2786.166748046875	623311.	43628.08203125	
302.7770080566406	539396.8125	1442.583374023438	302615.3125	45225.5	
304.0230102539063	382030.	2819.833251953125	441509.09375	43769.58203125	
305.2680053710938	248835.046875	1592.916625976563	472101.3125	47406.91796875	
306.5140075683594	174527.921875	1993.583374023438	351649.	44397.91796875	
307.760009765625	141970.484375	525.25	183667.765625	78160.390625	
309.0060119628906	95322.8359375	725.3333129882813	132543.109375	44557.41796875	
310.2520141601563	175434.390625	5118.41650390625	130439.8828125	43619.66796875	
311.4979858398438	102776.234375	366.75	60839.21875	44765.83203125	
312.7439880371094	55841.08203125	250.	181972.5	42691.25	
313.989990234375	27275.	275.	21265.	45276.08203125	
315.2359924316406	20523.666015625	225.	44007.28515625	42148.16796875	
316.4819946289063	8827.3330078125	300.	7901.91650390625	42491.41796875	
317.7279968261719	9877.8330078125	250.	5364.25	42500.25	
318.9739990234375	5055.58349609375	183.3333282470703	6709.	42449.75	
320.2200012207031	5490.16650390625	108.3333358764648	4145.83349609375	42416.08203125	
321.4660034179688	6057.25	108.3333358764648	3044.416748046875	43561.83203125	
322.7120056152344	2602.25	141.6666717529297	3286.5	43870.83203125	
323.9580078125	3837.666748046875	183.3333282470703	3854.25	43009.58203125	
325.2040100097656	2552.166748046875	183.3333282470703	2343.5	45066.41796875	
326.4500122070313	3570.666748046875	241.6666717529297	3620.5	41997.83203125	
327.6960144042969	2460.5	133.3333282470703	2510.5	44372.41796875	
328.9419860839844	2310.25	216.6666717529297	2176.916748046875	44606.58203125	
330.18798828125	2143.333251953125	183.3333282470703	2285.25	43234.66796875	
331.4339904785156	2043.416625976563	133.3333282470703	2276.916748046875	41421.41796875	
332.6799926757813	2118.333251953125	150.	2385.25	43201.5	
333.9259948730469	1843.	91.66666412353516	2310.416748046875	43535.66796875	
335.1719970703125	1717.916625976563	125.	2585.583251953125	44054.83203125	
336.4179992675781	2043.25	141.6666717529297	2285.333251953125	41822.08203125	
337.6640014648438	1901.416625976563	141.6666717529297	2318.583251953125	42959.58203125	
338.9100036621094	1893.166625976563	150.	2251.916748046875	43444.91796875	
340.156005859375	1968.083374023438	100.	2368.75	43670.33203125	
341.4020080566406	1968.083374023438	116.6666641235352	2443.833251953125	42215.58203125	
342.6480102539063	2110.166748046875	125.	2435.333251953125	42324.	
343.8940124511719	2010.083374023438	183.3333282470703	2402.166748046875	43243.75	
345.1400146484375	1943.166625976563	158.3333282470703	2143.416748046875	41713.83203125	
346.385986328125	1984.833374023438	208.3333282470703	2343.583251953125	42359.	
347.6319885253906	2285.25	141.6666717529297	2185.	44137.75	
348.8779907226563	2085.	166.6666717529297	2110.	42507.75	
350.1239929199219	1734.583374023438	166.6666717529297	2176.666748046875	42633.33203125	
351.3699951171875	1776.333374023438	58.33333206176758	2318.666748046875	43177.75	
352.6159973144531	2009.833374023438	150.	2135.166748046875	41472.08203125	
353.8619995117188	2026.583374023438	125.	2135.	43160.25	
355.1080017089844	1959.833374023438	166.6666717529297	2393.75	42893.16796875	
356.35400390625	2377.	191.6666717529297	4940.58349609375	43059.58203125	
357.6000061035156	2368.75	200.	2427.083251953125	43821.5	
358.8460083007813	1968.333374023438	158.3333282470703	2660.75	42675.08203125	
360.0920104980469	1884.583374023438	433.6666564941406	2426.916748046875	42633.16796875	
361.3380126953125	2276.916748046875	216.6666717529297	8704.9169921875	43050.66796875	
362.5840148925781	2110.083251953125	316.75	2085.	42717.75	
363.8299865722656	722675.3125	125.	2393.833251953125	43377.75	
365.0759887695313	1951.583374023438	241.6666717529297	2335.333251953125	42859.25	
366.3219909667969	2001.666625976563	100.	2218.5	43895.91796875	
367.5679931640625	2010.	166.6666717529297	1951.5	42165.75	
368.8139953613281	2143.416748046875	108.3333358764648	2301.916748046875	42031.66796875	
370.0599975585938	1859.75	250.	2251.75	42992.5	
371.3059997558594	1601.166625976563	133.3333282470703	2009.833374023438	42157.08203125	
372.552001953125	1843.083374023438	150.	2402.	42934.58203125	
373.7980041503906	1859.833374023438	208.3333282470703	2193.5	42583.58203125	
375.0440063476563	2118.333251953125	208.3333282470703	2268.666748046875	44774.41796875	
376.2900085449219	1834.666625976563	133.3333282470703	2268.583251953125	43185.33203125	
377.5360107421875	1984.833374023438	150.	2210.083251953125	43629.08203125	
378.7820129394531	2084.916748046875	183.3333282470703	2351.916748046875	42524.91796875	
380.0280151367188	1993.166625976563	108.3333358764648	2135.	43695.33203125	
381.2730102539063	2151.833251953125	141.6666717529297	2151.75	42875.58203125	
382.5190124511719	2151.833251953125	200.	1985.	42156.5	
383.7650146484375	1918.166625976563	175.	2085.25	43687.33203125	
385.010986328125	1993.166625976563	191.6666717529297	2310.25	43168.5	
386.2569885253906	1851.416625976563	116.6666641235352	1851.333374023438	42826.	
387.5029907226563	1801.333374023438	141.6666717529297	2185.083251953125	43419.16796875	
388.7489929199219	1926.333374023438	183.3333282470703	2076.75	44966.5	
389.9949951171875	2068.333251953125	150.	2218.416748046875	42609.	
391.2409973144531	2051.75	166.6666717529297	2043.333374023438	43610.83203125	
392.4869995117188	2176.666748046875	216.6666717529297	2485.416748046875	43411.08203125	
393.7330017089844	1859.75	158.3333282470703	2160.083251953125	42524.83203125	
394.97900390625	1676.25	241.6666717529297	2376.916748046875	43268.66796875	
396.2250061035156	1742.916625976563	158.3333282470703	2285.333251953125	43812.16796875	
397.4710083007813	1734.833374023438	141.6666717529297	2176.666748046875	44866.91796875	
398.7170104980469	2034.833374023438	158.3333282470703	2110.083251953125	44581.75	
399.9630126953125	1993.166625976563	191.6666717529297	2260.25	42172.75	
401.2090148925781	2068.25	175.	2644.	43704.	
402.4549865722656	2059.916748046875	166.6666717529297	1951.416625976563	43611.91796875	
403.7009887695313	2201.833251953125	150.	2410.416748046875	42750.33203125	
404.9469909667969	1909.666625976563	166.6666717529297	2385.416748046875	43720.75	
406.1929931640625	1667.916625976563	66.66666412353516	2226.833251953125	42558.25	
407.4389953613281	2034.833374023438	200.	2185.083251953125	43996.16796875	
408.6849975585938	1909.833374023438	175.	2518.916748046875	43126.83203125	
409.9309997558594	1651.333374023438	116.6666641235352	2193.5	41036.75	
411.177001953125	1901.5	200.	2326.75	43904.58203125	
412.4230041503906	1868.	191.6666717529297	2201.75	43753.58203125	
413.6690063476563	2093.25	233.3333282470703	2076.666748046875	42575.	
414.9150085449219	2185.083251953125	100.	1959.916625976563	42926.08203125	
416.1610107421875	2151.75	200.	2193.5	43143.16796875	
417.4070129394531	2126.666748046875	150.	2402.	43411.41796875	
418.6530151367188	2043.25	133.3333282470703	2493.833251953125	43084.5	
419.8989868164063	2060.083251953125	150.	2185.083251953125	43419.58203125	
421.1449890136719	1726.333374023438	175.	2251.916748046875	43101.75	
422.3909912109375	1985.	108.3333358764648	2076.583251953125	43160.08203125	
423.6369934082031	2168.333251953125	158.3333282470703	2435.333251953125	43954.75	
424.8829956054688	2026.583374023438	200.	2393.666748046875	43352.66796875	
426.1289978027344	1843.	133.3333282470703	2418.916748046875	43461.41796875	
427.375	1843.	141.6666717529297	2335.416748046875	41922.83203125	
428.6210021972656	1926.583374023438	116.6666641235352	2226.833251953125	43034.83203125	
429.8670043945313	1959.916625976563	183.3333282470703	2310.25	43077.	
431.1130065917969	1751.25	266.6666564941406	2101.666748046875	42608.75	
432.3590087890625	2093.333251953125	116.6666641235352	2160.166748046875	43620.5	
433.6050109863281	1918.166625976563	150.	2126.583251953125	42157.5	
434.8510131835938	1976.583374023438	191.6666717529297	2251.833251953125	43913.16796875	
436.0969848632813	1868.083374023438	116.6666641235352	2201.833251953125	44414.83203125	
437.3429870605469	1826.333374023438	75.	2318.666748046875	42625.25	
438.5889892578125	1968.25	225.	2293.5	42867.33203125	
439.8349914550781	1801.166625976563	116.6666641235352	2043.25	44054.16796875	
441.0809936523438	1960.	125.	2418.75	44079.75	
442.3269958496094	1893.	191.6666717529297	2327.	43310.75	
443.572998046875	2343.666748046875	225.	2302.083251953125	43026.91796875	
444.8190002441406	2151.75	208.3333282470703	2302.	42541.16796875	
446.0650024414063	1818.083374023438	258.3333435058594	2427.	44515.08203125	
447.3110046386719	1893.	125.	2101.666748046875	42223.66796875	
448.5570068359375	1851.333374023438	141.6666717529297	2368.583251953125	42909.	
449.8030090332031	2919.416748046875	158.3333282470703	2185.166748046875	44155.83203125	
451.0490112304688	2401.916748046875	125.	2009.916625976563	42633.58203125	
452.2950134277344	2060.	141.6666717529297	2151.75	42349.08203125	
453.5409851074219	1918.083374023438	225.	2235.083251953125	45199.83203125	
454.7869873046875	1843.083374023438	191.6666717529297	2043.333374023438	43436.16796875	
456.0329895019531	2243.5	175.	2210.166748046875	42900.58203125	
457.2780151367188	1926.583374023438	100.	2210.	43361.08203125	
458.5239868164063	1784.666625976563	108.3333358764648	2168.333251953125	44798.41796875	
459.7699890136719	1943.166625976563	216.6666717529297	2919.583251953125	43770.58203125	
461.0159912109375	1734.583374023438	133.3333282470703	1934.916625976563	43235.5	
462.2619934082031	1968.25	208.3333282470703	2210.166748046875	41654.41796875	
463.5079956054688	2160.166748046875	216.6666717529297	2402.	42892.25	
464.7539978027344	1642.833374023438	183.3333282470703	2343.75	41804.83203125	
466.	1843.	258.4166564941406	2126.75	43811.66796875	
467.2460021972656	1918.25	91.66666412353516	2126.666748046875	42626.16796875	
468.4920043945313	1826.333374023438	200.	2160.166748046875	44155.75	
469.7380065917969	2018.166625976563	166.6666717529297	2485.416748046875	42315.91796875	
470.9840087890625	1893.166625976563	158.3333282470703	2393.75	43402.75	
472.2300109863281	1993.25	133.3333282470703	2059.916748046875	44063.75	
473.4760131835938	2084.916748046875	141.6666717529297	2009.916625976563	43704.16796875	
474.7219848632813	1884.916625976563	150.	1968.083374023438	43519.58203125	
475.9679870605469	1909.75	83.33333587646484	2076.666748046875	43453.16796875	
477.2139892578125	1776.333374023438	150.	2460.416748046875	43679.91796875	
478.4599914550781	1893.166625976563	133.3333282470703	2293.666748046875	43252.58203125	
479.7059936523438	1901.583374023438	191.6666717529297	2301.916748046875	42977.08203125	
480.9519958496094	1893.083374023438	158.3333282470703	2151.833251953125	44448.41796875	
482.197998046875	1776.416625976563	141.6666717529297	2151.75	43587.83203125	
483.4440002441406	1701.166625976563	175.	2051.75	43243.66796875	
484.6900024414063	2135.083251953125	150.	2285.166748046875	44213.58203125	
485.9360046386719	1734.583374023438	83.33333587646484	2452.	43771.	
487.1820068359375	1809.75	133.3333282470703	2135.	43897.25	
488.4280090332031	1818.166625976563	166.6666717529297	2193.5	43293.75	
489.6740112304688	1893.25	191.6666717529297	2368.666748046875	43796.08203125	
490.9200134277344	1893.083374023438	133.3333282470703	2143.416748046875	43545.33203125	
492.1659851074219	2034.916625976563	216.6666717529297	2477.25	44156.	
493.4119873046875	1876.416625976563	91.66666412353516	2201.833251953125	43077.16796875	
494.6579895019531	2176.833251953125	125.	2518.833251953125	45017.58203125	
495.9039916992188	1842.833374023438	158.3333282470703	2410.333251953125	43160.25	
497.1499938964844	1901.416625976563	58.33333206176758	2760.833251953125	43002.25	
498.39599609375	1851.333374023438	133.3333282470703	2385.333251953125	43629.	
499.6419982910156	1726.25	225.	2084.833251953125	43812.58203125	
500.8880004882813	1959.833374023438	216.6666717529297	2343.75	42909.41796875	
502.1340026855469	1893.083374023438	66.66666412353516	2026.583374023438	42783.75	
503.3800048828125	1667.916625976563	150.	2310.333251953125	41906.41796875	
504.6260070800781	1951.666625976563	150.	2510.5	44389.41796875	
505.8720092773438	1884.833374023438	133.3333282470703	2110.083251953125	43578.58203125	
507.1180114746094	2118.416748046875	191.6666717529297	2043.166625976563	43912.66796875	
508.364013671875	1784.75	150.	2235.333251953125	44557.5	
509.6099853515625	1943.166625976563	175.	2018.25	42617.08203125	
510.8559875488281	1943.	141.6666717529297	2468.666748046875	44816.	
512.1019897460938	1751.25	208.3333282470703	2452.083251953125	43402.25	
513.3480224609375	1976.583374023438	216.6666717529297	2251.916748046875	42826.16796875	
514.593994140625	1943.166625976563	150.	2218.416748046875	43035.83203125	
515.8400268554688	1893.083374023438	225.	1943.25	42826.	
517.0859985351563	1909.75	233.3333282470703	2210.166748046875	43227.33203125	
518.3319702148438	1918.	116.6666641235352	2210.333251953125	42692.91796875	
519.5780029296875	1876.416625976563	141.6666717529297	2059.916748046875	43853.66796875	
520.823974609375	1651.083374023438	133.3333282470703	2001.5	44649.25	
522.0700073242188	2185.083251953125	100.	1993.166625976563	43595.33203125	
523.3159790039063	1659.583374023438	183.3333282470703	2101.583251953125	43077.75	
524.56201171875	1784.666625976563	158.3333282470703	2135.166748046875	42951.75	
525.8079833984375	1742.916625976563	150.	2235.333251953125	42198.25	
527.0540161132813	2185.083251953125	158.3333282470703	2326.916748046875	42491.08203125	
528.2999877929688	2051.666748046875	141.6666717529297	2034.916625976563	44046.58203125	
529.5460205078125	2034.833374023438	66.66666412353516	2176.833251953125	43178.33203125	
530.7919921875	1659.583374023438	108.3333358764648	1901.333374023438	43719.75	
532.0380249023438	1818.083374023438	100.	2251.75	42842.08203125	
533.2830200195313	1884.75	150.	2468.833251953125	43696.25	
534.5289916992188	1859.75	175.	2235.166748046875	43780.16796875	
535.7750244140625	1868.083374023438	166.6666717529297	2602.333251953125	44046.41796875	
537.02099609375	1784.75	241.6666717529297	2327.	43536.16796875	
538.2670288085938	1734.5	158.3333282470703	1901.416625976563	43795.33203125	
539.5130004882813	1926.5	108.3333358764648	2252.	42089.66796875	
540.7589721679688	1876.5	125.	2402.	44055.41796875	
542.0050048828125	1801.416625976563	175.	2035.	41805.91796875	
543.2509765625	1793.083374023438	116.6666641235352	1826.5	45485.	
544.4970092773438	1793.	108.3333358764648	1968.083374023438	43720.75	
545.7429809570313	2101.666748046875	158.3333282470703	2527.25	43034.75	
546.989013671875	1926.666625976563	158.3333282470703	2318.5	44573.33203125	
548.2349853515625	2060.	175.	2068.333251953125	43336.33203125	
549.4810180664063	1801.333374023438	191.6666717529297	2368.75	43327.08203125	
550.7269897460938	1609.416625976563	158.3333282470703	1976.5	42967.58203125	
551.9730224609375	1826.416625976563	116.6666641235352	2068.5	43017.75	
553.218994140625	1918.166625976563	208.3333282470703	2310.333251953125	42281.5	
554.4650268554688	1751.333374023438	158.3333282470703	1909.666625976563	44005.08203125	
555.7109985351563	3855.25	200.	2302.	42784.25	
556.9569702148438	1851.583374023438	216.6666717529297	3011.25	42407.83203125	
558.2030029296875	1984.916625976563	216.6666717529297	2243.583251953125	44280.58203125	
559.448974609375	1826.416625976563	250.	2318.583251953125	42107.25	
560.6950073242188	1826.416625976563	116.6666641235352	2226.833251953125	44356.83203125	
561.9409790039063	2093.416748046875	200.	2285.333251953125	44105.	
563.18701171875	1676.333374023438	175.	2226.833251953125	42800.5	
564.4329833984375	2051.583251953125	100.	1859.75	42157.25	
565.6790161132813	1809.583374023438	141.6666717529297	2026.666625976563	44464.25	
566.9249877929688	1759.666625976563	191.6666717529297	2377.083251953125	43695.91796875	
568.1710205078125	1876.333374023438	108.3333358764648	2402.	43009.5	
569.4169921875	2018.083374023438	175.	2251.916748046875	42700.83203125	
570.6630249023438	1726.25	133.3333282470703	2385.25	45058.58203125	
571.9089965820313	2018.166625976563	158.3333282470703	2260.166748046875	42608.16796875	
573.155029296875	1751.333374023438	125.	2110.083251953125	44305.5	
574.4010009765625	1943.	141.6666717529297	2227.	44313.58203125	
575.64697265625	2243.416748046875	141.6666717529297	2293.666748046875	42633.91796875	
576.8930053710938	2018.333374023438	241.6666717529297	2260.166748046875	43495.41796875	
578.1389770507813	2001.5	150.	2193.416748046875	44916.58203125	
579.385009765625	2126.75	141.6666717529297	2335.333251953125	43569.58203125	
580.6309814453125	1859.583374023438	191.6666717529297	2326.916748046875	42808.16796875	
581.8770141601563	2093.416748046875	158.3333282470703	2076.666748046875	43403.33203125	
583.1229858398438	1676.333374023438	116.6666641235352	2185.083251953125	43319.25	
584.3690185546875	1851.416625976563	125.	1818.083374023438	43069.16796875	
585.614990234375	1943.25	225.	2402.166748046875	43034.25	
586.8610229492188	2010.	191.6666717529297	1876.416625976563	43335.25	
588.1069946289063	2093.5	50.	2460.5	42608.66796875	
589.35302734375	1926.5	141.6666717529297	2293.583251953125	43988.5	
590.5989990234375	1818.083374023438	133.3333282470703	1859.666625976563	44430.83203125	
591.844970703125	1984.833374023438	175.	2093.416748046875	43495.66796875	
593.0910034179688	1918.166625976563	116.6666641235352	2385.333251953125	44330.83203125	
594.3369750976563	1859.833374023438	175.	2168.5	44565.08203125	
595.5830078125	1809.666625976563	183.3333282470703	2243.583251953125	42776.16796875	
596.8289794921875	1709.5	141.6666717529297	2093.416748046875	41146.08203125	
598.0750122070313	1884.75	141.6666717529297	2218.416748046875	43193.5	
599.3209838867188	1751.333374023438	233.3333282470703	2160.25	43462.08203125	
600.5670166015625	1943.25	83.33333587646484	1742.916625976563	44473.16796875	
601.81298828125	1718.	108.3333358764648	1976.583374023438	42341.16796875	
603.0590209960938	1926.583374023438	133.3333282470703	2276.833251953125	43594.33203125	
604.3049926757813	1884.916625976563	158.3333282470703	2502.166748046875	42165.5	
605.551025390625	2085.	200.	2151.833251953125	43996.75	
606.7969970703125	1859.75	141.6666717529297	1893.	43503.91796875	
608.0430297851563	1809.583374023438	200.	2243.5	43286.5	
609.2880249023438	1843.166625976563	200.	2510.666748046875	43955.08203125	
610.5339965820313	2276.833251953125	258.3333435058594	2018.25	44965.5	
611.780029296875	2168.5	266.6666564941406	2210.083251953125	43462.	
613.0260009765625	1834.666625976563	108.3333358764648	2143.416748046875	42667.08203125	
614.27197265625	1676.25	116.6666641235352	2176.75	43921.08203125	
615.5180053710938	1759.583374023438	133.3333282470703	2268.583251953125	43278.16796875	
616.7639770507813	2001.666625976563	100.	2435.416748046875	42466.66796875	
618.010009765625	2352.	108.3333358764648	2435.416748046875	44296.66796875	
619.2559814453125	1926.583374023438	125.	1993.333374023438	43754.33203125	
620.5020141601563	1893.083374023438	158.3333282470703	2502.166748046875	43294.41796875	
621.7479858398438	2293.5	141.6666717529297	2602.166748046875	42432.5	
622.9940185546875	2193.5	108.3333358764648	3921.083251953125	43746.08203125	
624.239990234375	1859.75	100.	2310.25	43018.08203125	
625.4860229492188	2093.25	141.6666717529297	2794.25	43871.16796875	
626.7319946289063	2126.666748046875	191.6666717529297	2393.833251953125	43152.66796875	
627.97802734375	2043.25	200.	3044.75	43444.41796875	
629.2239990234375	1692.833374023438	108.3333358764648	2243.5	43603.83203125	
630.469970703125	1959.916625976563	91.66666412353516	2327.	43101.75	
631.7160034179688	1818.	116.6666641235352	2193.416748046875	43921.5	
632.9619750976563	1926.416625976563	200.	2435.416748046875	42867.58203125	
634.2080078125	1959.75	125.	2193.416748046875	43762.08203125	
635.4539794921875	1951.5	175.	2318.75	42582.75	
636.7000122070313	1843.083374023438	158.3333282470703	2151.583251953125	43076.66796875	
637.9459838867188	1634.583374023438	133.3333282470703	1968.25	43485.83203125	
639.1920166015625	2026.666625976563	158.3333282470703	2093.416748046875	43670.5	
640.43798828125	1834.75	200.	2185.166748046875	41504.83203125	
641.6840209960938	1701.166625976563	133.3333282470703	2135.	42750.58203125	
642.9299926757813	2135.166748046875	208.3333282470703	2301.916748046875	42157.	
644.176025390625	1951.583374023438	233.3333282470703	2260.166748046875	42926.33203125	
645.4219970703125	1976.583374023438	91.66666412353516	2335.25	43235.16796875	
646.6680297851563	2010.	216.6666717529297	2635.666748046875	42816.66796875	
647.9140014648438	2493.833251953125	208.3333282470703	3436.583251953125	42358.25	
649.1599731445313	2193.416748046875	316.6666564941406	3278.166748046875	43603.25	
650.406005859375	2844.333251953125	492.0833435058594	11997.25	43369.	
651.6519775390625	2635.75	608.8333129882813	2560.583251953125	43019.25	
652.8980102539063	2093.416748046875	141.6666717529297	3294.916748046875	44372.5	
654.1439819335938	1968.25	216.6666717529297	2552.25	44632.16796875	
655.3900146484375	1926.583374023438	141.6666717529297	4597.08349609375	43302.41796875	
656.635986328125	2009.833374023438	158.3333282470703	4071.25	43319.58203125	
657.8820190429688	1976.5	183.3333282470703	2402.083251953125	42809.25	
659.1279907226563	1851.333374023438	225.	2268.583251953125	43210.	
660.3740234375	1684.583374023438	166.6666717529297	2226.833251953125	42993.83203125	
661.6199951171875	1926.5	150.	2335.333251953125	43185.58203125	
662.8660278320313	2001.666625976563	116.6666641235352	2135.	43704.75	
664.1119995117188	1768.166625976563	158.3333282470703	2568.833251953125	42943.25	
665.3579711914063	4204.33349609375	250.	11269.0830078125	45032.75	
666.60400390625	20631.916015625	533.4166870117188	29125.25	44491.	
667.8499755859375	49131.58203125	708.5833129882813	23347.416015625	44323.	
669.0960083007813	49738.83203125	525.1666870117188	24968.	43762.08203125	
670.3419799804688	46658.83203125	641.9166870117188	23459.833984375	42691.83203125	
671.5880126953125	32117.666015625	350.	31534.75	44139.66796875	
672.833984375	32766.916015625	433.4166564941406	15706.6669921875	44389.5	
674.0800170898438	93046.8828125	742.0833129882813	21478.833984375	43486.83203125	
675.3259887695313	23850.666015625	641.8333129882813	15384.3330078125	44272.33203125	
676.572021484375	15455.4169921875	491.75	11507.0830078125	44071.25	
677.8179931640625	13033.9169921875	508.5833435058594	10079.9169921875	43695.5	
679.0640258789063	10973.75	366.6666564941406	6240.41650390625	43553.58203125	
680.3099975585938	13945.5	433.4166564941406	4396.16650390625	42691.41796875	
681.5560302734375	6307.25	116.6666641235352	3311.583251953125	45762.41796875	
682.802001953125	4487.83349609375	191.6666717529297	3161.25	45786.66796875	
684.0479736328125	3077.75	166.6666717529297	2852.5	43218.75	
685.2930297851563	3703.666748046875	108.3333358764648	2602.333251953125	44088.41796875	
686.5390014648438	2669.	225.	2368.666748046875	42449.75	
687.7849731445313	2226.833251953125	325.1666564941406	2026.5	41990.16796875	
689.031005859375	2218.583251953125	175.	2443.833251953125	43646.16796875	
690.2769775390625	1734.583374023438	233.4166717529297	2318.833251953125	43779.33203125	
691.5230102539063	2035.	108.3333358764648	2351.916748046875	43360.5	
692.7689819335938	1818.083374023438	141.6666717529297	2168.333251953125	42959.41796875	
694.0150146484375	1709.416625976563	241.6666717529297	2085.	44465.33203125	
695.260986328125	2210.166748046875	133.3333282470703	6755.66650390625	43611.66796875	
696.5070190429688	1851.333374023438	125.	2410.416748046875	43343.83203125	
697.7529907226563	1834.666625976563	208.3333282470703	2068.583251953125	43736.5	
698.9990234375	2376.916748046875	158.3333282470703	2427.083251953125	44013.	
700.2449951171875	1876.333374023438	158.3333282470703	2335.333251953125	43144.	
701.4910278320313	1776.416625976563	175.	2151.666748046875	42901.41796875	
702.7369995117188	2043.333374023438	166.6666717529297	2352.083251953125	44297.	
703.9829711914063	1976.666625976563	166.6666717529297	2401.916748046875	43236.41796875	
705.22900390625	2018.25	191.6666717529297	2059.916748046875	41312.33203125	
706.4749755859375	2093.416748046875	391.9166564941406	4506.58349609375	44005.08203125	
707.7210083007813	2460.333251953125	883.8333129882813	6115.08349609375	43754.25	
708.9669799804688	12293.9169921875	3353.333251953125	15048.	48814.5	
710.2130126953125	32119.416015625	10281.6669921875	28174.166015625	52161.41796875	
711.458984375	20432.166015625	7325.75	46102.453125	55364.5	
712.7050170898438	21870.25	16747.083984375	30257.75	65871.4140625	
713.9509887695313	26260.75	5773.16650390625	28420.5	52009.58203125	
715.197021484375	22068.583984375	7963.41650390625	25248.333984375	48721.83203125	
716.4429931640625	16637.416015625	2969.5	9813.	46957.25	
717.6890258789063	29459.916015625	1817.916625976563	19257.416015625	48026.25	
718.9349975585938	7526.16650390625	1868.25	9103.75	49324.83203125	
720.1810302734375	6699.83349609375	1159.	5414.75	44807.58203125	
721.427001953125	10058.8330078125	1017.416687011719	4187.66650390625	44690.25	
722.6729736328125	4672.16650390625	4341.41650390625	3244.75	44791.83203125	
723.9190063476563	3161.25	675.3333129882813	6684.91650390625	43478.66796875	
725.1649780273438	9216.0830078125	808.8333129882813	3127.916748046875	42717.16796875	
726.4110107421875	2744.333251953125	400.0833435058594	2410.333251953125	45937.	
727.656982421875	2318.583251953125	583.75	2894.333251953125	44356.	
728.9030151367188	2218.5	275.	2201.666748046875	43101.5	
730.1489868164063	2201.916748046875	483.5833435058594	2260.333251953125	44515.16796875	
731.39501953125	2085.	191.6666717529297	3804.083251953125	42582.75	
732.6409912109375	1843.083374023438	116.6666641235352	2310.25	43587.25	
733.8870239257813	2226.75	166.6666717529297	2059.916748046875	43570.33203125	
735.1329956054688	1809.666625976563	166.6666717529297	2368.666748046875	44272.25	
736.3790283203125	1759.75	191.6666717529297	1959.916625976563	43043.33203125	
737.625	2060.166748046875	116.6666641235352	2026.833374023438	43360.33203125	
738.8709716796875	1951.5	175.0833282470703	2452.	42107.16796875	
740.1170043945313	2101.75	200.	2335.166748046875	44346.58203125	
741.3629760742188	1909.833374023438	125.	2176.75	43503.33203125	
742.6090087890625	2635.833251953125	125.	1943.25	44122.91796875	
743.85498046875	2719.166748046875	150.	2752.583251953125	43603.41796875	
745.1010131835938	1868.083374023438	325.	2452.083251953125	43922.5	
746.3469848632813	1884.75	216.6666717529297	2593.833251953125	42850.75	
747.593017578125	1959.916625976563	108.3333358764648	2368.75	43804.25	
748.8389892578125	2118.25	100.	3002.666748046875	42968.16796875	
750.0850219726563	30531.478515625	141.6666717529297	2568.833251953125	43704.	
751.3309936523438	1884.833374023438	266.75	2493.666748046875	44014.16796875	
752.5770263671875	2318.583251953125	150.	2710.75	42726.5	
753.822998046875	4555.75	183.3333282470703	2727.416748046875	44657.08203125	
755.0689697265625	2693.916748046875	817.3333129882813	2502.166748046875	45283.66796875	
756.3150024414063	2835.833251953125	233.3333282470703	19891.990234375	47605.83203125	
757.5609741210938	1951.5	300.	3595.166748046875	42332.91796875	
758.8070068359375	40508.45703125	4016.416748046875	38068.3671875	44029.66796875	
760.052978515625	4830.25	350.1666564941406	23004.537109375	43394.66796875	
761.2979736328125	5064.08349609375	425.25	28948.736328125	44390.58203125	
762.5440063476563	5280.83349609375	341.75	6473.91650390625	48862.33203125	
763.7899780273438	5447.83349609375	458.5	7435.08349609375	45551.66796875	
765.0360107421875	3970.583251953125	416.75	4571.58349609375	44364.	
766.281982421875	3637.	350.0833435058594	6443.91650390625	43787.08203125	
767.5280151367188	4714.	341.8333435058594	4062.416748046875	42575.08203125	
768.7739868164063	3495.083251953125	1092.666625976563	5666.75	44456.33203125	
770.02001953125	2226.833251953125	291.6666564941406	3461.666748046875	43477.41796875	
771.2659912109375	3303.25	191.6666717529297	3996.	43059.75	
772.5120239257813	2385.416748046875	225.	3662.	44606.66796875	
773.7579956054688	2802.583251953125	208.3333282470703	2994.5	43871.	
775.0040283203125	3119.916748046875	233.3333282470703	4621.91650390625	43586.25	
776.25	33162.51171875	175.	3778.833251953125	44255.5	
777.4959716796875	2085.	258.4166564941406	4012.416748046875	44088.25	
778.7420043945313	4564.41650390625	250.0833282470703	11940.5	43318.75	
779.9879760742188	3195.083251953125	200.	2652.416748046875	43779.	
781.2340087890625	2593.916748046875	250.	2560.5	43745.91796875	
782.47998046875	6134.75	183.3333282470703	2343.833251953125	42641.58203125	
783.7260131835938	2644.083251953125	208.3333282470703	2694.25	46114.	
784.9719848632813	2702.333251953125	216.6666717529297	3720.583251953125	42233.08203125	
786.218017578125	2026.583374023438	350.0833435058594	2502.166748046875	41680.33203125	
787.4639892578125	3862.833251953125	241.6666717529297	2068.416748046875	43945.91796875	
788.7100219726563	2035.083374023438	141.6666717529297	2477.166748046875	42525.16796875	
789.9559936523438	2085.083251953125	233.3333282470703	2410.25	43795.83203125	
791.2020263671875	1617.75	150.	2427.083251953125	42366.33203125	
792.447998046875	2168.583251953125	91.66666412353516	2260.166748046875	44022.08203125	
793.6939697265625	1968.166625976563	150.	3853.916748046875	43210.75	
794.9400024414063	2544.083251953125	125.	2310.083251953125	43813.58203125	
796.1859741210938	2118.5	241.6666717529297	2268.666748046875	43084.58203125	
797.4320068359375	1793.083374023438	175.	2135.083251953125	43461.08203125	
798.677978515625	1984.916625976563	91.66666412353516	1926.416625976563	42725.33203125	
799.9240112304688	1876.416625976563	133.3333282470703	2276.833251953125	42065.08203125	
801.1699829101563	1718.	216.6666717529297	4822.58349609375	43102.	
802.416015625	10030.	2652.25	53052.34375	42717.16796875	
803.6619873046875	30097.666015625	4580.	37021.58203125	45970.5	
804.9080200195313	85575.578125	11996.5	104831.4140625	44799.5	
806.1539916992188	59725.5	5038.66650390625	53985.5	44714.66796875	
807.4000244140625	53095.33203125	222778.453125	64810.41796875	44808.33203125	
808.64599609375	48728.58203125	5038.75	26248.25	44940.08203125	
809.8920288085938	37694.25	2785.833251953125	17108.916015625	44414.25	
811.1380004882813	27473.083984375	3103.166748046875	17514.	43260.25	
812.3839721679688	34758.83203125	1409.25	12776.1669921875	45016.91796875	
813.6300048828125	13393.1669921875	1484.416625976563	9386.75	44514.75	
814.8759765625	7458.75	1117.5	17484.333984375	43545.16796875	
816.1220092773438	8377.0830078125	1092.5	6423.91650390625	44564.58203125	
817.3679809570313	5647.66650390625	566.8333129882813	5973.33349609375	42625.08203125	
818.614013671875	4905.	458.4166564941406	4229.58349609375	43260.75	
819.8599853515625	5372.41650390625	475.25	2902.583251953125	43109.58203125	
821.1060180664063	3511.916748046875	366.75	3027.916748046875	43879.33203125	
822.3519897460938	4204.91650390625	275.	2585.666748046875	43804.41796875	
823.5980224609375	3169.583251953125	233.3333282470703	2744.166748046875	43787.33203125	
824.843994140625	2226.916748046875	275.	2585.666748046875	43628.58203125	
826.0900268554688	2093.25	158.3333282470703	2452.166748046875	43369.25	
827.3359985351563	1960.	166.6666717529297	2352.083251953125	44799.41796875	
828.5819702148438	2001.5	208.3333282470703	2135.083251953125	43436.25	
829.8280029296875	2443.75	166.6666717529297	20386.75	42082.	
831.073974609375	1918.25	116.6666641235352	2318.583251953125	41856.	
832.3200073242188	1918.166625976563	125.	6007.91650390625	43595.25	
833.5659790039063	1659.5	183.3333282470703	4989.5	44063.33203125	
834.81201171875	2068.416748046875	100.	3069.5	44958.16796875	
836.0579833984375	1701.25	91.66666412353516	4062.666748046875	43378.83203125	
837.302978515625	1759.583374023438	141.6666717529297	5232.08349609375	45050.25	
838.5490112304688	2018.166625976563	183.3333282470703	4196.08349609375	43704.16796875	
839.7949829101563	1934.833374023438	125.	2326.75	42099.5	
841.041015625	2093.25	175.	3787.416748046875	44857.25	
842.2869873046875	2185.25	141.6666717529297	2468.916748046875	41713.5	
843.5330200195313	1784.75	166.6666717529297	2552.25	43861.66796875	
844.7789916992188	1943.25	208.3333282470703	2502.25	43528.08203125	
846.0250244140625	2009.916625976563	200.	2118.333251953125	42650.	
847.27099609375	2026.666625976563	158.3333282470703	2151.833251953125	42808.83203125	
848.5170288085938	1617.833374023438	150.	2385.5	43210.58203125	
849.7630004882813	1709.5	183.3333282470703	2276.916748046875	42499.41796875	
851.0089721679688	1943.25	191.6666717529297	1818.	43176.66796875	
852.2550048828125	1876.5	191.6666717529297	2226.833251953125	43569.58203125	
853.5009765625	1976.5	150.	2160.083251953125	42759.58203125	
854.7470092773438	1751.416625976563	175.	2210.25	44606.83203125	
855.9929809570313	1684.583374023438	208.3333282470703	1951.5	44222.58203125	
857.239013671875	1717.916625976563	58.33333206176758	1984.916625976563	43645.58203125	
858.4849853515625	1550.916625976563	116.6666641235352	2226.833251953125	42165.08203125	
859.7310180664063	1809.583374023438	141.6666717529297	2468.833251953125	43244.08203125	
860.9769897460938	2059.916748046875	200.	2385.333251953125	43010.16796875	
862.2230224609375	1701.083374023438	258.3333435058594	2302.	44105.91796875	
863.468994140625	1876.416625976563	150.	2435.416748046875	44557.41796875	
864.7150268554688	5522.58349609375	200.	13210.5	43946.	
865.9609985351563	23467.916015625	258.3333435058594	24642.833984375	45000.08203125	
867.2069702148438	80838.5546875	400.	31926.583984375	45142.66796875	
868.4530029296875	42192.58203125	325.0833435058594	55144.25	42265.91796875	
869.698974609375	64367.16796875	441.75	39214.91796875	44632.91796875	
870.9450073242188	37710.5	450.0833435058594	52414.18359375	45836.41796875	
872.1909790039063	39917.5	458.4166564941406	20483.	43460.41796875	
873.43701171875	23071.75	283.3333435058594	25920.166015625	44323.66796875	
874.6829833984375	22531.583984375	258.4166564941406	14061.25	42951.58203125	
875.9290161132813	11464.5	225.	8735.8330078125	45191.75	
877.1749877929688	17353.5	183.3333282470703	11624.3330078125	43736.83203125	
878.4210205078125	10347.4169921875	241.6666717529297	8813.75	43511.66796875	
879.6669921875	5723.	125.	3745.25	44255.83203125	
880.9130249023438	7267.75	133.3333282470703	4404.75	44331.33203125	
882.1589965820313	4171.	191.6666717529297	7219.	42115.	
883.405029296875	3019.583251953125	100.	3077.666748046875	42884.	
884.6510009765625	2710.833251953125	208.3333282470703	3503.333251953125	43578.16796875	
885.89697265625	2051.666748046875	100.	2952.583251953125	43637.25	
887.1430053710938	2761.	141.6666717529297	2235.166748046875	43219.	
888.3889770507813	2443.666748046875	183.3333282470703	2110.083251953125	44256.5	
889.635009765625	2018.333374023438	175.	2160.083251953125	43679.16796875	
890.8809814453125	1684.583374023438	250.	2410.416748046875	43738.	
892.1270141601563	1993.166625976563	183.3333282470703	2452.083251953125	43804.58203125	
893.3729858398438	2352.	183.3333282470703	2277.	43487.25	
894.6190185546875	2076.666748046875	158.3333282470703	2268.5	42115.41796875	
895.864990234375	2043.333374023438	158.3333282470703	1784.75	42525.33203125	
897.1110229492188	1976.666625976563	108.3333358764648	2360.333251953125	43662.25	
898.3569946289063	2035.	133.3333282470703	2210.166748046875	42658.58203125	
899.60302734375	2410.333251953125	141.6666717529297	2301.916748046875	43429.5	
900.8489990234375	4013.75	175.	2226.75	41655.16796875	
902.094970703125	1801.166625976563	166.6666717529297	2035.	43436.5	
903.3410034179688	1818.083374023438	175.	2034.916625976563	43678.91796875	
904.5869750976563	1960.	141.6666717529297	2143.5	43118.58203125	
905.8330078125	1717.916625976563	258.3333435058594	2351.916748046875	44406.66796875	
907.0789794921875	2051.833251953125	166.6666717529297	2193.333251953125	42700.5	
908.3250122070313	1926.416625976563	250.	2310.333251953125	43528.58203125	
909.5709838867188	2034.833374023438	108.3333358764648	2452.	42608.25	
910.8170166015625	2026.666625976563	275.	2160.083251953125	42542.75	
912.06201171875	1959.75	258.3333435058594	2293.666748046875	43369.41796875	
913.3079833984375	2085.	275.0833435058594	2110.083251953125	43460.91796875	
914.5540161132813	1968.166625976563	300.	1959.75	44247.25	
915.7999877929688	1843.	158.3333282470703	2059.916748046875	44013.5	
917.0460205078125	1809.666625976563	183.3333282470703	2176.75	45092.33203125	
918.2919921875	1759.916625976563	158.3333282470703	2410.416748046875	44707.	
919.5380249023438	2068.416748046875	166.6666717529297	2276.833251953125	43219.	
920.7839965820313	1959.833374023438	258.3333435058594	2235.25	43947.41796875	
922.030029296875	1851.416625976563	216.6666717529297	2468.833251953125	41972.58203125	
923.2760009765625	1943.333374023438	200.	2218.416748046875	42374.58203125	
924.52197265625	2085.	175.	2126.583251953125	42909.58203125	
925.7680053710938	1834.833374023438	208.3333282470703	2402.	42784.33203125	
927.0139770507813	2076.75	141.6666717529297	2060.	43236.08203125	
928.260009765625	1943.083374023438	100.	2168.333251953125	41731.33203125	
929.5059814453125	1868.166625976563	83.33333587646484	2260.5	42951.66796875	
930.7520141601563	1868.	191.6666717529297	2351.916748046875	44255.58203125	
931.9979858398438	1717.916625976563	125.	2277.	43761.66796875	
933.2440185546875	1876.333374023438	166.6666717529297	2402.166748046875	40618.91796875	
934.489990234375	1692.833374023438	200.	2401.916748046875	43344.33203125	
935.7360229492188	1859.833374023438	208.3333282470703	1959.75	42658.33203125	
936.9819946289063	2018.333374023438	125.	2243.583251953125	42399.75	
938.22802734375	1793.	158.3333282470703	3796.166748046875	43695.33203125	
939.4739990234375	1959.916625976563	141.6666717529297	2093.333251953125	44548.83203125	
940.719970703125	1943.333374023438	183.3333282470703	2410.333251953125	43352.58203125	
941.9660034179688	2018.333374023438	133.3333282470703	2176.666748046875	44089.41796875	
943.2119750976563	1734.583374023438	150.	2468.833251953125	43703.58203125	
944.4580078125	1901.416625976563	175.	2126.583251953125	43018.33203125	
945.7039794921875	2093.25	116.6666641235352	2176.833251953125	44531.66796875	
946.9500122070313	1901.416625976563	175.	1893.083374023438	43478.41796875	
948.1959838867188	1801.25	175.	2285.333251953125	43595.66796875	
949.4420166015625	1726.25	100.	2059.916748046875	42909.5	
950.68798828125	1843.	150.	2084.916748046875	43411.	
951.9340209960938	1726.25	116.6666641235352	1976.666625976563	41865.66796875	
953.1799926757813	1893.083374023438	183.3333282470703	2143.5	43386.41796875	
954.426025390625	1876.5	191.6666717529297	2243.666748046875	43026.16796875	
955.6719970703125	1768.083374023438	108.3333358764648	2168.333251953125	44248.33203125	
956.9180297851563	1818.	208.3333282470703	2493.916748046875	42316.58203125	
958.1640014648438	1793.	175.	2210.166748046875	42274.	
959.4099731445313	2135.	125.	2085.	41311.75	
960.656005859375	1876.333374023438	141.6666717529297	2093.333251953125	42090.41796875	
961.9019775390625	1768.	116.6666641235352	2360.333251953125	41195.75	
963.1480102539063	2034.916625976563	191.6666717529297	2343.5	42057.08203125	
964.3939819335938	1934.833374023438	241.6666717529297	2093.5	40986.91796875	
965.6400146484375	1959.916625976563	116.6666641235352	2285.333251953125	41655.41796875	
966.885986328125	2035.083374023438	158.3333282470703	2393.75	42424.91796875	
968.1320190429688	1884.833374023438	141.6666717529297	2435.416748046875	41788.33203125	
969.3779907226563	1693.083374023438	158.3333282470703	2160.083251953125	40326.	
970.6240234375	1951.75	241.6666717529297	2076.75	41312.75	
971.8699951171875	1909.833374023438	133.3333282470703	2235.166748046875	42090.41796875	
973.1160278320313	1851.333374023438	158.3333282470703	2193.5	41488.25	
974.3619995117188	2059.916748046875	191.6666717529297	2201.833251953125	41672.33203125	
975.6079711914063	1767.833374023438	158.3333282470703	2368.666748046875	39038.41796875	
976.85400390625	1868.083374023438	133.3333282470703	2276.916748046875	40693.75	
978.0999755859375	1968.166625976563	200.	2093.416748046875	41571.58203125	
979.3460083007813	1809.666625976563	150.	2243.416748046875	41019.66796875	
980.5919799804688	1776.416625976563	200.	2193.416748046875	42140.75	
981.8380126953125	1843.25	158.3333282470703	2160.	41847.25	
983.083984375	1818.083374023438	141.6666717529297	2368.75	42282.5	
984.3300170898438	1734.416625976563	116.6666641235352	2185.25	41363.	
985.5759887695313	1818.166625976563	175.	2318.583251953125	40927.83203125	
986.822021484375	1801.416625976563	208.3333282470703	2210.166748046875	40618.25	
988.0670166015625	1851.5	233.3333282470703	2201.833251953125	41580.75	
989.31298828125	1909.75	208.3333282470703	2176.916748046875	41998.83203125	
990.5590209960938	1634.583374023438	166.6666717529297	2335.416748046875	40820.	
991.8049926757813	1709.666625976563	175.	2160.083251953125	42106.08203125	
993.051025390625	1793.166625976563	125.	2059.916748046875	40769.66796875	
994.2969970703125	1943.083374023438	158.3333282470703	2285.25	41045.66796875	
995.5430297851563	1734.666625976563	83.33333587646484	2460.5	39975.16796875	
996.7890014648438	1909.833374023438	141.6666717529297	2318.666748046875	41606.16796875	
