Trace for Mass:	Na23(LR)	Mg25(LR)	Cu63(LR)	Pb208(LR)
Resolution:	Low	Low	Low	Low
				
Time	Intensity	Intensity	Intensity	Intensity
[sec]	[cps]	[cps]	[cps]	[cps]

1.25	45722.25	1125.75	1167.416625976563	241.6666717529297	
2.497999906539917	46174.	1000.25	1359.166625976563	150.	
3.746000051498413	47829.5	1426.	1192.416625976563	183.3333282470703	
4.99399995803833	45848.	1125.75	1242.5	200.	
6.242000102996826	47277.5	1100.5	1309.166625976563	150.	
7.489999771118164	57565.	1626.25	1476.166625976563	141.6666717529297	
8.73799991607666	72010.5	2802.5	1559.333374023438	200.	
9.986000061035156	61631.	3678.75	1601.166625976563	308.3333435058594	
11.23400020599365	66332.25	3178.	2752.583251953125	233.4166717529297	
12.48200035095215	109150.	2577.25	2335.25	233.3333282470703	
13.73099994659424	93452.5	5581.5	3061.833251953125	216.6666717529297	
14.97900009155273	80094.75	2452.	2368.833251953125	141.6666717529297	
16.22699928283691	68184.75	1876.25	1751.416625976563	216.6666717529297	
17.47500038146973	59045.75	5255.5	2218.416748046875	175.	
18.72299957275391	67933.5	4129.25	1701.166625976563	208.3333282470703	
19.97100067138672	82428.	7561.	2543.916748046875	333.3333435058594	
21.2189998626709	103740.5	4704.75	1826.416625976563	266.6666564941406	
22.46699905395508	69218.25	5280.75	2227.	233.3333282470703	
23.71500015258789	76004.	3929.	1876.416625976563	750.5833129882813	
24.96299934387207	71749.5	11717.	1943.25	200.	
26.21100044250488	97535.5	1476.	1676.333374023438	525.3333129882813	
27.45999908447266	79882.25	2702.5	2110.	150.	
28.70800018310547	61793.84375	2827.75	2435.416748046875	175.	
29.95599937438965	78404.	1025.75	2143.333251953125	150.	
31.20400047302246	68965.	4705.25	1626.166625976563	283.3333435058594	
32.45199966430664	59901.	5005.75	1801.416625976563	233.3333282470703	
33.70000076293945	67835.	2227.	2085.333251953125	166.6666717529297	
34.94800186157227	62110.5	2076.5	1684.75	125.	
36.19599914550781	123041.75	1951.5	1626.083374023438	216.6666717529297	
37.44400024414063	54754.5	3077.75	3003.	225.0833282470703	
38.69200134277344	115280.25	1401.	1751.416625976563	158.3333282470703	
39.93999862670898	99525.5	4004.25	3061.166748046875	216.6666717529297	
41.1879997253418	88259.5	2126.75	1651.333374023438	216.6666717529297	
42.4370002746582	77576.25	2377.	1742.916625976563	158.3333282470703	
43.68500137329102	56661.75	4529.75	2619.083251953125	166.6666717529297	
44.93299865722656	56612.25	1326.	1659.416625976563	225.	
46.18099975585938	68341.75	2627.5	2452.333251953125	191.6666717529297	
47.42900085449219	52922.5	1125.5	1542.916625976563	166.6666717529297	
48.67699813842773	48808.	5432.25	1684.666625976563	225.	
49.92499923706055	76906.75	2002.	1684.666625976563	100.	
51.17300033569336	118092.875	2727.5	1609.416625976563	200.	
52.42100143432617	51944.25	1075.5	1442.666625976563	200.	
53.66899871826172	60155.5	1200.75	2260.25	133.3333282470703	
54.91699981689453	49485.25	1350.75	1818.25	175.	
56.16600036621094	51342.5	1301.	1709.5	183.3333282470703	
57.41400146484375	67470.25	1576.5	1275.75	225.	
58.6619987487793	53625.5	1025.75	1384.166625976563	241.6666717529297	
59.90999984741211	52396.25	1476.	1275.75	183.3333282470703	
61.15800094604492	60253.25	1175.75	1426.	216.6666717529297	
62.40599822998047	51217.	1325.75	1217.416625976563	175.	
63.65399932861328	47603.75	1075.5	1734.666625976563	183.3333282470703	
64.90200042724609	78000.	1276.	1492.833374023438	175.	
66.15000152587891	52195.	1000.75	1217.333374023438	175.	
67.39800262451172	90711.25	825.5	1367.583374023438	241.6666717529297	
68.64600372314453	68869.25	1100.75	1526.083374023438	141.6666717529297	
69.89499664306641	49485.25	1350.75	1359.25	183.3333282470703	
71.14299774169922	50238.5	1376.	1442.666625976563	200.	
72.39099884033203	52470.75	575.25	1426.083374023438	150.	
73.63899993896484	111000.5	2027.	1117.25	158.3333282470703	
74.88700103759766	50037.25	1776.25	1242.416625976563	275.	
76.13500213623047	62539.75	1050.75	1267.416625976563	208.3333282470703	
77.38300323486328	59883.25	1951.5	1317.583374023438	225.	
78.63099670410156	59075.	1151.	1400.833374023438	166.6666717529297	
79.87899780273438	47026.75	2277.	1417.583374023438	225.	
81.12699890136719	56862.75	1125.75	1192.416625976563	22249.666015625	
82.375	50463.75	1450.75	1300.75	158.3333282470703	
83.62400054931641	56638.25	1075.5	1409.25	175.	
84.87200164794922	47177.25	1325.75	1459.333374023438	108.3333358764648	
86.12000274658203	53978.	1551.	1259.166625976563	191.6666717529297	
87.36799621582031	51594.	1225.75	1184.25	233.3333282470703	
88.61599731445313	48180.5	1401.	1334.166625976563	183.3333282470703	
89.86399841308594	47905.25	1551.25	1350.916625976563	266.75	
91.11199951171875	56989.25	1000.75	1409.333374023438	183.3333282470703	
92.36000061035156	51241.25	1251.	1234.083374023438	233.3333282470703	
93.60800170898438	52823.75	925.25	1367.583374023438	241.6666717529297	
94.85600280761719	46274.75	1501.	1292.583374023438	141.6666717529297	
96.10399627685547	49410.25	1250.75	1134.083374023438	125.	
97.35299682617188	77559.75	1351.	1417.75	200.	
98.60099792480469	53123.75	1175.75	1526.166625976563	175.	
99.8489990234375	136573.25	1250.75	1325.833374023438	133.3333282470703	
101.0970001220703	59048.	1401.	1467.666625976563	125.	
102.3450012207031	72793.	1325.75	1401.	216.6666717529297	
103.5930023193359	55131.25	1425.75	1726.25	133.3333282470703	
104.8410034179688	54554.25	1776.25	1376.	358.4166564941406	
106.088996887207	88364.25	2677.5	1192.416625976563	250.	
107.3369979858398	63471.75	1075.5	1634.416625976563	258.3333435058594	
108.5849990844727	49736.75	1350.75	1884.833374023438	183.3333282470703	
109.8330001831055	76721.	2302.25	1517.666625976563	425.1666564941406	
111.0820007324219	56213.75	1351.	1784.833374023438	283.4166564941406	
112.3300018310547	68140.	1451.	1701.333374023438	158.3333282470703	
113.5780029296875	201818.359375	1225.75	1692.833374023438	300.	
114.8259963989258	75746.25	1426.	1701.166625976563	225.	
116.0739974975586	52721.75	1651.25	2010.25	250.	
117.3219985961914	71753.	1275.75	1409.166625976563	250.	
118.5699996948242	92482.25	1175.75	4498.25	300.	
119.818000793457	59623.	4029.5	1301.	241.6666717529297	
121.0660018920898	64041.5	1350.75	2193.666748046875	208.3333282470703	
122.3140029907227	83674.75	3378.5	1526.083374023438	225.	
123.5619964599609	90260.	2201.75	1359.25	150.	
124.8099975585938	63973.	1075.75	1609.583374023438	250.	
126.0589981079102	60711.	1126.	1175.833374023438	233.3333282470703	
127.306999206543	96857.5	2402.	1225.916625976563	208.3333282470703	
128.5549926757813	61282.25	1526.	1426.083374023438	250.	
129.8029937744141	55256.	875.5	1726.25	250.	
131.0509948730469	99125.	1401.	1200.75	258.3333435058594	
132.2989959716797	62386.75	1200.5	1425.916625976563	842.25	
133.5469970703125	60978.5	2477.25	1275.833374023438	216.6666717529297	
134.7949981689453	70095.75	925.5	1434.166625976563	216.6666717529297	
136.0429992675781	55909.5	1851.5	1551.083374023438	266.75	
137.2910003662109	68138.5	1701.25	1376.	175.	
138.5390014648438	63239.75	3253.	2143.666748046875	166.6666717529297	
139.7879943847656	85124.5	1250.75	1893.25	208.3333282470703	
141.0359954833984	69391.75	1501.	1734.583374023438	350.	
142.2839965820313	84577.5	1501.	1951.666625976563	250.	
143.5319976806641	58769.5	1450.75	2218.416748046875	441.8333435058594	
144.7799987792969	69389.5	4956.25	1743.	266.6666564941406	
146.0279998779297	120028.5	1400.75	1526.166625976563	325.	
147.2760009765625	55532.	1551.	2126.833251953125	700.5833129882813	
148.5240020751953	71361.	1475.75	1643.	291.6666564941406	
149.7720031738281	69542.5	975.5	2443.833251953125	308.3333435058594	
151.0200042724609	58719.75	1651.25	1968.166625976563	275.	
152.2680053710938	172484.109375	1476.	1634.5	258.3333435058594	
153.5169982910156	101176.75	1576.	4389.	241.6666717529297	
154.7649993896484	107880.	1526.	2819.416748046875	250.	
156.0130004882813	66453.25	1901.5	2318.666748046875	266.6666564941406	
157.2610015869141	83940.	5281.25	4154.16650390625	300.	
158.5090026855469	74712.5	1326.	16667.666015625	175.	
159.7570037841797	84405.25	1075.75	6476.	300.	
161.0050048828125	64445.75	1225.75	5072.25	416.75	
162.2530059814453	65648.75	1275.75	19269.166015625	592.	
163.5010070800781	63995.75	1501.25	4187.66650390625	233.3333282470703	
164.7489929199219	75653.	1401.	9254.6669921875	191.6666717529297	
165.9969940185547	61279.5	1000.5	11809.6669921875	241.6666717529297	
167.2460021972656	66226.25	1050.5	3728.666748046875	350.0833435058594	
168.4940032958984	75645.75	2102.	3503.75	158.3333282470703	
169.7420043945313	79673.5	1250.5	2685.833251953125	216.6666717529297	
170.9900054931641	73895.	1225.75	2652.416748046875	183.3333282470703	
172.2380065917969	77612.5	1751.25	1734.666625976563	275.	
173.4859924316406	88146.25	2402.	1884.833374023438	250.	
174.7339935302734	70270.75	2201.75	2427.25	291.6666564941406	
175.9819946289063	56234.75	1476.	1984.916625976563	233.3333282470703	
177.2299957275391	124794.5	1175.75	1517.75	233.3333282470703	
178.4779968261719	64744.25	9014.75	2276.916748046875	216.6666717529297	
179.7259979248047	71950.5	1726.25	1693.166625976563	250.	
180.9750061035156	108149.5	1401.	1659.5	516.9166870117188	
182.2230072021484	83487.	3428.25	1659.666625976563	225.	
183.4709930419922	60376.25	1651.25	1292.5	175.	
184.718994140625	72977.75	2201.75	1876.333374023438	250.	
185.9669952392578	74733.75	2452.25	1375.916625976563	183.3333282470703	
187.2149963378906	56385.	1826.75	1601.25	233.3333282470703	
188.4629974365234	107905.75	1400.75	1759.666625976563	241.6666717529297	
189.7109985351563	73296.75	4204.5	1209.166625976563	216.6666717529297	
190.9589996337891	69792.75	3203.	1275.75	150.	
192.2070007324219	70244.5	1876.5	1768.	316.75	
193.4550018310547	56234.5	31898.75	1250.75	216.6666717529297	
194.7039947509766	161340.34375	9013.75	1409.333374023438	83.33333587646484	
195.9519958496094	119933.515625	1951.5	1626.166625976563	233.3333282470703	
197.1999969482422	76978.5	3929.	2644.333251953125	208.3333282470703	
198.447998046875	63514.25	8161.5	2785.916748046875	225.	
199.6959991455078	122871.	2376.75	2644.	200.	
200.9440002441406	59347.	4630.25	3010.916748046875	416.8333435058594	
202.1920013427734	69591.5	3403.25	6933.25	767.1666870117188	
203.4400024414063	118098.	16179.75	10180.4169921875	333.3333435058594	
204.6880035400391	69441.	4229.25	9771.5	542.	
205.9360046386719	100307.	9837.25	16334.0830078125	525.1666870117188	
207.1840057373047	125636.5	5506.25	25644.833984375	416.8333435058594	
208.4320068359375	86133.	9137.	14442.0830078125	358.3333435058594	
209.6809997558594	89854.25	5681.25	6090.75	233.3333282470703	
210.9290008544922	72176.	2552.5	6725.08349609375	667.1666870117188	
212.177001953125	66050.5	2527.25	3570.	250.	
213.4250030517578	72052.75	1576.	4296.	225.	
214.6730041503906	65498.	4154.	4797.5	175.	
215.9210052490234	80426.25	2327.	2877.833251953125	266.6666564941406	
217.1690063476563	73659.5	4254.5	3236.333251953125	291.6666564941406	
218.4170074462891	83509.5	27448.5	2135.083251953125	183.3333282470703	
219.6649932861328	149202.	1651.25	3086.333251953125	216.6666717529297	
220.9129943847656	90818.5	2201.75	2018.333374023438	175.	
222.1609954833984	251841.046875	1876.5	2952.583251953125	191.6666717529297	
223.4100036621094	79542.	2251.5	2301.916748046875	433.4166564941406	
224.6580047607422	81448.	4079.75	3353.416748046875	608.5833129882813	
225.906005859375	162282.15625	6008.	2035.	400.	
227.1540069580078	72680.25	1551.	3587.166748046875	300.	
228.4019927978516	86752.5	1526.25	2135.083251953125	625.4166870117188	
229.6499938964844	121058.25	11747.5	1968.166625976563	842.4166870117188	
230.8979949951172	72931.	1801.25	2051.75	733.75	
232.14599609375	69917.25	2627.5	2819.166748046875	525.1666870117188	
233.3939971923828	70596.	2051.5	1834.666625976563	700.4166870117188	
234.6419982910156	70519.5	1801.25	2251.916748046875	441.75	
235.8899993896484	71498.5	2051.5	4848.41650390625	391.8333435058594	
237.1390075683594	68990.	12749.75	5725.66650390625	391.6666564941406	
238.3869934082031	106084.75	3553.25	7093.33349609375	441.75	
239.6349945068359	81622.5	1376.	2343.666748046875	308.3333435058594	
240.8829956054688	74214.75	2502.5	2093.333251953125	350.0833435058594	
242.1309967041016	72681.5	2827.75	2101.75	458.4166564941406	
243.3789978027344	89229.	2126.5	1935.	2361.666748046875	
244.6269989013672	70017.	1326.	1801.416625976563	225.	
245.875	233428.21875	1501.	2001.666625976563	283.3333435058594	
247.1230010986328	73859.5	1275.75	3203.416748046875	283.3333435058594	
248.3710021972656	78715.	1276.	1659.5	216.6666717529297	
249.6190032958984	82910.	1100.5	1667.916625976563	216.6666717529297	
250.8679962158203	85695.5	1501.	2393.75	475.0833435058594	
252.1159973144531	75718.5	1476.	2560.583251953125	1000.666687011719	
253.3639984130859	108730.	1351.	3128.166748046875	433.4166564941406	
254.6119995117188	78783.	1626.25	2210.	458.4166564941406	
255.8600006103516	174083.28125	1626.	2076.833251953125	466.75	
257.1080017089844	83758.	1701.25	2318.583251953125	433.4166564941406	
258.3559875488281	90593.25	4229.25	1934.75	1401.25	
259.60400390625	75190.5	339616.875	3219.833251953125	1684.833374023438	
260.8519897460938	98819.5	24040.25	4847.75	2218.75	
262.1000061035156	273929.6875	154481.40625	4413.	3863.5	
263.3479919433594	122271.5	250103.703125	8227.5830078125	2519.	
264.5969848632813	538554.125	176054.	6482.75	1935.	
265.8450012207031	116648.359375	83295.75	12258.4169921875	2226.916748046875	
267.0929870605469	105436.	63344.	8186.5	1784.75	
268.3410034179688	149599.	568083.1875	5148.16650390625	7738.5	
269.5889892578125	101702.5	24915.25	3745.583251953125	1425.916625976563	
270.8370056152344	125947.	23967.	3462.	2219.083251953125	
272.0849914550781	128435.	179966.3125	2877.833251953125	1468.083374023438	
273.3330078125	218280.765625	52862.	2652.416748046875	667.	
274.5809936523438	100944.5	18612.	2443.666748046875	633.5833129882813	
275.8290100097656	120251.9375	7709.	2769.25	608.5833129882813	
277.0769958496094	258357.421875	7107.75	2552.166748046875	483.3333435058594	
278.3250122070313	102216.	21861.75	5757.25	625.1666870117188	
279.5740051269531	138452.5	32446.5	5231.	375.	
280.8219909667969	86272.5	6758.25	3553.333251953125	1134.083374023438	
282.0700073242188	113801.	26142.75	8110.33349609375	767.0833129882813	
283.3179931640625	91438.	9537.25	9087.4169921875	1367.583374023438	
284.5660095214844	104403.	12369.5	6065.	3295.5	
285.8139953613281	85518.	4980.25	6666.08349609375	10308.8330078125	
287.06201171875	108991.	11440.	5964.75	3721.25	
288.3099975585938	115419.75	25306.25	7225.33349609375	1083.833374023438	
289.5580139160156	113001.	11566.75	9797.0830078125	3595.666748046875	
290.8059997558594	98520.5	9111.	12157.5	2827.75	
292.0539855957031	121688.	4830.	13344.25	3604.	
293.3030090332031	100538.	4629.75	17652.416015625	9666.3330078125	
294.5509948730469	99653.	4004.	89304.3671875	4195.91650390625	
295.7990112304688	152956.	9161.25	21520.083984375	4955.33349609375	
297.0469970703125	153182.5	27830.	35504.16796875	11399.4169921875	
298.2950134277344	554065.5625	64037.	42764.41796875	12464.5830078125	
299.5429992675781	202334.5	80423.25	27295.583984375	14029.5830078125	
300.7909851074219	146108.	85086.5	24535.416015625	27854.75	
302.0390014648438	333610.125	23111.75	67052.1875	4588.16650390625	
303.2869873046875	150304.	33610.	12463.5	2877.666748046875	
304.5350036621094	132045.875	22218.5	11372.9169921875	6934.91650390625	
305.7829895019531	662920.625	12993.25	10417.25	1993.25	
307.0320129394531	170014.5	8710.25	7986.16650390625	2419.25	
308.2799987792969	91502.5	9186.25	9189.0830078125	1000.583312988281	
309.5280151367188	116496.	5631.5	5322.58349609375	917.0833129882813	
310.7760009765625	197616.96875	4755.25	35810.69921875	1059.083374023438	
312.0239868164063	281461.125	3929.25	3353.5	233.3333282470703	
313.2720031738281	118589.	2427.25	2560.583251953125	383.4166564941406	
314.5199890136719	83909.	2076.75	3503.5	283.4166564941406	
315.7680053710938	70394.75	1951.5	2352.083251953125	291.6666564941406	
317.0159912109375	95148.	1651.	3069.583251953125	341.6666564941406	
318.2640075683594	73384.5	2226.5	2602.333251953125	316.75	
319.5119934082031	70170.25	1351.	2777.666748046875	258.3333435058594	
320.760986328125	64142.	1976.75	3561.916748046875	275.	
322.0090026855469	76781.	9087.25	2493.916748046875	850.5	
323.2569885253906	87415.515625	54612.	3136.25	1517.666625976563	
324.5050048828125	141561.5	35170.25	4813.66650390625	4823.25	
325.7529907226563	122353.	47109.25	3186.416748046875	2711.	
327.0010070800781	294013.	73451.25	11429.75	2485.666748046875	
328.2489929199219	123279.	119135.984375	2936.	12465.8330078125	
329.4970092773438	166705.	57441.75	4697.5	1943.416625976563	
330.7449951171875	123253.5	30060.75	3820.75	1893.25	
331.9930114746094	123933.5	18427.	4973.	550.25	
333.2409973144531	91688.	31516.	2235.25	742.	
334.489990234375	76146.75	15296.75	2460.416748046875	425.0833435058594	
335.7380065917969	77302.5	7383.25	1976.666625976563	533.4166870117188	
336.9859924316406	64920.75	10767.	1751.333374023438	1342.75	
338.2340087890625	114022.71875	4955.25	1985.	383.4166564941406	
339.4819946289063	59473.5	2352.	1534.5	533.6666870117188	
340.7300109863281	71912.75	3729.	1517.583374023438	266.6666564941406	
341.9779968261719	67861.5	1751.5	1776.25	383.4166564941406	
343.2260131835938	107884.75	1351.	1234.166625976563	216.6666717529297	
344.4739990234375	57993.25	1601.5	1517.666625976563	225.	
345.7219848632813	71455.25	1526.25	1217.416625976563	200.	
346.9700012207031	59047.	1201.	1375.833374023438	191.6666717529297	
348.218994140625	59698.5	950.25	1284.083374023438	183.3333282470703	
349.4670104980469	59422.5	1325.75	1242.416625976563	325.	
350.7149963378906	125858.25	975.75	1384.25	225.	
351.9630126953125	90625.75	1225.75	1351.	133.3333282470703	
353.2109985351563	74870.	900.5	1300.75	158.3333282470703	
354.4590148925781	67789.25	875.25	1617.666625976563	166.6666717529297	
355.7070007324219	82458.	1075.5	1284.166625976563	141.6666717529297	
356.9549865722656	75180.25	1150.75	1359.166625976563	250.	
358.2030029296875	64695.5	800.25	1500.916625976563	200.	
359.4509887695313	57790.5	1351.	1709.666625976563	250.	
360.6990051269531	90448.	700.25	1609.5	275.	
361.9469909667969	68364.25	875.25	1559.5	291.75	
363.1960144042969	76554.5	950.5	2485.666748046875	183.3333282470703	
364.4440002441406	370622.0625	1100.75	4790.16650390625	291.6666564941406	
365.6919860839844	68109.75	1376.	1584.333374023438	100.	
366.9400024414063	68440.5	1175.75	1859.75	350.0833435058594	
368.18798828125	91776.453125	2076.75	1718.	316.6666564941406	
369.4360046386719	75894.	1676.	6871.75	341.6666564941406	
370.6839904785156	101812.25	6283.	2710.75	1000.583312988281	
371.9320068359375	88717.	2302.	6124.66650390625	3045.25	
373.1799926757813	266981.375	2327.	8255.5830078125	883.9166870117188	
374.4280090332031	112039.	2552.25	3620.166748046875	1008.916687011719	
375.6759948730469	82519.5	3403.25	2952.75	550.0833129882813	
376.9249877929688	82830.5	2952.75	2936.25	416.6666564941406	
378.1730041503906	85058.5	1451.	3754.166748046875	642.	
379.4209899902344	84440.25	1175.5	2018.333374023438	350.0833435058594	
380.6690063476563	88588.	1601.	2009.916625976563	216.6666717529297	
381.9169921875	133716.	1901.25	1467.666625976563	216.6666717529297	
383.1650085449219	57289.	1326.	1776.333374023438	300.	
384.4129943847656	73910.25	1501.25	1326.083374023438	316.6666564941406	
385.6610107421875	56185.	1376.	1784.666625976563	216.6666717529297	
386.9089965820313	72606.5	1050.75	1609.416625976563	258.3333435058594	
388.1570129394531	63892.75	1075.75	1559.416625976563	216.6666717529297	
389.4049987792969	58167.75	1200.75	1476.25	191.6666717529297	
390.6539916992188	59173.	1175.5	1476.	116.6666641235352	
391.9020080566406	92474.5	1000.5	1242.416625976563	258.3333435058594	
393.1499938964844	55707.75	850.5	1108.916625976563	241.6666717529297	
394.3980102539063	55080.75	775.25	1384.083374023438	166.6666717529297	
395.64599609375	54879.5	975.5	1551.166625976563	208.3333282470703	
396.8940124511719	89149.25	850.25	1843.	158.3333282470703	
398.1419982910156	77749.25	1125.75	1451.	275.	
399.3900146484375	58418.75	750.25	1417.583374023438	150.	
400.6380004882813	86084.5	975.5	1309.25	183.3333282470703	
401.885986328125	62889.75	1175.75	1292.5	216.6666717529297	
403.1340026855469	66032.75	1025.75	1459.416625976563	233.3333282470703	
404.3829956054688	53750.5	800.	1267.583374023438	158.3333282470703	
405.6310119628906	58344.25	1050.75	1409.333374023438	241.6666717529297	
406.8789978027344	54227.75	800.25	2218.583251953125	225.	
408.1270141601563	95944.25	1150.75	1668.	200.	
409.375	56390.	1251.	1592.833374023438	100.	
410.6229858398438	48983.5	850.5	1434.333374023438	241.6666717529297	
411.8710021972656	48883.25	1000.75	1634.5	300.0833435058594	
413.1189880371094	80994.	1250.75	2026.666625976563	133.3333282470703	
414.3670043945313	55258.75	1301.	2010.083374023438	250.	
415.614990234375	93460.5	800.5	1467.666625976563	216.6666717529297	
416.8630065917969	69300.5	775.25	1601.333374023438	258.3333435058594	
418.1119995117188	48757.75	925.25	1351.	133.3333282470703	
419.3599853515625	52496.75	925.5	1809.666625976563	133.3333282470703	
420.6080017089844	54554.75	950.5	1634.5	275.	
421.8559875488281	72948.25	1226.	5408.16650390625	233.3333282470703	
423.10400390625	51593.	1125.5	1526.083374023438	250.	
424.3519897460938	68490.	1075.5	2252.083251953125	258.3333435058594	
425.6000061035156	78155.75	950.5	1659.583374023438	216.6666717529297	
426.8479919433594	118255.25	875.25	1476.083374023438	158.3333282470703	
428.0960083007813	55985.	1075.25	2410.5	166.6666717529297	
429.343994140625	110041.25	900.5	2552.5	300.	
430.5920104980469	116498.25	1275.75	1400.916625976563	191.6666717529297	
431.8399963378906	61209.	975.5	2318.75	250.	
433.0889892578125	63494.	1000.5	1384.333374023438	1677.083374023438	
434.3370056152344	62060.5	1100.5	1684.5	275.	
435.5849914550781	113561.75	1050.75	1534.416625976563	183.3333282470703	
436.8330078125	79892.5	725.25	2193.583251953125	233.3333282470703	
438.0809936523438	67784.25	1351.	3378.666748046875	191.6666717529297	
439.3290100097656	99949.75	1125.5	1743.	291.6666564941406	
440.5769958496094	86629.75	1450.75	2577.416748046875	200.	
441.8250122070313	50765.	2302.	1709.666625976563	200.	
443.072998046875	63049.	1200.75	1492.666625976563	166.6666717529297	
444.3210144042969	51167.	1176.	1292.333374023438	266.6666564941406	
445.5690002441406	56487.75	1075.5	1918.25	166.6666717529297	
446.8179931640625	55432.	1351.	1593.	233.3333282470703	
448.0660095214844	55457.75	1326.	1909.833374023438	175.	
449.3139953613281	84162.	1200.75	1192.5	200.	
450.56201171875	58823.25	1075.75	2218.666748046875	308.3333435058594	
451.8099975585938	62890.	750.25	1401.	125.	
453.0580139160156	56989.25	700.25	1250.833374023438	275.	
454.3059997558594	62837.5	1000.75	1309.166625976563	125.	
455.5539855957031	79861.25	1150.75	1359.25	258.3333435058594	
456.802001953125	56436.	1100.5	1342.5	241.6666717529297	
458.0499877929688	52270.	1000.75	1317.583374023438	125.	
459.2980041503906	55306.75	975.5	1451.083374023438	150.	
460.5469970703125	52420.25	950.5	1142.416625976563	141.6666717529297	
461.7950134277344	46550.25	975.25	1392.583374023438	100.	
463.0429992675781	56059.5	1401.	1392.583374023438	75.	
464.2909851074219	52019.75	1150.75	1367.75	216.6666717529297	
465.5390014648438	54278.75	975.5	1242.416625976563	150.	
466.7869873046875	55785.5	850.25	1275.833374023438	175.	
468.0350036621094	52496.	825.25	1450.833374023438	125.	
469.2829895019531	51743.75	1050.5	1309.166625976563	216.6666717529297	
470.531005859375	52245.75	1075.5	1300.75	108.3333358764648	
471.7789916992188	48933.25	1000.5	1392.583374023438	241.6666717529297	
473.0270080566406	179348.296875	1075.75	1334.166625976563	158.3333282470703	
474.2760009765625	83161.25	1100.75	1234.166625976563	116.6666641235352	
475.5239868164063	50865.	1250.75	1434.333374023438	191.6666717529297	
476.7720031738281	68711.	900.25	1467.75	283.3333435058594	
478.0199890136719	52697.5	1200.75	1450.916625976563	208.3333282470703	
479.2680053710938	65508.5	1050.5	1492.75	141.6666717529297	
480.5159912109375	50036.75	1376.	1392.666625976563	91.66666412353516	
481.7640075683594	51718.25	700.25	1275.833374023438	200.	
483.0119934082031	53148.25	775.25	1350.75	191.6666717529297	
484.260009765625	71322.5	925.5	1292.5	216.6666717529297	
485.5079956054688	53073.75	1851.5	1242.583374023438	208.3333282470703	
486.7560119628906	101278.5	1125.75	1392.666625976563	275.0833435058594	
488.0050048828125	58672.5	1075.75	1234.083374023438	191.6666717529297	
489.2529907226563	59778.5	875.5	1125.666625976563	150.	
490.5010070800781	58996.25	1351.	1284.25	166.6666717529297	
491.7489929199219	54956.75	1126.	1350.916625976563	166.6666717529297	
492.9970092773438	54855.25	825.25	1309.25	333.3333435058594	
494.2449951171875	58599.75	1250.75	1225.833374023438	258.3333435058594	
495.4930114746094	56890.25	1025.75	1434.333374023438	100.	
496.7409973144531	65751.5	975.5	1309.166625976563	175.	
497.989013671875	54001.75	1000.5	1059.	233.3333282470703	
499.2369995117188	50789.5	750.25	1300.75	83.33333587646484	
500.4849853515625	64248.75	1401.25	1167.416625976563	200.	
501.7330017089844	49962.	975.5	1159.	216.6666717529297	
502.9819946289063	65364.75	925.25	1275.833374023438	175.	
504.2300109863281	56664.5	1025.5	1475.916625976563	250.	
505.4779968261719	79166.	1426.	1150.75	158.3333282470703	
506.7260131835938	104546.5	900.5	1250.916625976563	191.6666717529297	
507.9739990234375	71733.75	925.5	1209.083374023438	175.	
509.2219848632813	51617.75	600.	1267.333374023438	133.3333282470703	
510.4700012207031	52948.5	900.25	1350.75	150.	
511.7179870605469	62619.25	1175.75	1167.5	208.3333282470703	
512.9660034179688	54678.75	1050.5	1317.5	250.	
514.2139892578125	47478.25	850.25	1234.25	175.	
515.4619750976563	48707.5	1275.75	1192.416625976563	183.3333282470703	
516.7109985351563	55382.75	1075.75	1392.666625976563	208.3333282470703	
517.958984375	52898.25	1401.	1159.083374023438	225.	
519.2069702148438	59578.25	925.5	1159.	216.6666717529297	
520.4550170898438	49911.75	875.5	1400.916625976563	125.	
521.7030029296875	57918.25	1325.75	1317.583374023438	125.	
522.9509887695313	90650.	925.5	1234.25	133.3333282470703	
524.198974609375	55282.	1050.75	1284.166625976563	208.3333282470703	
525.447021484375	53048.75	1050.25	1317.416625976563	191.6666717529297	
526.6950073242188	50915.25	1126.	1359.25	158.3333282470703	
527.9429931640625	62698.75	1050.5	1309.25	166.6666717529297	
529.1909790039063	101185.5	1075.5	1384.25	241.6666717529297	
530.4400024414063	49310.	2227.	1384.416625976563	208.3333282470703	
531.68798828125	49711.	875.5	1259.25	166.6666717529297	
532.9359741210938	46851.75	875.25	1267.416625976563	216.6666717529297	
534.1840209960938	81035.75	2402.25	1309.166625976563	183.3333282470703	
535.4320068359375	60379.75	875.5	1234.166625976563	375.	
536.6799926757813	62361.75	1451.25	1267.416625976563	250.	
537.927978515625	104579.0234375	1401.	1192.333374023438	266.6666564941406	
539.176025390625	117096.109375	1076.	1526.083374023438	250.	
540.4240112304688	62260.25	1075.75	1784.833374023438	475.1666564941406	
541.6719970703125	115303.	2953.	1467.833374023438	275.	
542.9199829101563	105352.	1851.25	2160.25	316.75	
544.1690063476563	79897.5	3879.25	1884.583374023438	366.6666564941406	
545.4169921875	82341.	2652.25	2176.916748046875	375.0833435058594	
546.6649780273438	85291.5	2852.5	1918.166625976563	275.0833435058594	
547.9130249023438	183836.890625	5657.25	2293.75	266.75	
549.1610107421875	62209.5	900.25	1534.5	191.6666717529297	
550.4089965820313	61080.	975.75	1384.416625976563	200.	
551.656982421875	316986.40625	3103.25	1559.416625976563	150.	
552.905029296875	111503.75	1601.25	1492.666625976563	316.75	
554.1530151367188	60957.	1476.	1334.25	266.6666564941406	
555.4010009765625	58619.75	1000.5	1409.416625976563	141.6666717529297	
556.6489868164063	56863.75	1200.75	1434.166625976563	283.3333435058594	
557.8980102539063	72153.25	1075.25	1417.666625976563	241.6666717529297	
559.14599609375	63063.5	1075.75	1200.666625976563	291.6666564941406	
560.3939819335938	63062.5	1451.	1334.333374023438	300.	
561.6420288085938	138574.59375	675.25	1142.25	266.75	
562.8900146484375	49886.75	1251.	1284.166625976563	158.3333282470703	
564.1380004882813	54352.75	1576.	1375.833374023438	308.3333435058594	
565.385986328125	48532.	1051.	1367.583374023438	208.3333282470703	
566.6339721679688	78066.25	875.5	1225.666625976563	208.3333282470703	
567.8820190429688	54227.25	1025.5	1392.5	183.3333282470703	
569.1300048828125	113347.75	1126.	1309.166625976563	175.	
570.3779907226563	58323.25	1050.5	1309.166625976563	150.	
571.6270141601563	58720.25	1201.	1601.166625976563	208.3333282470703	
572.875	59172.5	1175.75	1759.916625976563	175.	
574.1229858398438	57141.75	825.5	1092.5	308.3333435058594	
575.3709716796875	61240.	1125.75	1050.666625976563	166.6666717529297	
576.6190185546875	173496.515625	1175.75	1159.166625976563	200.	
577.8670043945313	71960.75	1075.5	1042.333374023438	216.6666717529297	
579.114990234375	70073.5	1100.75	1184.	175.	
580.3629760742188	55156.75	1125.75	1292.583374023438	141.6666717529297	
581.6110229492188	58472.5	950.5	1142.333374023438	300.	
582.8590087890625	67042.75	925.5	1234.	200.	
584.1069946289063	104140.	800.5	1209.166625976563	166.6666717529297	
585.35498046875	51316.5	1276.	1326.083374023438	225.	
586.60400390625	131563.5	1150.75	1351.	166.6666717529297	
587.8519897460938	97730.75	800.25	1017.166687011719	158.3333282470703	
589.0999755859375	62216.75	925.5	1426.	158.3333282470703	
590.3480224609375	54855.	1276.	1492.75	125.	
591.5960083007813	60202.5	875.5	1175.75	175.	
592.843994140625	76143.	750.25	1459.416625976563	175.	
594.0919799804688	54102.25	925.5	1259.083374023438	241.6666717529297	
595.3400268554688	56864.5	1451.25	1242.416625976563	233.3333282470703	
596.5880126953125	51617.75	750.25	1284.083374023438	233.3333282470703	
597.8359985351563	67434.25	1275.75	1184.083374023438	216.6666717529297	
599.083984375	160524.96875	875.25	1384.166625976563	183.3333282470703	
600.3330078125	64849.75	900.5	1117.416625976563	191.6666717529297	
601.5809936523438	63545.25	725.	1075.833374023438	258.3333435058594	
602.8289794921875	54806.5	875.25	1167.25	150.	
604.0770263671875	53927.75	1476.	1150.75	133.3333282470703	
605.3250122070313	154762.265625	850.5	1208.916625976563	191.6666717529297	
606.572998046875	53349.75	1100.75	1342.75	200.	
607.8209838867188	86641.	1125.75	1292.416625976563	250.	
609.0689697265625	57390.25	900.5	1409.333374023438	258.3333435058594	
610.3170166015625	70879.	1000.5	1083.833374023438	125.	
611.5650024414063	54704.	950.25	1359.25	191.6666717529297	
612.81298828125	77325.5	1050.5	1501.	200.	
614.06201171875	69722.	1100.75	1259.25	717.25	
615.3099975585938	74641.5	925.5	1050.5	175.	
616.5579833984375	125938.5	850.25	1259.166625976563	191.75	
617.8060302734375	91840.25	2627.25	1217.5	233.3333282470703	
619.0540161132813	76660.25	650.25	1234.333374023438	225.	
620.302001953125	93611.	1200.75	1350.833374023438	283.4166564941406	
621.5499877929688	100004.8125	1350.75	1342.5	183.3333282470703	
622.7979736328125	154939.71875	950.5	1275.833374023438	225.	
624.0460205078125	75929.	1175.75	1375.916625976563	275.	
625.2940063476563	69094.15625	1200.75	1325.833374023438	75.	
626.5419921875	99311.	1175.75	1467.666625976563	225.	
627.791015625	128571.828125	1300.75	1325.833374023438	225.	
629.0390014648438	294332.125	1000.75	1375.916625976563	291.6666564941406	
630.2869873046875	72771.25	900.5	1209.083374023438	191.6666717529297	
631.5349731445313	92621.5	950.5	1434.166625976563	233.3333282470703	
632.7830200195313	58043.75	750.25	1275.833374023438	275.	
634.031005859375	173325.5	1451.	1651.25	191.6666717529297	
635.2789916992188	83932.5	1100.5	1517.833374023438	166.6666717529297	
636.5269775390625	112184.25	1150.75	1225.833374023438	225.	
637.7750244140625	149518.46875	1175.5	1384.166625976563	200.	
639.0230102539063	54127.25	1075.75	1275.833374023438	133.3333282470703	
640.27099609375	249843.859375	1225.75	1234.	166.6666717529297	
641.52001953125	70575.	1025.75	1284.083374023438	166.6666717529297	
642.7680053710938	61106.25	925.5	1434.25	150.	
644.0159912109375	78604.25	1551.	2168.666748046875	233.3333282470703	
645.2639770507813	56637.	1375.75	1484.416625976563	275.	
646.5120239257813	66880.25	1000.75	1334.166625976563	300.0833435058594	
647.760009765625	172735.71875	1075.75	2360.416748046875	525.25	
649.0079956054688	202984.28125	1350.75	1985.	383.4166564941406	
650.2559814453125	333289.3125	1726.25	2435.5	483.4166564941406	
651.5040283203125	206496.9375	1301.	1801.5	1601.75	
652.7520141601563	322670.65625	2677.5	2443.75	733.6666870117188	
654.	498851.59375	1400.75	4029.166748046875	516.8333129882813	
655.2479858398438	686912.25	1301.	3027.916748046875	550.25	
656.4970092773438	703435.4375	1626.25	2602.083251953125	550.1666870117188	
657.7449951171875	1517197.625	1375.75	1976.5	1768.5	
658.9929809570313	341886.34375	5782.75	3086.416748046875	350.	
660.2410278320313	385819.28125	1476.25	1901.5	300.	
661.489013671875	441819.	1901.75	51561.625	233.3333282470703	
662.7369995117188	395795.375	1226.	4297.25	425.1666564941406	
663.9849853515625	672664.8125	1250.75	1626.25	483.4166564941406	
665.2329711914063	374301.53125	1576.	2427.25	600.25	
666.4810180664063	319337.5625	1325.75	2076.75	383.3333435058594	
667.72900390625	399812.28125	1426.	1943.166625976563	208.3333282470703	
668.9769897460938	247053.5625	1426.25	1926.5	208.3333282470703	
670.2260131835938	260985.953125	1601.25	1726.333374023438	241.6666717529297	
671.4739990234375	136413.90625	700.	2018.333374023438	108.3333358764648	
672.7219848632813	106539.5	1651.25	1517.833374023438	433.5	
673.969970703125	351346.46875	875.5	1384.25	266.6666564941406	
675.218017578125	93589.75	1451.	1059.	225.	
676.4660034179688	116668.65625	1601.25	1442.583374023438	141.6666717529297	
677.7139892578125	76995.140625	875.25	1325.75	241.6666717529297	
678.9619750976563	128214.9765625	1100.75	1434.416625976563	291.6666564941406	
680.2100219726563	68943.5	1000.5	1401.	100.	
681.4580078125	122808.0859375	575.	1242.333374023438	216.6666717529297	
682.7059936523438	60025.5	1100.75	1375.833374023438	208.3333282470703	
683.9550170898438	57566.25	1375.75	1350.833374023438	233.3333282470703	
685.2030029296875	60050.	850.25	1267.583374023438	166.6666717529297	
686.4509887695313	62313.	1150.5	1292.666625976563	175.	
687.698974609375	80219.5	1125.75	1259.166625976563	141.6666717529297	
688.947021484375	66128.75	850.5	1467.666625976563	191.6666717529297	
690.1950073242188	80254.75	1176.	1250.833374023438	133.3333282470703	
691.4429931640625	71549.5	1075.5	1334.166625976563	300.	
692.6909790039063	60301.	1000.25	1117.25	200.	
693.9390258789063	224123.5	975.5	1376.	316.6666564941406	
695.18701171875	143224.671875	975.75	11803.5	316.6666564941406	
696.4349975585938	56989.25	900.5	1192.416625976563	191.6666717529297	
697.6840209960938	98561.75	700.	1275.666625976563	175.	
698.9320068359375	130375.	1250.75	1275.833374023438	183.3333282470703	
700.1799926757813	54679.	1076.	1325.916625976563	241.6666717529297	
701.427978515625	124254.75	925.25	1642.916625976563	216.6666717529297	
702.676025390625	372168.625	1100.75	2894.666748046875	208.3333282470703	
703.9240112304688	68640.75	1401.25	2769.333251953125	216.6666717529297	
705.1719970703125	69665.5	1275.75	1384.25	191.6666717529297	
706.4199829101563	62712.75	975.5	1442.75	675.4166870117188	
707.6680297851563	144012.984375	3078.	1601.083374023438	241.6666717529297	
708.916015625	310754.625	1926.75	1818.083374023438	150.	
710.1640014648438	117313.	2302.25	1375.916625976563	300.	
711.4130249023438	92579.	1225.75	2210.25	233.3333282470703	
712.6610107421875	126108.015625	1326.25	3094.833251953125	216.6666717529297	
713.9089965820313	215928.3125	1551.25	1776.416625976563	116.6666641235352	
715.156982421875	68285.5	1451.	2610.666748046875	150.	
716.405029296875	306736.625	1276.	2026.666625976563	266.6666564941406	
717.6530151367188	97275.75	1376.	1451.	191.6666717529297	
718.9010009765625	70999.75	1576.	1701.25	191.6666717529297	
720.1489868164063	82704.7109375	1075.5	2193.5	116.6666641235352	
721.39697265625	96972.	1125.5	2535.75	108.3333358764648	
722.64501953125	370893.375	2752.5	2694.416748046875	125.	
723.8930053710938	340777.09375	1000.5	1809.666625976563	350.0833435058594	
725.1409912109375	138099.5	1476.	3646.	183.3333282470703	
726.3900146484375	553423.625	1125.75	1684.5	183.3333282470703	
727.6380004882813	101357.75	1301.	1701.333374023438	175.	
728.885986328125	98093.	1225.75	1751.333374023438	225.	
730.1339721679688	78536.75	900.5	1618.	291.75	
731.3820190429688	232374.171875	1200.75	1250.666625976563	275.	
732.6300048828125	85136.3828125	1476.25	1509.416625976563	183.3333282470703	
733.8779907226563	139627.65625	1000.5	2369.083251953125	275.0833435058594	
735.1259765625	94734.	1075.75	1234.083374023438	300.0833435058594	
736.3740234375	59850.75	925.25	1618.	116.6666641235352	
737.6220092773438	111499.25	1075.5	1359.166625976563	191.6666717529297	
738.8699951171875	57189.25	1025.75	1784.666625976563	216.6666717529297	
740.1190185546875	65372.75	1200.75	1567.916625976563	825.75	
741.3670043945313	116158.5	1476.25	1501.083374023438	233.3333282470703	
742.614990234375	82845.	1150.5	1676.25	408.5	
743.8629760742188	88392.5	21559.5	1551.083374023438	308.3333435058594	
745.1110229492188	195108.90625	1225.75	1776.583374023438	233.3333282470703	
746.3590087890625	115269.75	1476.	1985.	333.5	
747.6069946289063	83712.	1250.75	1517.666625976563	216.6666717529297	
748.85498046875	178222.5	546540.75	2351.916748046875	1392.916625976563	
750.10302734375	134192.1875	2302.	1793.	833.75	
751.3510131835938	110389.	12247.	2744.166748046875	658.5	
752.5989990234375	255578.	3803.75	2744.166748046875	892.25	
753.8480224609375	155962.5	6858.	2093.416748046875	4096.16650390625	
755.0960083007813	539476.625	8785.25	3278.083251953125	1451.166625976563	
756.343994140625	272119.	5781.	3019.666748046875	917.25	
757.5919799804688	146144.	5956.75	3428.583251953125	9086.8330078125	
758.8400268554688	87648.	3804.	2877.666748046875	2293.916748046875	
760.0880126953125	156040.	12122.5	5825.58349609375	366.75	
761.3359985351563	93089.5	2802.5	2285.25	58336.45703125	
762.583984375	82053.25	6106.75	5689.58349609375	658.8333129882813	
763.8319702148438	186093.5	2977.5	8969.9169921875	6578.75	
765.0800170898438	134242.4375	4930.5	11349.25	1351.25	
766.3280029296875	130173.	2602.5	7742.33349609375	7941.75	
767.5770263671875	87064.	2602.25	18376.75	1709.666625976563	
768.8250122070313	163682.	4379.75	90420.125	1910.416625976563	
770.072998046875	82447.84375	2352.	8236.3330078125	691.9166870117188	
771.3209838867188	81231.75	1901.5	9397.9169921875	1150.916625976563	
772.5689697265625	256613.75	2777.5	4163.08349609375	600.25	
773.8170166015625	118154.	1250.5	4121.58349609375	825.6666870117188	
775.0650024414063	66013.5	1601.5	3028.	258.3333435058594	
776.31298828125	117929.7265625	1175.75	6287.33349609375	391.6666564941406	
777.5609741210938	184966.71875	1275.75	2035.	466.75	
778.8090209960938	92849.25	1025.75	2644.	291.6666564941406	
780.0570068359375	63089.	1601.25	1784.583374023438	225.	
781.3060302734375	108341.75	950.5	1501.	241.6666717529297	
782.5540161132813	57690.5	1025.5	1375.833374023438	408.5833435058594	
783.802001953125	69168.	2777.75	1367.5	208.3333282470703	
785.0499877929688	258823.	1426.	1526.	241.6666717529297	
786.2979736328125	78055.	1426.25	2151.916748046875	200.	
787.5460205078125	101934.75	950.5	2018.333374023438	325.0833435058594	
788.7940063476563	66527.5	2652.	1801.583374023438	1727.25	
790.0419921875	69725.	1401.	1509.5	250.	
791.2899780273438	65379.5	2377.	1334.166625976563	225.	
792.5380249023438	88832.	3103.	2010.	241.6666717529297	
793.7860107421875	453735.625	1425.75	1526.083374023438	258.3333435058594	
795.0349731445313	75903.	1100.75	1167.5	266.6666564941406	
796.2830200195313	55332.	875.25	1492.833374023438	266.75	
797.531005859375	108008.5	925.5	1376.166625976563	175.	
798.7789916992188	79916.5	1926.75	1375.916625976563	225.	
800.0269775390625	55231.	950.75	1284.166625976563	108.3333358764648	
801.2750244140625	203516.734375	775.	1217.416625976563	225.	
802.5230102539063	57566.	1350.75	1417.583374023438	191.6666717529297	
803.77099609375	78058.75	900.5	1467.75	200.	
805.0189819335938	69303.	1276.	1325.916625976563	166.6666717529297	
806.2670288085938	73827.5	1000.5	1559.333374023438	166.6666717529297	
807.5150146484375	59852.75	1100.5	1317.5	216.6666717529297	
808.7630004882813	80568.25	1225.75	1267.5	125.	
810.0120239257813	61008.25	1476.	1250.833374023438	225.	
811.260009765625	75224.25	800.25	1776.25	216.6666717529297	
812.5079956054688	58846.75	750.25	1275.833374023438	233.3333282470703	
813.7559814453125	486802.09375	1476.	1542.833374023438	608.8333129882813	
815.0040283203125	519938.09375	3853.75	5508.91650390625	675.3333129882813	
816.2520141601563	663623.125	3228.	3370.416748046875	466.8333435058594	
817.5	1891604.625	6207.25	3236.583251953125	466.8333435058594	
818.7479858398438	792884.625	2552.25	3061.166748046875	408.5	
819.9959716796875	2194413.75	2352.25	6092.91650390625	408.5	
821.2440185546875	328968.125	2602.5	1517.833374023438	333.4166564941406	
822.4920043945313	443866.53125	1551.	3278.166748046875	216.6666717529297	
823.7410278320313	344245.375	3303.25	2644.083251953125	491.8333435058594	
824.989013671875	692758.5625	1325.75	6233.58349609375	341.8333435058594	
826.2369995117188	177734.96875	1075.5	1476.	241.6666717529297	
827.4849853515625	689292.6875	975.5	1976.5	275.	
828.7329711914063	143116.5	1100.5	1634.416625976563	366.8333435058594	
829.9810180664063	270765.75	925.25	1451.	258.3333435058594	
831.22900390625	116463.5	1876.25	1417.666625976563	383.4166564941406	
832.4769897460938	127527.	12216.75	1751.25	700.25	
833.7249755859375	196134.	25016.75	2318.666748046875	550.0833129882813	
834.9730224609375	426736.5625	35620.75	1851.416625976563	983.75	
836.2210083007813	191711.	35342.25	5565.25	1284.25	
837.469970703125	1341442.875	42187.	175047.75	583.5	
838.718017578125	147800.	44872.	1542.75	1526.166625976563	
839.9660034179688	155367.5	20883.25	5022.75	316.6666564941406	
841.2139892578125	109543.	18276.25	1526.166625976563	775.3333129882813	
842.4619750976563	578661.125	17726.	2185.166748046875	325.0833435058594	
843.7100219726563	409228.34375	10638.75	3044.666748046875	225.	
844.9580078125	116495.5	5906.5	1526.166625976563	208.3333282470703	
846.2059936523438	84792.	5180.5	1943.25	316.6666564941406	
847.4539794921875	205484.5	4179.	1434.333374023438	300.	
848.7020263671875	79617.25	3252.75	1576.25	333.3333435058594	
849.9500122070313	323582.6875	2752.5	1951.583374023438	358.4166564941406	
851.198974609375	86901.5	1401.	1676.25	283.3333435058594	
852.447021484375	99223.25	1676.25	1334.25	300.0833435058594	
853.6950073242188	1711448.625	1501.	1350.916625976563	141.6666717529297	
854.9429931640625	185074.625	1326.	1826.333374023438	166.6666717529297	
856.1909790039063	213299.78125	1300.75	1359.166625976563	208.3333282470703	
857.4390258789063	81780.5	1526.	1434.333374023438	166.6666717529297	
858.68701171875	82458.75	1125.5	3120.166748046875	216.6666717529297	
859.9349975585938	72580.	1701.	1351.	408.5	
861.1829833984375	88561.25	1301.	1459.333374023438	233.4166717529297	
862.4310302734375	81010.25	2402.25	1551.	200.	
863.6790161132813	161383.171875	2752.5	1409.25	183.3333282470703	
864.927978515625	128463.5	2026.75	1442.583374023438	291.6666564941406	
866.176025390625	79723.	1375.75	2318.583251953125	191.6666717529297	
867.4240112304688	78240.5	1150.5	1726.333374023438	175.	
868.6719970703125	244885.875	1125.5	1359.416625976563	133.3333282470703	
869.9199829101563	81338.	1300.75	1417.666625976563	141.6666717529297	
871.1680297851563	63011.75	1125.75	1234.166625976563	241.6666717529297	
872.416015625	145711.	775.25	1676.166625976563	341.75	
873.6640014648438	83357.	1350.75	2444.083251953125	258.3333435058594	
874.9119873046875	99200.5	1125.75	1184.166625976563	158.3333282470703	
876.1599731445313	238937.84375	1125.75	1442.75	258.3333435058594	
877.4080200195313	80548.796875	1075.5	1300.75	150.	
878.656005859375	176065.25	1301.	1242.5	225.	
879.905029296875	77157.75	700.	1234.25	241.6666717529297	
881.1530151367188	81650.5	900.25	1259.333374023438	233.3333282470703	
882.4010009765625	91686.75	1125.75	1117.5	258.3333435058594	
883.6489868164063	73563.25	925.25	1225.833374023438	258.3333435058594	
884.89697265625	151472.	850.25	1009.	1076.083374023438	
886.14501953125	713218.4375	1150.75	1200.75	225.	
887.3930053710938	116358.	1276.	1893.083374023438	200.	
888.6409912109375	100592.75	1150.75	1008.833312988281	258.3333435058594	
889.8889770507813	77661.	1551.25	1325.833374023438	175.	
891.1370239257813	72154.25	650.25	1300.75	216.6666717529297	
892.385009765625	99430.	1901.5	1284.166625976563	208.3333282470703	
893.6339721679688	378961.6875	1125.5	1601.166625976563	266.6666564941406	
894.8820190429688	159439.5625	1601.25	1350.916625976563	158.3333282470703	
896.1300048828125	85466.	3828.5	1417.666625976563	283.3333435058594	
897.3779907226563	70519.	4529.5	1476.166625976563	383.3333435058594	
898.6259765625	82681.5	10564.75	1509.333374023438	275.	
899.8740234375	380458.4375	5856.5	1559.583374023438	717.	
901.1220092773438	85369.	5556.	1292.5	533.5	
902.3699951171875	267594.	6081.5	2485.5	2144.833251953125	
903.6179809570313	79522.75	2927.75	1401.	200.	
904.8660278320313	82882.	2452.	1584.416625976563	308.4166564941406	
906.114013671875	81596.75	3002.75	1501.166625976563	241.6666717529297	
907.3629760742188	151805.046875	1376.	1409.416625976563	216.6666717529297	
908.6110229492188	125372.25	1801.25	1659.666625976563	208.3333282470703	
909.8590087890625	137417.	1350.75	1609.416625976563	166.6666717529297	
911.1069946289063	104754.5	1200.5	1334.083374023438	291.6666564941406	
912.35498046875	293729.9375	1251.	1309.166625976563	183.3333282470703	
913.60302734375	92832.	1075.75	1200.666625976563	116.6666641235352	
914.8510131835938	69467.75	1425.75	1884.916625976563	216.6666717529297	
916.0989990234375	147993.5	1776.5	1634.416625976563	391.9166564941406	
917.3469848632813	428906.1875	3403.5	1668.	208.3333282470703	
918.594970703125	2501996.25	2276.75	1601.	308.3333435058594	
919.843017578125	1543893.75	4855.25	2385.583251953125	233.3333282470703	
921.0919799804688	692982.75	1326.25	1584.333374023438	266.6666564941406	
922.3400268554688	2791557.75	2402.	1417.583374023438	225.	
923.5880126953125	539476.625	1526.	1709.5	275.	
924.8359985351563	692579.375	1275.75	8087.75	175.	
926.083984375	244484.640625	1025.75	1459.333374023438	191.6666717529297	
927.3319702148438	217799.5625	1526.	1334.25	200.	
928.5800170898438	332935.875	875.25	1200.833374023438	175.	
929.8280029296875	230620.34375	1050.5	1492.666625976563	325.	
931.0759887695313	165610.5	1300.75	1159.083374023438	325.	
932.323974609375	94844.	1150.75	1342.583374023438	258.3333435058594	
933.572021484375	83217.25	1025.25	1217.416625976563	158.3333282470703	
934.8209838867188	170302.3125	925.25	1209.166625976563	133.3333282470703	
936.0689697265625	412020.625	1100.75	1300.75	233.3333282470703	
937.3170166015625	77005.5	1175.75	1275.833374023438	141.6666717529297	
938.5650024414063	170671.21875	725.	1459.333374023438	200.	
939.81298828125	181447.	900.5	1259.25	183.3333282470703	
941.0609741210938	135690.5	800.5	1159.	275.	
942.3090209960938	327707.25	925.25	1359.25	183.3333282470703	
943.5570068359375	98258.5	1125.75	1075.583374023438	216.6666717529297	
944.8049926757813	545478.8125	900.25	1267.416625976563	200.	
946.052978515625	209992.09375	750.25	1134.083374023438	200.	
947.301025390625	86402.	950.5	1267.333374023438	233.3333282470703	
948.5499877929688	90182.5	875.25	1426.	133.3333282470703	
949.7979736328125	99397.25	1201.	1351.	316.6666564941406	
951.0460205078125	72188.25	1526.	1192.416625976563	141.6666717529297	
952.2940063476563	244775.515625	925.25	1359.25	200.	
953.5419921875	56361.5	950.5	1159.	191.6666717529297	
954.7899780273438	135191.84375	1150.75	1125.75	158.3333282470703	
956.0380249023438	47854.75	925.25	1342.583374023438	125.	
957.2860107421875	53827.	925.5	1225.833374023438	300.	
958.5339965820313	48231.	1075.5	1217.333374023438	225.	
959.781982421875	46349.75	975.5	1309.166625976563	233.3333282470703	
961.030029296875	48657.75	1125.75	1342.666625976563	141.6666717529297	
962.2780151367188	45471.75	800.25	1267.416625976563	241.6666717529297	
963.5269775390625	45371.25	1075.5	1033.833374023438	166.6666717529297	
964.7750244140625	45722.5	750.	1092.416625976563	133.3333282470703	
966.0230102539063	44694.25	1150.75	1184.	208.3333282470703	
967.27099609375	46299.25	1100.75	1159.	183.3333282470703	
968.5189819335938	45722.5	1000.75	1150.75	133.3333282470703	
969.7670288085938	45396.5	775.25	1434.416625976563	158.3333282470703	
971.0150146484375	44468.	1000.5	1250.916625976563	166.6666717529297	
972.2630004882813	45095.25	975.75	1300.833374023438	191.6666717529297	
973.510986328125	44067.	725.25	1292.5	233.3333282470703	
974.7589721679688	45622.25	1075.75	942.1666870117188	133.3333282470703	
976.0070190429688	44644.	900.5	1075.666625976563	233.3333282470703	
977.2559814453125	44092.	600.25	1367.583374023438	158.3333282470703	
978.5040283203125	43691.	925.5	1175.666625976563	216.6666717529297	
979.7520141601563	44518.75	1100.75	1292.583374023438	275.	
981.	46801.25	925.25	1359.166625976563	216.6666717529297	
982.2479858398438	44920.	1426.	1484.333374023438	225.	
983.4959716796875	44067.	1125.75	1359.333374023438	150.	
984.7440185546875	45446.5	800.5	1134.	150.	
985.9920043945313	45747.5	900.5	1400.833374023438	141.6666717529297	
987.239990234375	45246.	975.5	1200.75	191.6666717529297	
988.4879760742188	46600.25	1275.75	1200.833374023438	150.	
989.7360229492188	45622.25	775.25	1367.583374023438	116.6666641235352	
990.9849853515625	48582.25	825.25	1209.083374023438	175.	
992.2329711914063	46675.75	1176.	1309.25	283.3333435058594	
993.4810180664063	43089.	800.25	1325.916625976563	133.3333282470703	
994.72900390625	47127.	975.5	1250.75	150.	
995.9769897460938	44669.25	975.5	1109.	166.6666717529297	
997.2249755859375	43314.75	975.5	1175.75	191.6666717529297	
998.4730224609375	45120.75	825.25	1275.916625976563	208.3333282470703	
