Trace for Mass:	Al27(MR)	Ca44(MR)	Fe56(MR)	S32(MR)
Resolution:	Medium	Medium	Medium	Medium
				
Time	Intensity	Intensity	Intensity	Intensity
[sec]	[cps]	[cps]	[cps]	[cps]

1.248000025749207	2028.909057617188	210.	2068.416748046875	32498.	
2.49399995803833	2101.666748046875	200.	2035.	38620.08203125	
3.740000009536743	2318.5	208.3333282470703	2243.416748046875	40601.5	
4.986000061035156	2268.583251953125	141.6666717529297	1901.583374023438	39773.33203125	
6.23199987411499	2443.75	166.6666717529297	2001.583374023438	40300.91796875	
7.478000164031982	2393.583251953125	241.6666717529297	2151.833251953125	39097.16796875	
8.723999977111816	2276.833251953125	183.3333282470703	2168.5	39349.	
9.970000267028809	2318.5	150.	2310.333251953125	38771.41796875	
11.21599960327148	2276.916748046875	241.6666717529297	2076.75	38846.5	
12.46199989318848	2301.916748046875	150.	2335.25	40417.25	
13.70800018310547	2243.5	125.	2176.833251953125	40393.5	
14.95400047302246	1976.5	166.6666717529297	2326.833251953125	39523.	
16.20000076293945	2377.166748046875	175.	2085.166748046875	40267.91796875	
17.44599914550781	2176.666748046875	233.3333282470703	2168.416748046875	40334.16796875	
18.69199943542481	2118.416748046875	225.	2110.083251953125	41036.33203125	
19.9379997253418	2410.416748046875	208.3333282470703	2268.416748046875	40736.16796875	
21.18400001525879	2268.583251953125	208.3333282470703	2385.416748046875	40844.91796875	
22.43000030517578	2552.083251953125	208.3333282470703	2118.416748046875	39940.83203125	
23.67600059509277	2135.083251953125	183.3333282470703	2076.75	41521.08203125	
24.92200088500977	2352.083251953125	258.3333435058594	1851.416625976563	40409.16796875	
26.16799926757813	2393.666748046875	266.6666564941406	2301.916748046875	39432.25	
27.41399955749512	2268.583251953125	141.6666717529297	2034.916625976563	41998.58203125	
28.65999984741211	2418.5	175.	1951.5	40669.5	
29.9060001373291	2276.833251953125	141.6666717529297	2209.916748046875	39916.41796875	
31.15200042724609	2310.333251953125	183.3333282470703	2060.	41764.41796875	
32.39799880981445	2176.666748046875	208.3333282470703	2327.	40828.5	
33.64400100708008	2184.916748046875	150.	1951.583374023438	40668.58203125	
34.88999938964844	2126.833251953125	241.6666717529297	2210.166748046875	42649.66796875	
36.13600158691406	2385.333251953125	200.	2160.083251953125	40576.41796875	
37.38199996948242	1876.416625976563	150.	1876.583374023438	41821.41796875	
38.62799835205078	2502.25	166.6666717529297	2368.5	40334.08203125	
39.87400054931641	2301.833251953125	150.	2493.916748046875	40450.83203125	
41.11999893188477	2168.5	116.6666641235352	2326.916748046875	39975.08203125	
42.36600112915039	1943.083374023438	91.66666412353516	2477.25	40602.5	
43.61199951171875	2368.666748046875	175.	2477.083251953125	39966.75	
44.85800170898438	2485.583251953125	175.	2143.25	42491.66796875	
46.10400009155273	1993.166625976563	166.6666717529297	2143.416748046875	39623.91796875	
47.34999847412109	2168.5	250.	2160.083251953125	41555.08203125	
48.59500122070313	2051.833251953125	358.4166564941406	2418.833251953125	39725.08203125	
49.84099960327148	2260.166748046875	225.	1976.583374023438	41153.66796875	
51.08700180053711	2135.166748046875	166.6666717529297	2210.166748046875	40635.5	
52.33300018310547	1943.25	166.6666717529297	2085.	41144.75	
53.57899856567383	2235.166748046875	200.	2051.583251953125	40643.75	
54.82500076293945	2110.083251953125	233.4166717529297	2034.916625976563	42031.41796875	
56.07099914550781	2235.25	175.	2076.666748046875	41396.5	
57.31700134277344	2418.666748046875	291.75	2276.916748046875	40543.33203125	
58.5629997253418	2143.416748046875	200.	2126.75	41380.	
59.80899810791016	2060.083251953125	183.3333282470703	1801.333374023438	42458.08203125	
61.05500030517578	2443.75	175.	2126.666748046875	41287.83203125	
62.30099868774414	2318.416748046875	183.3333282470703	2243.416748046875	41931.41796875	
63.54700088500977	2185.083251953125	200.	2076.583251953125	40953.66796875	
64.79299926757813	2343.833251953125	108.3333358764648	2026.666625976563	41137.41796875	
66.03900146484375	2227.	141.6666717529297	2160.166748046875	41262.58203125	
67.28500366210938	2293.666748046875	83.33333587646484	2084.916748046875	41178.33203125	
68.53099822998047	2460.5	183.3333282470703	1751.416625976563	39849.41796875	
69.77700042724609	2251.833251953125	141.6666717529297	2235.333251953125	40602.5	
71.02300262451172	2151.833251953125	125.	2110.	41747.08203125	
72.26899719238281	2468.833251953125	158.3333282470703	2135.083251953125	43043.75	
73.51499938964844	2076.5	175.	2226.916748046875	41337.75	
74.76100158691406	1959.75	200.	2160.083251953125	42190.25	
76.00700378417969	2076.5	191.6666717529297	2218.5	40928.91796875	
77.25299835205078	2110.083251953125	241.6666717529297	2385.333251953125	40527.25	
78.49900054931641	2135.	141.6666717529297	2293.5	40819.41796875	
79.74500274658203	2443.916748046875	258.3333435058594	2034.833374023438	40334.91796875	
80.99099731445313	2201.666748046875	100.	1926.416625976563	40961.41796875	
82.23699951171875	2227.	191.6666717529297	2393.583251953125	41028.	
83.48300170898438	2276.833251953125	225.	2185.083251953125	41254.08203125	
84.72899627685547	2343.666748046875	133.3333282470703	2143.416748046875	40092.58203125	
85.97499847412109	2085.083251953125	233.3333282470703	2034.916625976563	41580.33203125	
87.22100067138672	2193.5	225.	2318.583251953125	41094.83203125	
88.46700286865234	2243.583251953125	233.3333282470703	2176.833251953125	40434.5	
89.71299743652344	4705.41650390625	558.5833129882813	87732.1875	41447.08203125	
90.95899963378906	45342.5	2443.916748046875	72133.5	41337.83203125	
92.20500183105469	123934.3359375	4246.16650390625	105740.671875	41613.91796875	
93.45099639892578	316701.65625	7136.83349609375	98107.8359375	40618.41796875	
94.69699859619141	357830.4375	4129.16650390625	92168.4140625	41714.41796875	
95.94300079345703	172125.390625	3102.833251953125	83197.5859375	42944.08203125	
97.18900299072266	106671.6640625	3854.	66077.4140625	43369.33203125	
98.43499755859375	99012.	2093.5	54524.58203125	42457.66796875	
99.68099975585938	63215.25	1659.666625976563	61000.66796875	42074.25	
100.927001953125	45222.08203125	1150.833374023438	26164.166015625	42057.	
102.1729965209961	29569.416015625	1392.666625976563	25748.083984375	41864.41796875	
103.4189987182617	26674.	650.3333129882813	16282.4169921875	40644.16796875	
104.6650009155273	15563.9169921875	750.4166870117188	34756.39453125	41772.25	
105.911003112793	15801.1669921875	433.4166564941406	7842.41650390625	41120.75	
107.1569976806641	10963.9169921875	358.4166564941406	11196.0830078125	41554.91796875	
108.4029998779297	7391.91650390625	191.6666717529297	5764.5	41245.25	
109.6490020751953	6340.33349609375	250.	4605.	39757.33203125	
110.8949966430664	5556.	275.	3470.	41028.25	
112.140998840332	10903.	366.75	3228.166748046875	41965.5	
113.3870010375977	3453.25	200.	2493.833251953125	41253.66796875	
114.6330032348633	2885.916748046875	183.3333282470703	2794.333251953125	40367.66796875	
115.8789978027344	3219.75	225.	2510.5	38804.08203125	
117.125	2852.666748046875	175.	1934.916625976563	40652.25	
118.3710021972656	2443.666748046875	233.3333282470703	2302.	39616.	
119.6169967651367	2594.	116.6666641235352	2126.666748046875	41329.	
120.8629989624023	2694.166748046875	241.6666717529297	2418.666748046875	40402.33203125	
122.109001159668	2443.833251953125	208.3333282470703	1943.25	41496.16796875	
123.3550033569336	2368.666748046875	175.	2185.25	42717.33203125	
124.5999984741211	2393.666748046875	158.3333282470703	2385.333251953125	41730.41796875	
125.8460006713867	2176.75	141.6666717529297	1918.25	41203.08203125	
127.0920028686523	2285.166748046875	216.6666717529297	1926.416625976563	41530.	
128.3379974365234	2376.833251953125	258.4166564941406	2251.916748046875	42492.08203125	
129.5839996337891	2393.666748046875	275.	2243.5	42817.25	
130.8300018310547	1985.	141.6666717529297	2260.	41738.5	
132.0760040283203	2160.	141.6666717529297	2260.25	40819.41796875	
133.3220062255859	2185.166748046875	291.75	2085.	41605.41796875	
134.5679931640625	1918.25	175.	2402.083251953125	41120.33203125	
135.8139953613281	1993.333374023438	208.3333282470703	2351.833251953125	41495.41796875	
137.0599975585938	1893.	158.3333282470703	2410.416748046875	42842.75	
138.3059997558594	2193.5	675.5	2076.833251953125	40477.5	
139.552001953125	1868.	325.0833435058594	2151.75	42265.91796875	
140.7980041503906	2360.25	275.	2051.5	42014.83203125	
142.0440063476563	2335.333251953125	308.3333435058594	6378.58349609375	40785.91796875	
143.2899932861328	2910.916748046875	308.3333435058594	2452.083251953125	41421.75	
144.5359954833984	2377.	308.4166564941406	1993.166625976563	40827.33203125	
145.7819976806641	2059.916748046875	300.0833435058594	2752.583251953125	42057.33203125	
147.0279998779297	6616.08349609375	275.	30315.583984375	41881.	
148.2740020751953	97255.9140625	566.8333129882813	159508.609375	43829.16796875	
149.5200042724609	256550.671875	850.3333129882813	290507.15625	39456.5	
150.7660064697266	395234.	1050.583374023438	351165.	42441.25	
152.0119934082031	503438.65625	1392.583374023438	454008.6875	42851.	
153.2579956054688	481350.65625	1275.75	411760.	43904.41796875	
154.5039978027344	534195.25	1000.5	343635.65625	42407.58203125	
155.75	372504.65625	1117.333374023438	308276.	40870.83203125	
156.9960021972656	393109.	608.5	230073.671875	41738.58203125	
158.2420043945313	298955.96875	825.4166870117188	172084.671875	41605.25	
159.4880065917969	198495.671875	491.75	162296.75	42156.66796875	
160.7339935302734	180145.9375	500.0833435058594	100659.4140625	42374.33203125	
161.9799957275391	121230.25	358.3333435058594	68176.1640625	41814.41796875	
163.2259979248047	100291.3359375	558.4166870117188	72940.5859375	41345.58203125	
164.4720001220703	67903.25	316.75	60752.66796875	41086.08203125	
165.7180023193359	63010.33203125	225.	77321.2890625	41613.25	
166.9640045166016	32679.833984375	291.6666564941406	28497.25	41914.91796875	
168.2100067138672	32161.	241.6666717529297	31669.833984375	40234.66796875	
169.4559936523438	28931.333984375	216.6666717529297	13126.25	41346.	
170.7019958496094	15640.75	225.	19065.833984375	41789.	
171.947998046875	16460.25	166.6666717529297	31576.552734375	40035.33203125	
173.1940002441406	10304.8330078125	300.	9003.3330078125	40652.66796875	
174.4400024414063	10956.3330078125	225.	6358.08349609375	42407.41796875	
175.6860046386719	6482.33349609375	125.	4479.58349609375	41313.66796875	
176.9320068359375	102990.375	200.	6424.16650390625	41521.66796875	
178.1779937744141	4554.66650390625	275.	8154.66650390625	41019.83203125	
179.4239959716797	8177.25	100.	3353.083251953125	42282.	
180.6699981689453	4654.83349609375	175.	3394.916748046875	41387.41796875	
181.9160003662109	5480.91650390625	250.	2902.5	41229.25	
183.1620025634766	3812.166748046875	158.3333282470703	2585.5	41573.08203125	
184.4080047607422	3102.75	175.	3253.083251953125	41522.16796875	
185.6540069580078	2944.166748046875	233.3333282470703	2635.5	42115.91796875	
186.8999938964844	3261.5	133.3333282470703	2427.083251953125	41229.25	
188.14599609375	2769.166748046875	200.	2343.583251953125	42098.25	
189.3919982910156	3261.416748046875	166.6666717529297	6420.08349609375	40836.25	
190.6380004882813	6553.58349609375	366.6666564941406	2794.25	43318.75	
191.8840026855469	2151.833251953125	216.6666717529297	2477.166748046875	39824.	
193.1300048828125	2552.25	341.6666564941406	2210.166748046875	41906.25	
194.3760070800781	2110.083251953125	325.	2368.666748046875	40911.16796875	
195.6219940185547	2268.5	375.0833435058594	2226.75	41380.	
196.8679962158203	2301.916748046875	391.75	2468.75	40292.91796875	
198.1139984130859	2385.25	250.	1926.5	41262.16796875	
199.3600006103516	2335.416748046875	225.	2118.333251953125	41931.33203125	
200.6049957275391	2243.416748046875	208.3333282470703	2185.083251953125	42016.16796875	
201.8509979248047	2185.	200.	3036.25	39941.66796875	
203.0970001220703	2377.	191.6666717529297	2326.916748046875	40710.	
204.3430023193359	5398.66650390625	175.	2218.416748046875	40250.58203125	
205.5890045166016	3027.666748046875	166.6666717529297	2568.916748046875	40484.91796875	
206.8350067138672	2243.5	191.6666717529297	2218.666748046875	40744.41796875	
208.0809936523438	2777.416748046875	183.3333282470703	3053.25	44296.91796875	
209.3269958496094	2427.083251953125	241.6666717529297	2644.	41731.58203125	
210.572998046875	3628.583251953125	183.3333282470703	2769.166748046875	42206.91796875	
211.8190002441406	2235.166748046875	225.	2502.166748046875	41673.5	
213.0650024414063	7231.91650390625	183.3333282470703	2285.333251953125	41412.66796875	
214.3110046386719	2552.25	216.6666717529297	3553.666748046875	41655.08203125	
215.5570068359375	2351.916748046875	100.	2060.	41371.5	
216.8029937744141	2518.833251953125	166.6666717529297	2009.916625976563	40827.91796875	
218.0489959716797	6085.75	166.6666717529297	3336.75	40744.33203125	
219.2949981689453	2510.416748046875	225.	1943.25	41629.83203125	
220.5410003662109	1818.166625976563	133.3333282470703	2009.833374023438	40400.66796875	
221.7870025634766	2343.583251953125	100.	2427.166748046875	42165.58203125	
223.0330047607422	2318.583251953125	200.	2018.333374023438	41764.33203125	
224.2790069580078	2201.666748046875	200.	2460.5	41095.	
225.5249938964844	2794.333251953125	208.3333282470703	2735.833251953125	41471.5	
226.77099609375	3753.75	150.	9016.8330078125	41897.83203125	
228.0169982910156	4913.5	150.	5155.5	40886.08203125	
229.2630004882813	7692.33349609375	141.6666717529297	6449.08349609375	41655.58203125	
230.5090026855469	7451.25	341.75	14715.0830078125	41805.66796875	
231.7550048828125	12360.6669921875	200.	8388.1669921875	41697.66796875	
233.0010070800781	6857.91650390625	158.3333282470703	9663.6669921875	41003.33203125	
234.2469940185547	11448.4169921875	250.	19415.916015625	41965.33203125	
235.4929962158203	19277.666015625	266.6666564941406	44297.5	41480.16796875	
236.7389984130859	32428.916015625	258.3333435058594	55123.33203125	40635.5	
237.9850006103516	48315.83203125	250.	52382.5	42224.33203125	
239.2310028076172	35053.91796875	250.	253921.703125	42157.	
240.4770050048828	44969.13671875	500.1666564941406	52350.83203125	41237.5	
241.7230072021484	62966.91796875	366.6666564941406	78066.6875	40903.25	
242.968994140625	127513.859375	483.5833435058594	87180.75	45762.16796875	
244.2149963378906	81072.1640625	425.	89229.25	43737.5	
245.4609985351563	91556.4140625	475.0833435058594	67213.5859375	42316.08203125	
246.7070007324219	74269.0859375	458.3333435058594	60425.08203125	42216.08203125	
247.9530029296875	78000.5	650.25	57779.41796875	43511.16796875	
249.1990051269531	60239.5	3105.	37567.83203125	41990.	
250.4450073242188	47848.41796875	350.0833435058594	60565.33203125	41956.91796875	
251.6909942626953	28893.25	358.4166564941406	25915.833984375	40886.75	
252.9369964599609	21209.166015625	208.3333282470703	31350.666015625	41847.91796875	
254.1829986572266	31159.5	175.	11498.0830078125	42683.25	
255.4290008544922	15573.	583.6666870117188	27511.75	42532.75	
256.6749877929688	56279.85546875	266.6666564941406	14774.5830078125	41512.5	
257.9209899902344	7708.91650390625	175.	6749.75	43678.83203125	
259.1669921875	13962.4169921875	533.6666870117188	4195.83349609375	41036.58203125	
260.4129943847656	7685.75	283.3333435058594	6432.91650390625	41446.66796875	
261.6589965820313	5372.5	308.3333435058594	4454.58349609375	42306.83203125	
262.9049987792969	8608.1669921875	333.3333435058594	3853.75	48873.83203125	
264.1510009765625	5873.33349609375	475.0833435058594	3111.25	41872.33203125	
265.3970031738281	13774.4169921875	333.4166564941406	3061.083251953125	41488.25	
266.6430053710938	3244.666748046875	316.6666564941406	5064.16650390625	41964.91796875	
267.8890075683594	3978.916748046875	308.3333435058594	2668.916748046875	41280.08203125	
269.135009765625	3244.583251953125	291.75	4020.75	41437.75	
270.3810119628906	4179.33349609375	350.	4472.58349609375	41789.08203125	
271.6270141601563	2335.333251953125	375.1666564941406	2452.166748046875	62083.4609375	
272.8729858398438	2877.583251953125	225.	2327.083251953125	41798.	
274.1189880371094	6955.33349609375	233.3333282470703	2143.333251953125	42316.83203125	
275.364990234375	4431.	333.3333435058594	7985.16650390625	42424.25	
276.6099853515625	2510.5	208.3333282470703	2168.5	42115.41796875	
277.8559875488281	2602.333251953125	150.	2135.166748046875	41756.66796875	
279.1019897460938	2118.416748046875	191.6666717529297	1984.833374023438	41613.83203125	
280.3479919433594	2276.916748046875	191.6666717529297	2201.75	42139.5	
281.593994140625	2360.25	283.3333435058594	3361.583251953125	41587.75	
282.8399963378906	2493.75	208.3333282470703	2527.083251953125	41305.16796875	
284.0859985351563	2268.666748046875	133.3333282470703	2518.833251953125	41087.58203125	
285.3320007324219	2351.833251953125	125.	2493.833251953125	41102.91796875	
286.5780029296875	2427.166748046875	216.75	3553.5	42868.41796875	
287.8240051269531	2310.416748046875	133.3333282470703	3795.333251953125	42776.58203125	
289.0700073242188	2802.333251953125	158.3333282470703	3653.583251953125	42599.66796875	
290.3160095214844	2518.75	291.6666564941406	3854.	43803.91796875	
291.56201171875	2886.083251953125	358.4166564941406	4705.5	41923.25	
292.8080139160156	2844.166748046875	166.6666717529297	4087.833251953125	42182.33203125	
294.0539855957031	2785.75	133.3333282470703	5956.75	42014.91796875	
295.2999877929688	7604.91650390625	333.4166564941406	9414.25	42500.33203125	
296.5459899902344	15040.0830078125	200.	8201.75	42942.16796875	
297.7919921875	11711.9169921875	325.0833435058594	5940.16650390625	40743.41796875	
299.0379943847656	6198.41650390625	250.	79950.8671875	40853.66796875	
300.2839965820313	87469.9609375	185575.5625	13894.8330078125	42090.16796875	
301.5299987792969	12268.8330078125	250.	23776.390625	40685.33203125	
302.7760009765625	4054.083251953125	266.6666564941406	6491.66650390625	42767.41796875	
304.0220031738281	116992.4140625	158.3333282470703	5665.91650390625	41295.66796875	
305.2680053710938	3904.	150.	14357.75	41254.	
306.5140075683594	4955.25	250.	4813.58349609375	42666.75	
307.760009765625	18156.583984375	325.0833435058594	5047.33349609375	41589.	
309.0060119628906	25081.416015625	175.	11680.1669921875	40894.58203125	
310.2520141601563	7663.16650390625	216.6666717529297	7556.25	41446.75	
311.4979858398438	22835.416015625	250.	12872.	42860.25	
312.7439880371094	2944.25	300.0833435058594	4145.91650390625	41446.16796875	
313.989990234375	7957.83349609375	358.5	9675.1669921875	41839.08203125	
315.2359924316406	4671.83349609375	175.	4914.	41346.66796875	
316.4819946289063	4137.91650390625	241.6666717529297	3853.75	40701.58203125	
317.7279968261719	4697.33349609375	175.	3912.166748046875	40660.33203125	
318.9739990234375	17968.5	200.	6016.41650390625	44080.25	
320.2200012207031	6265.33349609375	416.6666564941406	27446.75	41905.83203125	
321.4660034179688	54773.5	1693.	2042300.25	43369.66796875	
322.7120056152344	128021.5859375	2226.833251953125	94223.5	44264.91796875	
323.9580078125	163650.5	2251.916748046875	203465.125	44122.	
325.2040100097656	192757.328125	2085.083251953125	157614.828125	46092.08203125	
326.4500122070313	217393.703125	2460.5	524329.4375	46790.16796875	
327.6960144042969	128637.75	1985.	172801.765625	44188.83203125	
328.9419860839844	104349.8359375	883.6666870117188	87026.5703125	44690.	
330.18798828125	294392.71875	2319.25	50724.75	42808.91796875	
331.4339904785156	74101.5859375	950.5	42858.66796875	40970.16796875	
332.6799926757813	64915.75	616.8333129882813	31323.5	43795.83203125	
333.9259948730469	63617.5	617.	35907.16796875	43218.75	
335.1719970703125	32027.083984375	1067.416625976563	40799.41796875	43160.5	
336.4179992675781	23858.	450.	18921.166015625	44464.41796875	
337.6640014648438	57725.1640625	650.25	30930.833984375	41262.25	
338.9100036621094	26788.	867.	40052.41796875	44298.75	
340.156005859375	53284.66796875	717.	37520.41796875	44716.66796875	
341.4020080566406	42118.25	3823.333251953125	43256.	45008.33203125	
342.6480102539063	24620.583984375	1351.083374023438	32035.25	43787.16796875	
343.8940124511719	141847.015625	1893.583374023438	51119.765625	43336.91796875	
345.1400146484375	26320.25	1626.583374023438	39775.75	42701.33203125	
346.385986328125	45635.83203125	733.6666870117188	32006.166015625	44257.16796875	
347.6319885253906	27918.583984375	583.5833129882813	31499.083984375	43294.25	
348.8779907226563	58236.08203125	925.5833129882813	82086.0859375	43460.75	
350.1239929199219	40852.91796875	2010.583374023438	79211.1640625	48458.	
351.3689880371094	51191.66796875	2561.916748046875	64483.75	40910.25	
352.614990234375	61047.83203125	717.0833129882813	79821.7109375	43980.33203125	
353.8609924316406	56343.66796875	500.0833435058594	141412.203125	45799.	
355.1069946289063	70028.25	441.8333435058594	55520.25	41872.08203125	
356.3529968261719	38393.25	708.8333129882813	116999.9375	43027.16796875	
357.5989990234375	58439.5390625	616.8333129882813	30338.583984375	41781.16796875	
358.8450012207031	123484.0078125	333.3333435058594	18050.083984375	41722.83203125	
360.0910034179688	19434.166015625	450.0833435058594	22116.	42582.58203125	
361.3370056152344	11173.5830078125	291.6666564941406	19790.25	41405.16796875	
362.5830078125	11602.5830078125	308.3333435058594	9261.3330078125	42341.58203125	
363.8290100097656	7668.	291.6666564941406	11111.5	43355.16796875	
365.0750122070313	4972.16650390625	358.4166564941406	5355.75	44072.16796875	
366.3210144042969	9306.0830078125	7028.83349609375	5447.5	44122.58203125	
367.5669860839844	4588.08349609375	300.	4671.58349609375	42432.83203125	
368.81298828125	4863.58349609375	291.6666564941406	4805.	42123.75	
370.0589904785156	3862.25	233.3333282470703	6358.	42868.33203125	
371.3049926757813	3820.416748046875	325.	4020.666748046875	43152.66796875	
372.5509948730469	3762.166748046875	383.5	5406.75	41747.58203125	
373.7969970703125	3303.166748046875	608.8333129882813	85386.4140625	42499.83203125	
375.0429992675781	15778.1669921875	308.4166564941406	5314.16650390625	43470.16796875	
376.2890014648438	7429.08349609375	191.6666717529297	5889.83349609375	42810.16796875	
377.5350036621094	2969.416748046875	350.1666564941406	27484.916015625	42483.91796875	
378.781005859375	7727.16650390625	216.6666717529297	12277.5830078125	43353.5	
380.0270080566406	19907.75	358.4166564941406	16333.9169921875	43360.91796875	
381.2730102539063	34250.58203125	325.	20577.916015625	43294.41796875	
382.5190124511719	59713.41796875	333.3333435058594	15856.5830078125	44273.33203125	
383.7650146484375	42494.91796875	375.1666564941406	17755.25	42440.83203125	
385.010986328125	53876.58203125	191.6666717529297	17113.833984375	42181.66796875	
386.2569885253906	33211.08203125	208.3333282470703	23053.333984375	42048.08203125	
387.5029907226563	34274.5	200.	12191.9169921875	42082.66796875	
388.7489929199219	17351.	225.	8310.4169921875	43437.08203125	
389.9949951171875	17808.416015625	225.	7934.33349609375	41187.	
391.2409973144531	15332.75	216.6666717529297	8878.0830078125	41847.58203125	
392.4869995117188	9979.5	275.	7926.33349609375	40861.33203125	
393.7330017089844	14588.75	491.9166564941406	8844.1669921875	43051.5	
394.97900390625	14874.5	233.3333282470703	15312.5830078125	43686.58203125	
396.2250061035156	11832.5830078125	183.3333282470703	15034.4169921875	42424.5	
397.4710083007813	9369.5	258.4166564941406	16311.1669921875	43687.25	
398.7170104980469	8293.3330078125	300.	12723.1669921875	43353.41796875	
399.9630126953125	7133.08349609375	458.5	10258.25	42307.83203125	
401.2090148925781	6816.5	892.4166870117188	10290.9169921875	41120.41796875	
402.4549865722656	5405.83349609375	308.4166564941406	531174.4375	42115.58203125	
403.7009887695313	4746.66650390625	191.6666717529297	5480.91650390625	43771.	
404.9469909667969	15165.1669921875	408.4166564941406	11889.0830078125	42399.66796875	
406.1929931640625	56184.57421875	350.0833435058594	5898.33349609375	42560.16796875	
407.4389953613281	56576.12890625	275.	7701.	41697.75	
408.6849975585938	14755.0830078125	775.5833129882813	8527.5	43587.58203125	
409.9309997558594	8945.9169921875	291.75	11729.75	40944.25	
411.177001953125	6416.41650390625	216.6666717529297	6750.25	41814.75	
412.4230041503906	14270.1669921875	291.6666564941406	8569.1669921875	41120.66796875	
413.6690063476563	11039.0830078125	425.0833435058594	7125.25	41412.5	
414.9150085449219	5481.	158.3333282470703	6557.41650390625	42148.5	
416.1610107421875	4404.41650390625	250.	7210.58349609375	42591.75	
417.4070129394531	4588.08349609375	283.3333435058594	7091.5	41998.5	
418.6530151367188	6950.08349609375	291.6666564941406	11525.25	42826.	
419.8989868164063	17242.25	450.1666564941406	11796.4169921875	50646.	
421.1449890136719	5147.41650390625	266.6666564941406	10498.0830078125	42132.08203125	
422.3909912109375	3503.416748046875	308.3333435058594	9481.1669921875	42809.75	
423.6369934082031	9674.25	125.	26959.5	41588.58203125	
424.8829956054688	3970.5	208.3333282470703	265636.09375	41823.33203125	
426.1279907226563	5397.41650390625	400.25	21193.583984375	42784.25	
427.3739929199219	40752.91796875	892.3333129882813	43824.91796875	47349.08203125	
428.6199951171875	132656.140625	825.5833129882813	74100.6328125	43011.25	
429.8659973144531	137023.390625	2311.333251953125	336423.59375	47847.	
431.1119995117188	101153.90625	1000.583312988281	400699.40625	44314.16796875	
432.3580017089844	85406.0546875	967.3333129882813	46496.33203125	44891.83203125	
433.60400390625	53737.58203125	1075.75	107759.8671875	43152.16796875	
434.8500061035156	283441.	6969.	176058.03125	51353.25	
436.0960083007813	74308.125	558.5	117403.25	59729.25	
437.3420104980469	66486.	625.3333129882813	36477.08203125	45302.91796875	
438.5880126953125	39961.91796875	391.75	38208.25	42658.83203125	
439.8340148925781	114481.1796875	441.75	94469.7734375	42968.	
441.0799865722656	58658.16796875	2595.583251953125	95310.734375	42683.66796875	
442.3259887695313	18150.25	258.3333435058594	27840.75	41722.5	
443.5719909667969	43941.90625	433.5	6916.16650390625	44935.25	
444.8179931640625	29375.5	792.	12808.3330078125	42090.58203125	
446.0639953613281	8845.4169921875	1175.833374023438	25286.75	51154.83203125	
447.3099975585938	19695.25	1142.416625976563	94333.2109375	44723.75	
448.5559997558594	62576.58203125	2385.916748046875	190232.84375	45753.66796875	
449.802001953125	106740.6640625	917.1666870117188	185881.328125	44641.33203125	
451.0480041503906	106135.25	942.1666870117188	232374.109375	42934.25	
452.2940063476563	134582.34375	1392.666625976563	203330.71875	43243.91796875	
453.5400085449219	79850.4140625	767.0833129882813	138958.078125	45871.16796875	
454.7860107421875	71064.25	1359.416625976563	130858.5859375	45244.16796875	
456.0320129394531	74090.75	750.4166870117188	227024.671875	41229.5	
457.2780151367188	38982.91796875	416.8333435058594	225747.34375	42593.	
458.5239868164063	30855.333984375	475.0833435058594	84732.59375	45077.16796875	
459.7699890136719	28239.25	316.75	32798.75	43068.	
461.0159912109375	33202.75	425.0833435058594	29966.5	42132.08203125	
462.2619934082031	15722.5	4509.58349609375	256059.6875	41972.16796875	
463.5079956054688	12409.1669921875	642.	31810.5	42893.	
464.7539978027344	6849.41650390625	341.6666564941406	14431.25	43044.33203125	
466.	6457.66650390625	383.4166564941406	17238.083984375	43109.91796875	
467.2460021972656	7192.	233.3333282470703	10005.9169921875	41028.41796875	
468.4920043945313	5305.83349609375	291.75	14533.9169921875	42140.58203125	
469.7380065917969	5264.25	150.	5155.5	42659.16796875	
470.9840087890625	3595.25	258.3333435058594	11655.0830078125	41872.	
472.2300109863281	3286.5	241.75	3044.333251953125	41897.83203125	
473.4760131835938	3077.833251953125	266.6666564941406	4471.25	41396.91796875	
474.7219848632813	2644.083251953125	125.	4947.33349609375	43211.25	
475.9679870605469	2794.25	275.0833435058594	16804.583984375	42700.41796875	
477.2139892578125	2535.666748046875	191.6666717529297	3520.083251953125	42274.58203125	
478.4599914550781	3628.416748046875	175.	3553.416748046875	42792.83203125	
479.7059936523438	2260.083251953125	200.	3269.75	42842.41796875	
480.9519958496094	2568.833251953125	558.6666870117188	3770.25	41496.5	
482.197998046875	7046.91650390625	391.75	3320.083251953125	43069.	
483.4440002441406	2343.416748046875	241.6666717529297	2844.083251953125	42424.91796875	
484.6900024414063	2635.583251953125	225.	3261.5	42575.16796875	
485.9360046386719	2293.666748046875	216.6666717529297	3545.	42358.41796875	
487.1820068359375	3152.916748046875	158.3333282470703	3853.75	42258.	
488.4280090332031	3737.083251953125	275.	20686.416015625	40777.58203125	
489.6740112304688	3628.5	258.4166564941406	4955.5	42365.75	
490.9200134277344	4263.	383.4166564941406	4989.33349609375	42056.58203125	
492.1659851074219	3027.75	275.	4095.916748046875	42140.83203125	
493.4119873046875	2944.333251953125	258.3333435058594	3094.583251953125	41972.66796875	
494.6579895019531	4046.666748046875	7402.5	4939.91650390625	43577.91796875	
495.9039916992188	2869.25	225.	2885.916748046875	40142.66796875	
497.1499938964844	2894.25	308.5	3203.083251953125	41496.08203125	
498.39599609375	4471.66650390625	183.3333282470703	7043.83349609375	41329.	
499.6419982910156	3795.333251953125	4350.75	8612.0830078125	41421.91796875	
500.8880004882813	6166.33349609375	166.6666717529297	9671.8330078125	41362.5	
502.1329956054688	6073.83349609375	258.3333435058594	62169.25	42984.16796875	
503.3789978027344	27444.083984375	2269.666748046875	43246.16796875	43286.16796875	
504.625	36469.83203125	183.3333282470703	20604.833984375	40860.75	
505.8710021972656	16338.	341.75	86184.6796875	43152.16796875	
507.1170043945313	16827.25	458.5833435058594	16485.583984375	41880.58203125	
508.3630065917969	12194.1669921875	341.6666564941406	140080.	41397.58203125	
509.6090087890625	153439.109375	225.	12801.	42792.5	
510.8550109863281	38281.49609375	942.5	75987.3359375	42465.66796875	
512.1010131835938	30838.166015625	291.75	145229.765625	41906.25	
513.3469848632813	30448.083984375	325.0833435058594	24375.833984375	40827.5	
514.593017578125	14945.8330078125	350.0833435058594	11932.3330078125	43152.	
515.8389892578125	23881.416015625	366.75	11949.6669921875	42148.75	
517.0850219726563	19752.416015625	433.5	14985.3330078125	42290.58203125	
518.3309936523438	9428.0830078125	266.6666564941406	10880.5830078125	43453.75	
519.5770263671875	12821.	250.	19973.916015625	41497.33203125	
520.822998046875	6065.16650390625	325.0833435058594	30312.583984375	44014.	
522.0689697265625	5898.08349609375	375.0833435058594	73105.1640625	41605.5	
523.3150024414063	6131.83349609375	775.6666870117188	64615.58203125	41605.16796875	
524.5609741210938	4195.83349609375	233.3333282470703	46642.58203125	41145.83203125	
525.8070068359375	4755.33349609375	275.	88096.25	42584.08203125	
527.052978515625	12178.3330078125	300.	41161.33203125	42676.08203125	
528.2990112304688	4263.16650390625	141.6666717529297	46898.84765625	42633.58203125	
529.5449829101563	2727.5	300.	21418.25	41873.33203125	
530.791015625	3178.	66.66666412353516	46016.16796875	43144.58203125	
532.0369873046875	2610.666748046875	133.3333282470703	9128.75	41889.08203125	
533.2830200195313	5791.91650390625	216.6666717529297	27098.0625	41480.33203125	
534.5289916992188	4730.08349609375	75.	12082.6669921875	42783.41796875	
535.7750244140625	7076.41650390625	175.	49081.46484375	42449.83203125	
537.02099609375	3929.083251953125	225.	46508.16796875	43126.5	
538.2670288085938	14177.9169921875	225.0833282470703	45165.99609375	40878.16796875	
539.5130004882813	14233.9169921875	383.5	37738.27734375	42549.91796875	
540.7589721679688	22350.333984375	258.3333435058594	8570.0830078125	41529.58203125	
542.0050048828125	4955.	408.5	6640.75	41162.66796875	
543.2509765625	12279.8330078125	133.3333282470703	16635.25	41554.58203125	
544.4970092773438	7559.5	825.75	6207.08349609375	53330.91796875	
545.7429809570313	8597.6669921875	550.4166870117188	27085.666015625	43034.75	
546.989013671875	20958.083984375	742.1666870117188	49107.41796875	42926.33203125	
548.2349853515625	23817.25	341.6666564941406	16843.25	43001.41796875	
549.4810180664063	33414.58203125	13742.6669921875	43323.91796875	43335.91796875	
550.7269897460938	25985.833984375	333.3333435058594	593760.125	45621.16796875	
551.9730224609375	25563.	8042.5	78042.4140625	41722.83203125	
553.218994140625	40367.91796875	4860.75	84936.7734375	42667.58203125	
554.4650268554688	111867.171875	341.6666564941406	92875.703125	42233.	
555.7109985351563	69397.25	834.	401854.4375	43269.91796875	
556.9569702148438	130217.890625	283.3333435058594	184660.546875	42624.5	
558.2030029296875	94680.4140625	550.1666870117188	550496.	42884.83203125	
559.448974609375	315252.09375	283.4166564941406	68288.9140625	43772.75	
560.6950073242188	59014.3359375	400.1666564941406	144129.03125	43604.08203125	
561.9409790039063	52581.20703125	283.4166564941406	509521.5625	41580.	
563.18701171875	123311.828125	366.6666564941406	126971.71875	43420.	
564.4329833984375	364208.71875	225.	161173.625	40853.25	
565.6790161132813	93864.75	433.4166564941406	147512.0625	45586.33203125	
566.9249877929688	78835.6640625	592.	111381.	44756.91796875	
568.1710205078125	81289.4140625	316.6666564941406	93167.0859375	44348.58203125	
569.4169921875	153204.140625	325.1666564941406	87881.515625	44305.83203125	
570.6630249023438	50516.41796875	333.4166564941406	88509.21875	43311.16796875	
571.9089965820313	72247.140625	642.	274978.03125	43846.91796875	
573.155029296875	73296.0390625	275.	122625.3984375	41805.66796875	
574.4010009765625	22137.916015625	375.0833435058594	55936.83984375	42650.08203125	
575.64697265625	26624.666015625	191.6666717529297	32780.58203125	42165.83203125	
576.8920288085938	23602.833984375	658.8333129882813	21483.166015625	41989.33203125	
578.1380004882813	111867.0390625	341.8333435058594	10833.8330078125	41487.91796875	
579.3839721679688	7750.91650390625	266.6666564941406	7284.08349609375	43111.25	
580.6300048828125	6532.41650390625	275.	203456.53125	43110.66796875	
581.8759765625	5956.83349609375	158.3333282470703	41029.609375	42918.66796875	
583.1220092773438	3712.	508.75	9488.1669921875	42073.5	
584.3679809570313	5005.66650390625	191.6666717529297	4296.	42299.5	
585.614013671875	3069.416748046875	266.6666564941406	4930.5	42550.33203125	
586.8599853515625	8384.4169921875	316.75	4129.	43595.83203125	
588.1060180664063	5408.16650390625	241.6666717529297	44574.01953125	43344.16796875	
589.3519897460938	3553.416748046875	266.6666564941406	7738.25	41714.41796875	
590.5980224609375	4889.91650390625	166.6666717529297	3428.25	40869.83203125	
591.843994140625	2518.916748046875	216.6666717529297	6010.41650390625	43544.91796875	
593.0900268554688	2977.75	191.6666717529297	3036.	42667.5	
594.3359985351563	3044.5	316.6666564941406	3996.	41907.58203125	
595.5819702148438	3127.916748046875	233.3333282470703	9404.4169921875	43361.33203125	
596.8280029296875	2627.25	233.3333282470703	6000.	43537.16796875	
598.073974609375	8360.5	225.0833282470703	5731.83349609375	42834.16796875	
599.3200073242188	2585.5	125.	8157.66650390625	40818.83203125	
600.5659790039063	45891.359375	258.4166564941406	4004.	42182.75	
601.81201171875	15712.5830078125	400.0833435058594	11725.75	43068.66796875	
603.0579833984375	118885.296875	241.6666717529297	13268.75	42817.75	
604.3040161132813	9363.0830078125	250.	16540.75	42382.5	
605.5499877929688	6959.91650390625	6292.	42433.6015625	45613.16796875	
606.7960205078125	9331.3330078125	391.75	35092.328125	43294.41796875	
608.0419921875	17609.	542.	31697.1171875	42784.41796875	
609.2880249023438	7752.58349609375	942.4166870117188	4746.66650390625	42366.	
610.5339965820313	11395.25	341.6666564941406	4054.166748046875	42582.66796875	
611.780029296875	4262.83349609375	241.6666717529297	3770.583251953125	42450.33203125	
613.0260009765625	9714.4169921875	175.	11693.75	43285.5	
614.27197265625	19626.	508.6666564941406	6643.41650390625	43444.66796875	
615.5180053710938	6970.91650390625	1184.5	3119.583251953125	42250.33203125	
616.7639770507813	2936.083251953125	233.3333282470703	6275.66650390625	41470.91796875	
618.010009765625	2911.083251953125	275.	3687.166748046875	45478.5	
619.2559814453125	2794.25	408.5	19341.333984375	42165.41796875	
620.5020141601563	3261.416748046875	125.	3703.75	41179.91796875	
621.7479858398438	2518.75	216.75	2777.583251953125	45251.5	
622.9940185546875	2460.416748046875	233.3333282470703	6795.25	42867.91796875	
624.239990234375	3286.416748046875	208.3333282470703	6767.83349609375	42015.08203125	
625.4860229492188	2894.333251953125	450.1666564941406	2710.75	40844.33203125	
626.7319946289063	2693.916748046875	375.0833435058594	3353.25	41713.91796875	
627.97802734375	2577.416748046875	158.3333282470703	5089.5	42892.25	
629.2239990234375	2176.833251953125	175.	5273.75	41296.16796875	
630.469970703125	2560.583251953125	258.3333435058594	2669.083251953125	43695.91796875	
631.7160034179688	3545.416748046875	158.3333282470703	2952.75	42702.	
632.9619750976563	2877.75	208.3333282470703	3411.666748046875	41011.66796875	
634.2080078125	17771.333984375	241.75	3294.833251953125	42960.16796875	
635.4539794921875	2894.25	250.0833282470703	3987.416748046875	42384.16796875	
636.7000122070313	2351.916748046875	216.6666717529297	3670.25	43168.25	
637.9459838867188	2777.416748046875	266.6666564941406	4437.91650390625	41447.16796875	
639.1920166015625	2618.916748046875	158.3333282470703	4104.33349609375	41880.41796875	
640.43798828125	2260.166748046875	233.4166717529297	3486.5	42759.91796875	
641.6840209960938	2318.583251953125	233.3333282470703	2535.583251953125	42107.5	
642.9299926757813	3361.666748046875	291.75	3295.	43217.91796875	
644.176025390625	10580.4169921875	191.6666717529297	15375.25	42701.	
645.4219970703125	2986.083251953125	233.3333282470703	3161.25	42081.58203125	
646.6680297851563	2568.833251953125	216.6666717529297	2869.333251953125	41236.75	
647.9140014648438	2735.916748046875	175.	2602.333251953125	42885.16796875	
649.1599731445313	2252.	200.	3470.	42726.08203125	
650.406005859375	2452.083251953125	150.	2710.583251953125	42006.66796875	
651.6519775390625	2410.333251953125	166.6666717529297	2944.333251953125	42625.83203125	
652.89697265625	2101.666748046875	250.	3261.333251953125	42525.33203125	
654.1430053710938	7117.16650390625	341.6666564941406	12512.4169921875	44741.66796875	
655.3889770507813	15639.0830078125	616.9166870117188	18874.416015625	42742.66796875	
656.635009765625	66202.4140625	683.5	19013.583984375	42199.	
657.8809814453125	78393.1640625	566.8333129882813	20185.75	42173.5	
659.1270141601563	51966.25	675.0833129882813	17727.	42315.66796875	
660.3729858398438	58679.1328125	992.0833129882813	15105.9169921875	42667.25	
661.6190185546875	36311.08203125	466.75	10889.	41923.66796875	
662.864990234375	30081.75	425.0833435058594	7441.91650390625	42056.91796875	
664.1110229492188	14144.9169921875	566.9166870117188	9420.25	42357.	
665.3569946289063	17404.666015625	325.	13242.	43042.83203125	
666.60302734375	19810.166015625	1209.5	17229.75	42149.16796875	
667.8489990234375	6699.16650390625	400.	34076.10546875	42341.41796875	
669.094970703125	7099.83349609375	358.5	7008.25	42333.	
670.3410034179688	57596.32421875	300.0833435058594	10155.	42216.66796875	
671.5869750976563	3987.333251953125	183.3333282470703	11501.5830078125	43587.41796875	
672.8330078125	9057.5	216.6666717529297	10247.75	42223.83203125	
674.0789794921875	4062.333251953125	208.3333282470703	6624.83349609375	40903.16796875	
675.3250122070313	8431.8330078125	250.	8655.5830078125	42114.83203125	
676.5709838867188	3645.25	191.6666717529297	11555.9169921875	42282.08203125	
677.8170166015625	5739.83349609375	216.6666717529297	14081.3330078125	42223.66796875	
679.06298828125	10112.6669921875	350.0833435058594	14245.0830078125	43888.16796875	
680.3090209960938	63434.41796875	316.6666564941406	56670.91796875	41956.25	
681.5549926757813	109382.5	375.0833435058594	41757.66796875	41839.08203125	
682.801025390625	122004.	325.0833435058594	47635.25	42818.16796875	
684.0469970703125	147349.40625	400.	204212.03125	44531.75	
685.2930297851563	204549.234375	608.5833129882813	85079.8671875	41120.33203125	
686.5390014648438	106079.6640625	425.0833435058594	293959.875	43953.83203125	
687.7849731445313	117217.9453125	250.	184315.453125	42358.	
689.031005859375	75046.84375	191.6666717529297	19874.666015625	42089.66796875	
690.2769775390625	109802.1484375	233.3333282470703	26945.166015625	41094.66796875	
691.5230102539063	28511.916015625	200.	17339.333984375	41412.5	
692.7689819335938	38010.41796875	133.3333282470703	43888.20703125	43512.16796875	
694.0150146484375	20707.75	291.75	21936.333984375	42993.25	
695.260986328125	33534.19140625	208.3333282470703	5672.83349609375	43645.	
696.5070190429688	12911.5	300.0833435058594	5823.25	43018.08203125	
697.7529907226563	7567.5	183.3333282470703	12779.	41689.33203125	
698.9990234375	6942.5	241.6666717529297	8027.25	43352.16796875	
700.2449951171875	10837.75	208.3333282470703	9787.75	41931.83203125	
701.4910278320313	37040.16796875	233.3333282470703	32423.666015625	45311.41796875	
702.7369995117188	11743.5	150.	30015.916015625	43738.5	
703.9829711914063	25846.916015625	1994.25	34246.5859375	42458.33203125	
705.22900390625	66426.859375	200.	33137.	43353.41796875	
706.4749755859375	104741.4765625	283.4166564941406	13185.25	43578.75	
707.7210083007813	40123.04296875	492.	23759.833984375	42634.75	
708.9669799804688	73424.296875	191.6666717529297	16129.5830078125	42868.66796875	
710.2130126953125	27654.166015625	784.	25926.75	42525.41796875	
711.458984375	14515.	391.75	12313.4169921875	43520.83203125	
712.7050170898438	35995.68359375	133.3333282470703	39379.	43387.	
713.9509887695313	16477.833984375	266.6666564941406	31988.416015625	44299.08203125	
715.197021484375	29256.833984375	283.3333435058594	38442.75	41964.75	
716.4429931640625	39501.5	241.6666717529297	39634.66796875	44724.91796875	
717.6890258789063	86456.7109375	208.3333282470703	120273.6640625	42399.83203125	
718.9349975585938	106479.1015625	283.3333435058594	46108.4140625	42416.08203125	
720.1810302734375	141372.15625	208.3333282470703	16642.333984375	43068.91796875	
721.427001953125	135766.1875	216.6666717529297	150026.84375	44374.	
722.6729736328125	165618.734375	433.5	21288.333984375	43878.91796875	
723.9190063476563	140923.75	1175.916625976563	219852.1875	46036.75	
725.1649780273438	811197.4375	1117.333374023438	496292.875	44907.66796875	
726.4110107421875	2056828.125	1951.75	1886115.875	48153.75	
727.656982421875	1717666.375	2644.166748046875	1085485.875	48306.25	
728.9019775390625	1953157.625	1192.416625976563	1025219.5	45836.75	
730.1480102539063	1645757.375	1751.333374023438	840814.9375	47834.83203125	
731.3939819335938	1456892.5	1300.916625976563	752222.5625	46012.66796875	
732.6400146484375	1204673.375	892.1666870117188	1542142.375	44983.83203125	
733.885986328125	822060.	850.4166870117188	583784.0625	44941.5	
735.1320190429688	754788.875	892.25	533952.6875	46598.33203125	
736.3779907226563	438269.	675.25	264649.09375	45393.75	
737.6240234375	418021.4375	792.	231836.3125	45228.91796875	
738.8699951171875	234539.	591.8333129882813	162060.609375	44589.33203125	
740.1160278320313	236852.46875	308.3333435058594	144890.953125	44951.	
741.3619995117188	115132.1640625	358.4166564941406	51835.66796875	43353.	
742.6079711914063	79978.6640625	258.3333435058594	57006.83203125	47136.66796875	
743.85400390625	71328.5859375	241.6666717529297	30398.	43194.33203125	
745.0999755859375	81304.2109375	316.6666564941406	33385.91796875	45595.5	
746.3460083007813	29831.5	250.	28483.666015625	44264.66796875	
747.5919799804688	18411.25	225.	11615.6669921875	43652.91796875	
748.8380126953125	13110.4169921875	291.6666564941406	14295.5	42158.83203125	
750.083984375	11507.5	283.3333435058594	6850.41650390625	45294.83203125	
751.3300170898438	7175.08349609375	183.3333282470703	4337.91650390625	44791.91796875	
752.5759887695313	4963.58349609375	408.5833435058594	4337.83349609375	44021.5	
753.822021484375	6232.75	275.	11040.5830078125	41873.75	
755.0679931640625	3436.833251953125	208.3333282470703	6408.08349609375	44306.08203125	
756.3140258789063	3695.083251953125	216.6666717529297	3036.166748046875	42817.33203125	
757.5599975585938	4813.5	191.6666717529297	10824.75	43571.33203125	
758.8060302734375	3161.333251953125	183.3333282470703	2527.25	42943.	
760.052001953125	3703.916748046875	208.3333282470703	3152.916748046875	43896.66796875	
761.2979736328125	4329.5	308.4166564941406	12120.1669921875	41713.83203125	
762.5440063476563	40469.25	225.	3319.916748046875	41665.	
763.7899780273438	2885.916748046875	241.6666717529297	3035.916748046875	42048.75	
765.0360107421875	18531.666015625	225.	2685.75	42090.66796875	
766.281982421875	2644.083251953125	266.6666564941406	2627.333251953125	46162.91796875	
767.5280151367188	10815.6669921875	216.6666717529297	2426.916748046875	45277.08203125	
768.7739868164063	2276.833251953125	175.	2435.333251953125	41756.66796875	
770.02001953125	2977.833251953125	125.	3795.833251953125	44282.	
771.2659912109375	2402.083251953125	141.6666717529297	2435.5	43278.	
772.5120239257813	3629.083251953125	166.6666717529297	3712.166748046875	41756.25	
773.7579956054688	2410.416748046875	166.6666717529297	4437.91650390625	42374.5	
775.0040283203125	4722.33349609375	183.3333282470703	16411.333984375	43713.25	
776.25	6391.83349609375	175.	15702.5830078125	42859.41796875	
777.4959716796875	7586.75	642.25	6633.58349609375	42843.16796875	
778.7420043945313	5165.25	183.3333282470703	5766.83349609375	42700.91796875	
779.9879760742188	6602.5	133.3333282470703	3536.833251953125	43302.91796875	
781.2340087890625	3495.083251953125	241.6666717529297	2352.	41087.25	
782.47998046875	2835.833251953125	83.33333587646484	3520.416748046875	41797.5	
783.7260131835938	2527.083251953125	200.	6110.91650390625	42959.08203125	
784.9719848632813	9332.0830078125	150.	2285.25	43821.33203125	
786.218017578125	3069.583251953125	158.3333282470703	2785.833251953125	42909.25	
787.4639892578125	2068.416748046875	175.	2160.166748046875	40778.75	
788.7100219726563	2477.083251953125	150.	2352.	41296.83203125	
789.9559936523438	3904.333251953125	166.6666717529297	2377.	40978.58203125	
791.2020263671875	2326.916748046875	141.6666717529297	2118.333251953125	42917.41796875	
792.447998046875	2085.083251953125	100.	2669.083251953125	40685.5	
793.6939697265625	2276.833251953125	150.	2251.75	42208.08203125	
794.9400024414063	2226.916748046875	241.6666717529297	2986.083251953125	42517.33203125	
796.1859741210938	2410.416748046875	183.3333282470703	3728.75	43728.75	
797.4320068359375	7944.83349609375	258.3333435058594	6115.66650390625	42776.16796875	
798.677978515625	8848.4169921875	241.6666717529297	113876.96875	43060.5	
799.9240112304688	16718.75	166.6666717529297	6340.91650390625	44543.16796875	
801.1699829101563	25052.583984375	233.3333282470703	20818.5	42123.83203125	
802.416015625	11367.75	158.3333282470703	7701.33349609375	44038.5	
803.6610107421875	9931.0830078125	216.75	13019.6669921875	43019.08203125	
804.906982421875	11093.0830078125	258.5	27033.568359375	42809.5	
806.1530151367188	6260.16650390625	225.	12129.5	43127.58203125	
807.3989868164063	32839.73828125	150.	11074.9169921875	43077.58203125	
808.64501953125	3578.5	183.3333282470703	2819.333251953125	43010.5	
809.8909912109375	6475.16650390625	183.3333282470703	2443.666748046875	42040.25	
811.1370239257813	4922.5	158.3333282470703	93381.4296875	43736.83203125	
812.3829956054688	4205.25	183.3333282470703	3052.916748046875	42450.08203125	
813.6290283203125	24285.416015625	158.3333282470703	2652.25	42541.41796875	
814.875	13328.3330078125	191.6666717529297	2477.083251953125	41789.58203125	
816.1209716796875	54566.62109375	166.6666717529297	3061.25	43394.16796875	
817.3670043945313	2343.833251953125	208.3333282470703	6988.75	43419.83203125	
818.6129760742188	2518.833251953125	258.3333435058594	2101.75	41613.91796875	
819.8590087890625	2485.416748046875	125.	1909.833374023438	42800.41796875	
821.10498046875	2318.666748046875	133.3333282470703	4982.5	41321.25	
822.3510131835938	2293.666748046875	241.75	2226.833251953125	42826.91796875	
823.5969848632813	2327.	158.3333282470703	2402.	43587.33203125	
824.843017578125	2577.166748046875	241.6666717529297	2243.583251953125	43311.25	
826.0889892578125	2477.	125.	2051.75	42717.16796875	
827.3350219726563	2151.75	125.	2510.583251953125	41037.33203125	
828.5809936523438	6371.66650390625	250.0833282470703	2885.916748046875	42098.83203125	
829.8270263671875	7302.83349609375	250.	10292.3330078125	41864.33203125	
831.072998046875	110747.5390625	175.	39284.81640625	42232.83203125	
832.3189697265625	36642.328125	166.6666717529297	28197.083984375	42081.66796875	
833.5650024414063	89990.3125	258.3333435058594	35773.08203125	40602.66796875	
834.8109741210938	54092.66796875	275.	36827.33203125	42107.	
836.0570068359375	73672.0859375	316.6666564941406	230341.765625	40852.41796875	
837.302978515625	81940.4453125	525.	255500.296875	57987.23046875	
838.5490112304688	164679.78125	300.	310919.1875	43512.	
839.7949829101563	85508.25	341.75	85632.9453125	43370.16796875	
841.041015625	107308.25	191.6666717529297	66188.2265625	44041.75	
842.2869873046875	1348280.	416.75	129314.71875	41321.33203125	
843.5330200195313	113692.625	258.3333435058594	223649.5625	41906.08203125	
844.7789916992188	156928.765625	283.4166564941406	127067.4140625	42600.33203125	
846.0250244140625	157671.578125	333.3333435058594	131358.046875	43587.66796875	
847.27099609375	103147.4140625	333.3333435058594	232439.828125	43094.91796875	
848.5170288085938	179893.328125	333.4166564941406	204327.9375	44640.25	
849.7630004882813	193370.453125	425.25	202419.1875	43370.5	
851.0089721679688	140512.25	17953.	194626.09375	41697.91796875	
852.2550048828125	150418.171875	341.6666564941406	97879.0859375	42516.5	
853.5009765625	214361.8125	341.75	397483.34375	42340.91796875	
854.7470092773438	53701.26953125	175.	152091.96875	42157.33203125	
855.9929809570313	37670.41796875	108.3333358764648	70082.390625	41246.33203125	
857.239013671875	31100.083984375	216.6666717529297	28708.5	42432.16796875	
858.4849853515625	41512.5	391.9166564941406	393252.03125	42031.66796875	
859.7310180664063	15081.5830078125	208.3333282470703	10897.8330078125	41270.41796875	
860.9769897460938	18069.583984375	216.6666717529297	37147.72265625	42392.5	
862.2230224609375	14243.9169921875	183.3333282470703	16010.4169921875	42182.16796875	
863.468994140625	7517.83349609375	158.3333282470703	4947.58349609375	41630.41796875	
864.7150268554688	6676.08349609375	166.6666717529297	6141.66650390625	41948.33203125	
865.9609985351563	3061.	233.3333282470703	3870.666748046875	41539.	
867.2069702148438	2852.666748046875	216.6666717529297	2735.666748046875	40660.91796875	
868.4530029296875	4988.83349609375	100.	2810.833251953125	43394.41796875	
869.698974609375	13254.3330078125	200.	2786.	41722.5	
870.9450073242188	3394.916748046875	91.66666412353516	2385.5	41780.91796875	
872.1909790039063	8544.5830078125	133.3333282470703	2143.333251953125	40727.33203125	
873.43701171875	3136.333251953125	175.	2168.416748046875	41296.16796875	
874.6829833984375	2201.75	133.3333282470703	2060.	41137.75	
875.9290161132813	2210.25	141.6666717529297	2160.166748046875	41898.91796875	
877.1749877929688	3219.75	216.75	6387.5	41571.75	
878.4210205078125	2285.25	216.75	4221.58349609375	41538.25	
879.666015625	2518.916748046875	233.4166717529297	4313.66650390625	42918.58203125	
880.9119873046875	2352.083251953125	191.6666717529297	4814.	42992.66796875	
882.1580200195313	2644.	225.	2794.	41388.16796875	
883.4039916992188	4572.5	241.6666717529297	2802.833251953125	41303.91796875	
884.6500244140625	2318.416748046875	150.	3211.416748046875	41153.58203125	
885.89599609375	3420.166748046875	175.	2051.583251953125	42893.	
887.1420288085938	4757.	683.8333129882813	2310.25	40000.	
888.3880004882813	3729.083251953125	200.	142758.015625	41772.58203125	
889.6339721679688	2810.833251953125	175.	2026.666625976563	42014.66796875	
890.8800048828125	1934.916625976563	158.3333282470703	4388.33349609375	41413.66796875	
892.1259765625	2235.166748046875	166.6666717529297	2101.75	42233.	
893.3720092773438	2310.333251953125	191.6666717529297	2093.333251953125	41688.5	
894.6179809570313	2160.166748046875	283.3333435058594	2126.833251953125	42558.25	
895.864013671875	2276.833251953125	125.	2226.583251953125	39825.08203125	
897.1099853515625	2110.083251953125	166.6666717529297	2268.666748046875	40619.16796875	
898.3560180664063	2569.	141.6666717529297	4672.66650390625	40927.58203125	
899.6019897460938	4479.83349609375	158.3333282470703	5974.16650390625	40501.5	
900.8480224609375	5105.41650390625	208.3333282470703	6457.91650390625	41204.58203125	
902.093994140625	6749.58349609375	216.6666717529297	4930.41650390625	42711.	
903.3400268554688	3061.083251953125	667.1666870117188	3536.916748046875	42332.91796875	
904.5859985351563	4964.	100.	2977.833251953125	42517.08203125	
905.8319702148438	3728.583251953125	175.0833282470703	2819.083251953125	40025.58203125	
907.0780029296875	3536.75	208.3333282470703	3662.	41730.83203125	
908.323974609375	2744.083251953125	216.6666717529297	2885.833251953125	41537.91796875	
909.5700073242188	3128.	158.3333282470703	2710.75	43161.33203125	
910.8159790039063	2727.416748046875	166.6666717529297	6393.25	42165.75	
912.06201171875	2335.416748046875	258.3333435058594	4146.25	41429.5	
913.3079833984375	3536.833251953125	83.33333587646484	2610.583251953125	41120.08203125	
914.5540161132813	2518.833251953125	150.	2844.25	41622.75	
915.7999877929688	2552.333251953125	150.	3612.166748046875	40936.58203125	
917.0460205078125	2468.916748046875	200.	2460.583251953125	42808.58203125	
918.2919921875	5900.25	208.4166717529297	2293.666748046875	41538.16796875	
919.5380249023438	23185.583984375	150.	2677.416748046875	42458.33203125	
920.7839965820313	2126.833251953125	108.3333358764648	3578.833251953125	42216.08203125	
922.030029296875	122402.8671875	200.	2335.333251953125	40627.08203125	
923.2760009765625	4321.83349609375	133.3333282470703	3570.75	42834.83203125	
924.52197265625	12299.9169921875	1919.25	3344.916748046875	41588.25	
925.7680053710938	3987.5	150.	124888.3203125	41963.83203125	
927.0139770507813	16357.4169921875	175.	8597.9169921875	39865.41796875	
928.260009765625	7894.58349609375	266.75	73143.1171875	40886.08203125	
929.5059814453125	7350.41650390625	191.6666717529297	104791.1484375	42675.58203125	
930.7520141601563	15179.0830078125	17869.333984375	246827.671875	42415.41796875	
931.9979858398438	17197.333984375	183.3333282470703	48714.390625	41973.58203125	
933.2440185546875	220410.6875	175.	26215.083984375	41530.41796875	
934.489990234375	7426.25	250.	11819.0830078125	42257.16796875	
935.7360229492188	9822.5830078125	325.0833435058594	14595.25	44020.75	
936.9819946289063	57976.9453125	216.6666717529297	11545.5830078125	41797.58203125	
938.22802734375	4938.83349609375	183.3333282470703	5673.16650390625	41973.5	
939.4739990234375	9880.0830078125	158.3333282470703	8118.41650390625	42190.66796875	
940.719970703125	6820.41650390625	108.3333358764648	11726.75	41304.66796875	
941.9660034179688	3729.	183.3333282470703	3261.583251953125	39423.75	
943.2119750976563	5722.91650390625	233.3333282470703	31109.583984375	42827.	
944.4580078125	67105.0859375	1125.833374023438	102815.6640625	42583.5	
945.7039794921875	224414.109375	1609.583374023438	163664.3125	41898.	
946.9500122070313	625195.0625	2352.	1069261.25	42166.	
948.1959838867188	516324.8125	2376.916748046875	355952.71875	42057.33203125	
949.4420166015625	438661.5625	2076.666748046875	450241.	42893.83203125	
950.68798828125	453024.5	2293.583251953125	456152.96875	42918.16796875	
951.9340209960938	443385.84375	2335.333251953125	748216.375	42115.41796875	
953.1799926757813	420203.4375	1601.25	243458.09375	42793.58203125	
954.4249877929688	517134.3125	1459.5	165955.671875	43429.16796875	
955.6710205078125	317630.03125	1693.166625976563	280489.75	42006.91796875	
956.9169921875	175547.40625	750.4166870117188	126089.8671875	40309.25	
958.1630249023438	114825.6640625	667.	75296.6640625	40911.91796875	
959.4089965820313	109065.53125	350.0833435058594	80052.40625	40442.91796875	
960.655029296875	49985.91796875	358.3333435058594	73832.078125	40117.33203125	
961.9010009765625	58190.25	358.3333435058594	30262.75	40886.66796875	
963.14697265625	57130.33203125	408.3333435058594	14178.5	39890.75	
964.3930053710938	17341.5	341.75	42690.66796875	38713.25	
965.6389770507813	11272.9169921875	191.6666717529297	7625.83349609375	39732.66796875	
966.885009765625	11780.3330078125	341.75	7927.	37324.83203125	
968.1309814453125	13816.0830078125	133.3333282470703	5890.	39732.25	
969.3770141601563	4971.91650390625	233.3333282470703	4463.	40586.41796875	
970.6229858398438	3444.916748046875	200.	3269.75	41087.	
971.8690185546875	2952.833251953125	175.	6545.5	39523.41796875	
973.114990234375	3420.166748046875	200.	4480.25	38930.08203125	
974.3610229492188	3286.416748046875	158.3333282470703	2227.	40317.41796875	
975.6069946289063	2385.25	175.	2243.5	40142.41796875	
976.85302734375	3027.916748046875	250.	2377.166748046875	40292.91796875	
978.0989990234375	2393.666748046875	241.6666717529297	2210.333251953125	38955.66796875	
979.344970703125	2285.25	275.0833435058594	1868.083374023438	41713.83203125	
980.5910034179688	2418.833251953125	183.3333282470703	2201.75	40032.5	
981.8369750976563	2327.083251953125	175.	2268.666748046875	41262.58203125	
983.0830078125	2160.083251953125	150.	2310.166748046875	39415.41796875	
984.3289794921875	2210.166748046875	116.6666641235352	1984.916625976563	40827.58203125	
985.5750122070313	2260.083251953125	225.	2176.833251953125	41070.66796875	
986.8209838867188	2377.083251953125	141.6666717529297	2302.	39372.83203125	
988.0670166015625	2135.166748046875	100.	1993.25	40375.91796875	
989.31298828125	2285.416748046875	116.6666641235352	2151.833251953125	39264.25	
990.5590209960938	2610.666748046875	150.	1976.666625976563	40092.25	
991.8049926757813	2318.583251953125	183.3333282470703	2218.583251953125	39925.66796875	
993.051025390625	2343.583251953125	158.3333282470703	2226.833251953125	39966.58203125	
994.2969970703125	2360.333251953125	133.3333282470703	2360.416748046875	40501.41796875	
995.5430297851563	2135.083251953125	216.6666717529297	2176.666748046875	41487.5	
996.7890014648438	2335.333251953125	175.	2101.583251953125	38913.33203125	
