Trace for Mass:	Na23(LR)	Mg25(LR)	Cu63(LR)	Pb208(LR)
Resolution:	Low	Low	Low	Low
				
Time	Intensity	Intensity	Intensity	Intensity
[sec]	[cps]	[cps]	[cps]	[cps]

1.25	50363.5	1000.5	1184.	133.3333282470703	
2.497999906539917	52169.75	1250.75	1259.083374023438	116.6666641235352	
3.746000051498413	50112.5	875.5	1117.25	116.6666641235352	
4.99399995803833	50087.25	1076.	1476.	183.3333282470703	
6.243000030517578	49384.75	650.	1267.583374023438	141.6666717529297	
7.491000175476074	101477.75	825.5	2285.333251953125	141.6666717529297	
8.73900032043457	91883.	1801.25	5950.41650390625	275.	
9.987000465393066	167315.	775.25	3411.75	258.3333435058594	
11.23499965667725	450026.5625	1175.5	5465.16650390625	383.5	
12.48299980163574	110249.	2402.	2677.333251953125	208.3333282470703	
13.73099994659424	178420.96875	1901.25	3245.	191.6666717529297	
14.97900009155273	107444.5	1301.	2160.	183.3333282470703	
16.22699928283691	81572.5	1451.25	1634.583374023438	166.6666717529297	
17.47500038146973	112439.5	1626.	1918.25	183.3333282470703	
18.72299957275391	152180.5	3103.	2469.083251953125	125.	
19.97200012207031	217697.03125	1401.	2160.166748046875	1184.666625976563	
21.21999931335449	75018.25	1025.75	3187.	191.6666717529297	
22.46800041198731	157687.5	1175.5	3896.083251953125	166.6666717529297	
23.71599960327148	67909.25	1200.75	2076.75	166.6666717529297	
24.9640007019043	61431.	1200.75	2836.	108.3333358764648	
26.21199989318848	59397.25	1175.75	1776.333374023438	233.3333282470703	
27.45999908447266	76196.75	2051.75	2544.	141.6666717529297	
28.70800018310547	1261567.75	1225.75	4664.41650390625	141.6666717529297	
29.95599937438965	96754.75	1501.	1534.5	166.6666717529297	
31.20400047302246	68112.9375	1325.75	1617.916625976563	208.3333282470703	
32.45199966430664	94772.25	1325.75	2252.	141.6666717529297	
33.70100021362305	142776.09375	1250.75	1501.166625976563	141.6666717529297	
34.94900131225586	90275.5	950.75	1225.666625976563	91.66666412353516	
36.19699859619141	58769.75	1251.	1300.916625976563	108.3333358764648	
37.44499969482422	60928.5	1251.	1425.833374023438	116.6666641235352	
38.69300079345703	73384.	900.25	1375.916625976563	83.33333587646484	
39.94100189208984	655106.	2502.25	1801.5	191.6666717529297	
41.18899917602539	78186.25	1526.	1492.833374023438	83.33333587646484	
42.4370002746582	68761.	1426.25	1759.75	108.3333358764648	
43.68500137329102	98382.25	1526.	1459.333374023438	166.6666717529297	
44.93299865722656	75442.	1751.5	1534.416625976563	83.33333587646484	
46.18099975585938	96975.	1876.5	1567.833374023438	266.6666564941406	
47.43000030517578	63666.	1376.	1492.666625976563	141.6666717529297	
48.67800140380859	103824.9375	975.5	1234.166625976563	150.	
49.92599868774414	67857.5	1075.5	1517.75	141.6666717529297	
51.17399978637695	64845.	1401.	1209.083374023438	150.	
52.42200088500977	65247.75	1125.5	1209.	208.3333282470703	
53.66999816894531	66528.25	1926.5	1584.416625976563	158.3333282470703	
54.91799926757813	60652.5	1025.5	1375.916625976563	183.3333282470703	
56.16600036621094	97970.75	975.5	1250.833374023438	175.	
57.41400146484375	287851.59375	1876.5	1125.833374023438	108.3333358764648	
58.6619987487793	111141.	4104.25	1242.583374023438	158.3333282470703	
59.90999984741211	66026.25	1125.75	1592.833374023438	191.6666717529297	
61.15900039672852	67257.5	1326.	1442.666625976563	208.3333282470703	
62.40700149536133	100951.5	1201.	1075.583374023438	208.3333282470703	
63.65499877929688	93196.25	975.5	1175.666625976563	166.6666717529297	
64.90299987792969	89979.25	1376.	1075.666625976563	258.3333435058594	
66.1510009765625	62208.75	1351.25	1125.75	208.3333282470703	
67.39900207519531	90318.5	1200.75	1000.5	191.6666717529297	
68.64700317382813	294270.25	2577.25	1075.833374023438	125.	
69.89499664306641	108367.75	1100.5	1275.833374023438	125.	
71.14299774169922	67962.25	4004.25	1292.416625976563	100.	
72.39099884033203	62335.5	1275.5	1276.	141.6666717529297	
73.63899993896484	108162.5	1200.75	1192.416625976563	158.3333282470703	
74.88800048828125	108427.5	1050.5	1284.166625976563	116.6666641235352	
76.13600158691406	117073.5	2777.5	1209.083374023438	150.	
77.38400268554688	298036.5625	1050.25	1084.	133.3333282470703	
78.63200378417969	100236.	2352.	1125.75	175.	
79.87999725341797	81930.5	1276.	1075.583374023438	125.	
81.12799835205078	215111.375	2127.	1134.	108.3333358764648	
82.37599945068359	69641.25	1150.75	958.8333129882813	166.6666717529297	
83.62400054931641	104867.	1376.	1067.333374023438	183.3333282470703	
84.87200164794922	164906.8125	1200.75	1434.416625976563	116.6666641235352	
86.12000274658203	203555.5625	1050.75	1184.25	200.	
87.36799621582031	87739.75	1175.75	1442.666625976563	316.6666564941406	
88.61599731445313	79293.	1351.	1209.	108.3333358764648	
89.86499786376953	89711.1875	1075.75	1000.5	191.6666717529297	
91.11299896240234	70521.5	1075.5	1217.583374023438	158.3333282470703	
92.36100006103516	65250.5	875.75	1217.416625976563	225.	
93.60900115966797	65070.25	1726.5	1192.416625976563	166.6666717529297	
94.85700225830078	67657.	1876.5	1234.166625976563	141.6666717529297	
96.10500335693359	74390.75	2427.25	1200.75	200.	
97.35299682617188	107675.	1551.	1317.583374023438	141.6666717529297	
98.60099792480469	57113.75	1150.75	1551.25	125.	
99.8489990234375	77176.5	1325.75	1200.833374023438	158.3333282470703	
101.0970001220703	89366.75	2352.	1225.666625976563	141.6666717529297	
102.3450012207031	90429.25	1976.75	1075.583374023438	658.6666870117188	
103.5940017700195	75195.25	1726.25	1417.583374023438	175.	
104.8420028686523	67407.25	1150.75	1058.916625976563	150.	
106.0899963378906	176047.9375	1125.75	1417.75	108.3333358764648	
107.3379974365234	61179.5	1150.75	1300.833374023438	175.	
108.5859985351563	69069.	2978.	1167.333374023438	158.3333282470703	
109.8339996337891	69338.75	1350.75	1167.333374023438	83.33333587646484	
111.0820007324219	59424.25	1025.5	1100.583374023438	191.6666717529297	
112.3300018310547	78778.09375	975.75	1359.25	191.6666717529297	
113.5780029296875	76246.5	1276.	1217.416625976563	158.3333282470703	
114.8259963989258	70421.75	1250.75	1167.25	291.6666564941406	
116.0739974975586	262913.9375	45912.5	2327.083251953125	3278.166748046875	
117.322998046875	5242653.	336653.375	11089.6669921875	10054.1669921875	
118.5709991455078	1584191.	627632.	14970.3330078125	14537.0830078125	
119.8190002441406	2206398.75	1008789.625	22755.416015625	15062.3330078125	
121.0670013427734	1936901.125	806678.25	18920.	20107.166015625	
122.3150024414063	2812496.25	836209.875	17384.416015625	15631.1669921875	
123.5630035400391	1799240.25	984545.375	22217.666015625	11631.75	
124.8109970092773	1410234.75	611492.875	20838.666015625	11966.25	
126.0589981079102	1624354.625	375598.	12475.0830078125	7183.5	
127.306999206543	1149474.5	350053.	8668.5830078125	5822.91650390625	
128.5549926757813	1011652.625	217654.	9955.5	6532.83349609375	
129.8029937744141	1109297.375	361614.	6891.66650390625	3737.083251953125	
131.052001953125	685785.25	129455.5	5189.08349609375	5264.66650390625	
132.3000030517578	672118.375	202275.	4488.25	3570.833251953125	
133.5480041503906	359717.125	87056.5	2927.833251953125	1851.5	
134.7960052490234	814915.375	100049.25	2719.	1200.833374023438	
136.0440063476563	331952.34375	42212.	4397.08349609375	825.4166870117188	
137.2920074462891	402858.0625	45674.5	2293.583251953125	750.3333129882813	
138.5399932861328	199391.	20456.	2427.083251953125	741.9166870117188	
139.7879943847656	394387.84375	26447.25	2226.833251953125	466.75	
141.0359954833984	192800.	28780.	1751.333374023438	500.	
142.2839965820313	900006.375	54381.	2660.75	441.8333435058594	
143.5319976806641	209493.	9987.25	1884.75	283.3333435058594	
144.781005859375	306643.	9361.75	1692.75	241.6666717529297	
146.0290069580078	139109.	8384.5	1693.	150.	
147.2769927978516	211394.5	12593.25	1451.083374023438	233.3333282470703	
148.5249938964844	186260.5	7533.5	1717.916625976563	283.3333435058594	
149.7729949951172	192356.	7934.5	1384.333374023438	283.3333435058594	
151.02099609375	126431.	3728.5	1734.666625976563	350.0833435058594	
152.2689971923828	218044.421875	10314.75	1384.25	225.	
153.5169982910156	200848.	8034.	1317.416625976563	350.0833435058594	
154.7649993896484	192021.5	7583.25	1275.75	383.3333435058594	
156.0130004882813	220628.8125	7608.75	1559.416625976563	416.75	
157.2610015869141	189512.	10663.25	1509.416625976563	375.	
158.5099945068359	140750.	16824.25	1351.	350.	
159.7579956054688	137753.	16448.75	1776.416625976563	366.6666564941406	
161.0059967041016	153354.	6933.	1667.833374023438	466.75	
162.2539978027344	187301.40625	9536.5	1542.833374023438	216.6666717529297	
163.5019989013672	107272.5	6181.75	1325.916625976563	250.	
164.75	124516.5	3828.75	1617.666625976563	233.3333282470703	
165.9980010986328	505143.875	4779.75	1476.	325.	
167.2460021972656	119380.5	69378.1875	1509.333374023438	250.	
168.4940032958984	183828.	5180.5	1326.	175.	
169.7420043945313	518756.8125	2627.25	1618.	91.66666412353516	
170.9900054931641	461785.53125	2326.75	1459.416625976563	208.3333282470703	
172.2380065917969	125562.5	16454.75	1442.833374023438	191.75	
173.4869995117188	105689.5	7835.	1425.916625976563	400.0833435058594	
174.7350006103516	133926.	2276.75	1542.833374023438	225.	
175.9830017089844	107708.	3553.5	2819.666748046875	316.75	
177.2310028076172	424274.15625	6081.5	1551.083374023438	400.1666564941406	
178.47900390625	165759.5	9236.	2460.583251953125	383.3333435058594	
179.7270050048828	216365.921875	275289.65625	2769.416748046875	516.75	
180.9750061035156	1268049.625	25722.25	1617.75	441.6666564941406	
182.2230072021484	134436.	88218.609375	1718.	600.1666870117188	
183.4709930419922	224941.40625	17652.	1634.5	1150.833374023438	
184.718994140625	230048.34375	20967.5	6201.83349609375	1200.916625976563	
185.9669952392578	111156.5	11489.75	1476.083374023438	308.3333435058594	
187.2160034179688	334839.40625	7508.25	4114.25	475.0833435058594	
188.4640045166016	127535.	29109.25	1659.416625976563	275.	
189.7120056152344	177156.09375	14499.5	2043.25	333.3333435058594	
190.9600067138672	228309.53125	14700.	2953.	400.0833435058594	
192.2079925537109	175093.3125	4654.75	1718.083374023438	275.	
193.4559936523438	210464.46875	11090.5	1801.416625976563	358.4166564941406	
194.7039947509766	93009.5	72462.5	1734.666625976563	275.	
195.9519958496094	101560.	6407.	1659.5	2495.416748046875	
197.1999969482422	120785.5	9513.5	1467.666625976563	1259.5	
198.447998046875	228757.3125	12496.5	1626.166625976563	175.	
199.6959991455078	120346.	1876.5	1567.75	300.	
200.9450073242188	408456.09375	1526.25	1559.5	225.	
202.1929931640625	136519.5	1776.5	1559.416625976563	225.	
203.4409942626953	271148.375	17076.25	1517.75	275.	
204.6889953613281	122061.5	2952.75	1359.25	233.3333282470703	
205.9369964599609	103573.5	4354.5	1476.083374023438	425.0833435058594	
207.1849975585938	125021.5	5981.25	1484.333374023438	366.6666564941406	
208.4329986572266	94567.	29019.75	1859.833374023438	350.	
209.6809997558594	119827.625	11665.	1492.666625976563	516.6666870117188	
210.9290008544922	115108.	7784.	1684.666625976563	266.6666564941406	
212.177001953125	102490.	11942.	1801.416625976563	742.	
213.4250030517578	109064.515625	9361.75	1959.833374023438	341.6666564941406	
214.6739959716797	142345.5	9461.25	1985.083374023438	241.6666717529297	
215.9219970703125	258617.90625	7433.5	2402.166748046875	250.	
217.1699981689453	116661.	9036.5	1776.5	208.3333282470703	
218.4179992675781	106423.	6231.75	1709.75	208.3333282470703	
219.6660003662109	114952.5	3678.75	1701.333374023438	350.1666564941406	
220.9140014648438	121489.	6833.75	1567.75	133.3333282470703	
222.1620025634766	221525.03125	3828.75	1450.916625976563	233.3333282470703	
223.4100036621094	111736.	2527.25	1818.083374023438	200.	
224.6580047607422	225139.21875	3603.5	1617.666625976563	350.	
225.906005859375	323857.65625	8835.75	1776.416625976563	475.0833435058594	
227.1540069580078	271793.	16347.25	2944.416748046875	416.6666564941406	
228.4029998779297	223718.	23186.5	2569.083251953125	683.5833129882813	
229.6510009765625	255100.25	56403.	2577.333251953125	2886.833251953125	
230.8990020751953	303265.6875	32159.5	2110.083251953125	616.8333129882813	
232.1470031738281	179649.	19278.25	2518.75	833.6666870117188	
233.3950042724609	209982.	21232.5	2101.666748046875	1017.416687011719	
234.6430053710938	263650.78125	19829.75	3036.25	958.75	
235.8910064697266	291055.9375	52504.75	3453.333251953125	1350.833374023438	
237.1390075683594	230676.4375	31414.5	3795.25	1476.083374023438	
238.3869934082031	232463.	44926.25	3578.333251953125	1476.083374023438	
239.6349945068359	499182.4375	62317.5	3803.75	1083.916625976563	
240.8829956054688	297714.	33040.	3503.333251953125	1317.666625976563	
242.1320037841797	361150.71875	25693.5	3328.166748046875	1743.	
243.3800048828125	467972.0625	24540.5	7092.33349609375	800.4166870117188	
244.6280059814453	212461.	17675.5	3628.75	1225.75	
245.8760070800781	311936.	19255.	3169.75	1067.416625976563	
247.1239929199219	483735.3125	18828.75	4238.08349609375	692.	
248.3719940185547	397094.1875	16248.	4338.58349609375	1768.416625976563	
249.6199951171875	415839.0625	19188.75	4013.5	800.5	
250.8679962158203	295658.	7834.	3595.416748046875	491.8333435058594	
252.1159973144531	393203.125	6256.75	5324.91650390625	258.3333435058594	
253.3639984130859	965952.75	10064.	3095.	200.	
254.6119995117188	329274.4375	5280.5	2276.833251953125	700.4166870117188	
255.8600006103516	273775.	3303.	2560.75	383.3333435058594	
257.1090087890625	503619.25	2527.25	1651.25	191.6666717529297	
258.3569946289063	467252.9375	4755.25	2018.416625976563	483.5	
259.6050109863281	224930.421875	7984.5	2118.416748046875	616.9166870117188	
260.8529968261719	174731.	15500.	2810.916748046875	658.5833129882813	
262.1010131835938	175529.5	4379.25	1792.916625976563	425.1666564941406	
263.3489990234375	160569.	8536.25	2226.833251953125	466.8333435058594	
264.5969848632813	230428.21875	1181668.375	3695.5	341.75	
265.8450012207031	144781.640625	3778.75	2802.75	333.4166564941406	
267.0929870605469	166174.5	8610.75	5291.33349609375	358.5	
268.3410034179688	171709.	3903.75	1784.5	366.75	
269.5889892578125	278707.09375	3628.5	2627.5	350.0833435058594	
270.8380126953125	499856.5625	5180.75	2418.916748046875	333.3333435058594	
272.0859985351563	145082.	3403.25	2335.416748046875	250.	
273.3340148925781	150959.5	6607.5	5690.58349609375	250.	
274.5820007324219	184925.	7386.	1834.833374023438	125.	
275.8299865722656	203873.984375	950.5	2185.25	333.5	
277.0780029296875	198473.	2852.75	1642.916625976563	291.6666564941406	
278.3259887695313	183936.	1701.25	1759.583374023438	175.	
279.5740051269531	221359.09375	4504.75	1526.083374023438	175.	
280.8219909667969	143035.5	1851.25	1584.416625976563	225.	
282.0700073242188	319813.90625	1375.75	1392.583374023438	208.3333282470703	
283.3179931640625	162349.	1726.25	1793.	116.6666641235352	
284.5669860839844	135780.21875	2702.5	1759.583374023438	133.3333282470703	
285.8150024414063	152086.5	2502.	2377.	125.	
287.06298828125	207217.	3678.75	1559.5	216.6666717529297	
288.3110046386719	197030.5	1851.25	1976.416625976563	200.	
289.5589904785156	179925.	1976.5	1793.083374023438	258.3333435058594	
290.8070068359375	248319.	4755.25	1793.166625976563	266.75	
292.0549926757813	408613.4375	2176.5	2944.25	266.6666564941406	
293.3030090332031	196069.5	4555.25	1976.666625976563	200.	
294.5509948730469	231589.	37834.	1859.833374023438	158.3333282470703	
295.7990112304688	311796.9375	2702.25	2068.25	225.	
297.0469970703125	190985.5	2652.25	1534.25	158.3333282470703	
298.2959899902344	412294.0625	2827.5	1601.083374023438	225.	
299.5440063476563	276068.625	2276.75	2035.166625976563	383.5	
300.7919921875	156727.	1851.5	2168.416748046875	150.	
302.0400085449219	196984.1875	3528.5	1901.583374023438	300.	
303.2879943847656	179055.	3128.	2277.	875.75	
304.5360107421875	313845.6875	3078.	2218.333251953125	150.	
305.7839965820313	272289.625	3353.	1859.75	708.9166870117188	
307.0320129394531	152705.	3453.75	2452.083251953125	491.8333435058594	
308.2799987792969	280603.53125	1626.	1626.166625976563	525.1666870117188	
309.5280151367188	236347.40625	5931.75	2001.5	200.	
310.7760009765625	173664.	73457.390625	1918.166625976563	300.	
312.0249938964844	311257.25	2026.5	2043.166625976563	825.5833129882813	
313.2730102539063	207721.	4404.25	1926.5	558.6666870117188	
314.52099609375	374455.53125	3503.25	2018.416625976563	366.75	
315.7690124511719	409854.625	2302.	2502.333251953125	241.6666717529297	
317.0169982910156	330770.53125	2727.25	2610.666748046875	1777.166625976563	
318.2650146484375	703707.6875	3804.	2502.166748046875	1434.666625976563	
319.5130004882813	383212.1875	20957.	3820.416748046875	4188.66650390625	
320.760986328125	386598.	96329.25	5431.	1259.083374023438	
322.0090026855469	4351519.	113189.	7909.83349609375	4197.41650390625	
323.2569885253906	551754.5625	84693.	9871.8330078125	2176.75	
324.5050048828125	674265.	84865.5	8585.5	5181.	
325.7529907226563	777650.6875	67652.	9470.75	3252.916748046875	
327.0020141601563	859666.75	57126.75	8551.5830078125	3678.833251953125	
328.25	874772.25	62336.	10188.0830078125	3186.416748046875	
329.4979858398438	813619.3125	83526.75	11701.4169921875	2769.25	
330.7460021972656	494041.53125	183144.140625	14193.25	1601.25	
331.9939880371094	716004.0625	57681.5	50841.78515625	1667.916625976563	
333.2420043945313	476939.34375	51177.25	6073.41650390625	2026.833374023438	
334.489990234375	629936.625	97889.78125	6849.41650390625	1467.666625976563	
335.7380065917969	435892.90625	34940.5	24659.5	1209.083374023438	
336.9859924316406	628881.4375	31110.25	8460.4169921875	3378.75	
338.2340087890625	379865.25	177835.65625	10071.3330078125	3311.583251953125	
339.4819946289063	1144062.25	74295.25	8719.4169921875	2644.166748046875	
340.7309875488281	801640.	98120.75	8568.75	4296.33349609375	
341.97900390625	633470.	131671.96875	26707.75	9314.1669921875	
343.2269897460938	9150842.	103883.	8802.75	5457.75	
344.4750061035156	1928827.5	61674.25	9194.5830078125	6258.5	
345.7229919433594	792663.5	170805.90625	22730.5	7977.08349609375	
346.9710083007813	674544.375	44261.5	8193.75	2243.583251953125	
348.218994140625	1203177.75	21157.5	6106.91650390625	2577.416748046875	
349.4670104980469	317050.	26001.	5822.91650390625	3337.083251953125	
350.7149963378906	429230.6875	134943.625	4838.33349609375	1117.416625976563	
351.9630126953125	423185.875	58488.25	5748.	2802.75	
353.2109985351563	303010.	8460.25	3478.416748046875	3829.166748046875	
354.4599914550781	797005.	4830.	5255.83349609375	2093.583251953125	
355.7080078125	243765.	6557.5	3745.333251953125	842.0833129882813	
356.9559936523438	290559.	257831.015625	5999.16650390625	541.8333129882813	
358.2040100097656	211869.	3804.	9557.	1409.5	
359.4519958496094	194486.	3728.75	4179.83349609375	766.9166870117188	
360.7000122070313	488261.875	1425.75	3395.	1176.083374023438	
361.947998046875	423566.28125	4429.75	4079.083251953125	1584.75	
363.1960144042969	418071.90625	5080.25	2318.5	717.0833129882813	
364.4440002441406	244247.5	181626.6875	2735.75	675.3333129882813	
365.6919860839844	329844.59375	1876.5	4847.16650390625	1050.75	
366.9400024414063	213510.	1801.25	3795.5	600.1666870117188	
368.1889953613281	248758.	4780.5	2735.666748046875	1359.583374023438	
369.43701171875	754535.125	3053.	2468.833251953125	475.25	
370.6849975585938	296279.3125	2777.5	2477.083251953125	275.0833435058594	
371.9330139160156	642955.125	2051.5	3286.666748046875	725.3333129882813	
373.1809997558594	132733.	2877.75	3161.25	550.25	
374.4289855957031	466156.9375	2552.25	3837.75	558.5	
375.677001953125	204083.	3653.5	2852.583251953125	341.75	
376.9249877929688	1470933.375	3353.25	4429.75	416.75	
378.1730041503906	623123.875	4730.5	2227.	792.	
379.4209899902344	1275974.75	18644.75	4697.08349609375	717.	
380.6690063476563	209960.	2051.5	3361.666748046875	541.75	
381.9179992675781	277920.	2577.25	2377.166748046875	900.5833129882813	
383.1659851074219	254818.625	2276.75	3787.25	2352.166748046875	
384.4140014648438	203360.	10092.5	2744.333251953125	900.5	
385.6619873046875	193606.	2176.75	2160.25	1134.083374023438	
386.9100036621094	455456.1875	2552.25	4739.16650390625	516.8333129882813	
388.1579895019531	639239.75	155891.71875	5047.16650390625	575.0833129882813	
389.406005859375	469663.59375	33286.25	5639.58349609375	3069.916748046875	
390.6539916992188	989024.25	242200.	10709.0830078125	4404.41650390625	
391.9020080566406	888521.5	390150.	10647.1669921875	7291.75	
393.1499938964844	943310.5	781571.	12316.25	7008.08349609375	
394.3980102539063	1008446.1875	509426.5	11657.8330078125	9188.3330078125	
395.6470031738281	1135570.375	4328903.	10880.9169921875	7242.83349609375	
396.8949890136719	1297185.25	397118.59375	9010.8330078125	6015.25	
398.1430053710938	1225451.75	363003.8125	18697.083984375	5405.83349609375	
399.3909912109375	830249.375	202506.	6607.41650390625	3895.416748046875	
400.6390075683594	912578.0625	199086.	6866.33349609375	46450.26953125	
401.8869934082031	565916.875	155615.	8151.66650390625	2577.166748046875	
403.135009765625	929208.6875	96614.5	5030.25	3370.25	
404.3829956054688	1231165.	114223.	3027.833251953125	1734.833374023438	
405.6310119628906	308055.	52423.75	3778.833251953125	1909.916625976563	
406.8789978027344	384090.6875	38027.5	3678.75	1517.75	
408.1270141601563	394870.59375	33837.25	2877.583251953125	1559.5	
409.375	223538.8125	28476.	3102.833251953125	1276.	
410.6239929199219	290936.21875	36905.75	2185.166748046875	925.5833129882813	
411.8720092773438	408554.40625	41328.25	2101.75	583.4166870117188	
413.1199951171875	441034.9375	9712.25	3077.916748046875	658.6666870117188	
414.3680114746094	513449.8125	8034.25	3311.666748046875	2711.5	
415.6159973144531	468298.09375	20011.5	3169.666748046875	1008.916687011719	
416.864013671875	541846.	8109.25	3203.083251953125	1225.916625976563	
418.1119995117188	251491.34375	13320.	2978.166748046875	2302.333251953125	
419.3599853515625	645433.4375	13321.25	2126.75	750.5	
420.6080017089844	818906.3125	3428.25	2101.75	942.4166870117188	
421.8559875488281	214161.96875	19445.	3678.666748046875	483.5833435058594	
423.10400390625	166508.5	8760.5	3511.75	758.75	
424.3529968261719	151626.	7961.	2493.833251953125	458.5	
425.6010131835938	310365.3125	6557.75	2502.166748046875	825.4166870117188	
426.8489990234375	253713.359375	2977.5	3403.5	391.75	
428.0969848632813	162196.375	4154.	2226.916748046875	758.75	
429.3450012207031	635785.875	4880.	2994.416748046875	558.5	
430.5929870605469	313363.	5431.	3670.25	800.5	
431.8410034179688	677735.25	2727.75	2861.	2235.916748046875	
433.0889892578125	3127313.	3528.25	3153.416748046875	2119.333251953125	
434.3370056152344	1152245.25	6508.25	2594.	975.8333129882813	
435.5849914550781	391896.3125	2652.25	2836.166748046875	6012.25	
436.8330078125	2150798.75	5481.25	5381.58349609375	825.5833129882813	
438.0820007324219	1399708.125	7359.	4112.58349609375	858.8333129882813	
439.3299865722656	260450.	4705.	2752.416748046875	900.5	
440.5780029296875	380272.71875	13971.25	3795.583251953125	842.0833129882813	
441.8259887695313	322267.	19934.5	7819.41650390625	2377.416748046875	
443.0740051269531	254267.125	14620.5	6458.75	1492.75	
444.3219909667969	1588968.875	21810.5	5381.25	1284.25	
445.5700073242188	1278458.5	363773.75	6349.5	3194.666748046875	
446.8179931640625	1113181.875	57011.75	16559.75	30327.935546875	
448.0660095214844	674007.25	37636.5	13545.4169921875	6601.	
449.3139953613281	490223.09375	73828.25	13068.8330078125	4646.75	
450.56201171875	702146.9375	970330.9375	8009.75	1776.333374023438	
451.8110046386719	894120.875	41189.75	7743.58349609375	1951.833374023438	
453.0589904785156	693151.0625	83121.75	7026.25	1350.916625976563	
454.3070068359375	457512.3125	38251.5	6082.08349609375	2302.583251953125	
455.5549926757813	848239.25	26470.25	2894.333251953125	1009.	
456.8030090332031	320256.40625	15270.75	7342.25	717.	
458.0509948730469	2081558.875	114714.0625	11779.5	842.0833129882813	
459.2990112304688	551852.6875	16525.09375	4337.91650390625	1042.25	
460.5469970703125	373244.03125	24898.5	4162.5	2394.166748046875	
461.7950134277344	565318.	8084.25	11532.	767.	
463.0429992675781	314464.71875	12694.	49284.01171875	1710.	
464.2909851074219	170299.	15798.5	8144.83349609375	833.6666870117188	
465.5400085449219	416047.53125	30573.75	6064.91650390625	1075.583374023438	
466.7879943847656	907720.1875	16685.5	5915.08349609375	1526.166625976563	
468.0360107421875	769137.	5981.5	4788.66650390625	767.1666870117188	
469.2839965820313	244508.0625	2702.5	4062.5	975.75	
470.5320129394531	182667.	15934.	5782.66650390625	450.0833435058594	
471.7799987792969	300620.	2552.25	6375.66650390625	466.8333435058594	
473.0280151367188	765012.75	1876.5	4054.833251953125	1584.833374023438	
474.2760009765625	224716.125	2276.75	2652.416748046875	425.0833435058594	
475.5239868164063	1607559.875	4304.25	3111.25	533.5833129882813	
476.7720031738281	234655.921875	27369.5	4547.08349609375	5576.75	
478.0199890136719	332579.9375	2076.75	5307.08349609375	825.4166870117188	
479.2680053710938	637536.625	2877.75	3987.333251953125	2218.75	
480.5169982910156	264213.5	3328.25	6825.83349609375	1526.166625976563	
481.7650146484375	412972.4375	2852.5	6716.75	600.1666870117188	
483.0130004882813	158656.8125	3828.75	3737.083251953125	1893.333374023438	
484.260986328125	206303.359375	4704.5	4955.25	1125.75	
485.5090026855469	228278.	2377.	7459.41650390625	1326.	
486.7569885253906	1786461.125	7108.5	6150.25	2210.333251953125	
488.0050048828125	227449.	3003.	3854.083251953125	2819.916748046875	
489.2529907226563	475707.5625	2051.5	4955.5	725.3333129882813	
490.5010070800781	1895347.25	15503.75	5188.91650390625	850.4166870117188	
491.7489929199219	698588.5625	6558.5	4029.416748046875	725.25	
492.9970092773438	179962.5	2752.5	6920.25	516.8333129882813	
494.2460021972656	246001.	4154.25	5122.66650390625	458.4166564941406	
495.4939880371094	174548.015625	4154.	5247.41650390625	708.5833129882813	
496.7420043945313	240394.	1976.5	6916.66650390625	1976.833374023438	
497.989990234375	365673.8125	2977.75	6676.	717.0833129882813	
499.2380065917969	5102369.	12796.5	6541.25	2185.5	
500.4859924316406	208671.15625	3929.	4154.16650390625	950.5833129882813	
501.7340087890625	398660.4375	3253.	5524.	500.0833435058594	
502.9819946289063	263641.5625	3077.75	12287.8330078125	625.1666870117188	
504.2300109863281	1163178.75	2577.25	7720.5	416.6666564941406	
505.4779968261719	359071.6875	1200.75	4271.33349609375	1242.666625976563	
506.7260131835938	175262.	1601.25	2894.333251953125	508.5	
507.9750061035156	368546.65625	2076.5	2677.333251953125	408.4166564941406	
509.2229919433594	449199.46875	2276.75	2593.916748046875	333.3333435058594	
510.4710083007813	224730.5	3353.25	4396.33349609375	466.8333435058594	
511.718994140625	570511.625	17332.25	3053.	491.8333435058594	
512.9669799804688	163729.	6332.	4213.08349609375	358.3333435058594	
514.2150268554688	504906.53125	9662.	2360.25	533.5833129882813	
515.4630126953125	175027.984375	5105.5	3186.25	458.5	
516.7109985351563	263099.0625	8111.25	5449.66650390625	808.75	
517.958984375	268523.	4504.5	3353.416748046875	350.	
519.2069702148438	787829.125	3378.25	1926.583374023438	533.3333129882813	
520.4550170898438	216715.359375	3653.5	1809.583374023438	525.25	
521.7039794921875	189727.5	2452.	1668.083374023438	583.5833129882813	
522.9520263671875	241279.859375	5481.25	2977.833251953125	575.25	
524.2000122070313	402753.	4980.25	2251.833251953125	491.8333435058594	
525.447998046875	295322.40625	6207.	2618.916748046875	483.5	
526.6959838867188	219601.	19960.	3754.	616.9166870117188	
527.9439697265625	237525.	10338.	3136.25	716.9166870117188	
529.1920166015625	172315.59375	9888.25	4012.416748046875	1676.5	
530.4400024414063	276843.1875	5380.75	4095.666748046875	617.	
531.68798828125	336795.0625	7384.5	2752.5	358.4166564941406	
532.9359741210938	287494.96875	12467.	3144.75	858.8333129882813	
534.1840209960938	297179.15625	28661.25	6769.91650390625	975.5	
535.4329833984375	571302.875	17901.25	14170.3330078125	608.4166870117188	
536.6810302734375	260597.140625	26904.	3762.	600.0833129882813	
537.9290161132813	236943.5625	7734.25	2894.333251953125	992.4166870117188	
539.177001953125	272440.78125	10638.75	3194.75	1367.666625976563	
540.4249877929688	560855.8125	15174.25	3728.666748046875	1050.583374023438	
541.6729736328125	236323.5	14272.25	16700.166015625	3129.833251953125	
542.9210205078125	304266.3125	4204.25	2485.5	358.3333435058594	
544.1690063476563	472657.75	11040.	3662.166748046875	450.1666564941406	
545.4169921875	177064.	4579.5	3679.083251953125	316.6666564941406	
546.6649780273438	272711.6875	13347.	2927.75	533.5	
547.9130249023438	187602.	2477.	2051.75	366.6666564941406	
549.1610107421875	199028.09375	6108.	2110.166748046875	400.1666564941406	
550.4099731445313	92765.	3804.	1843.083374023438	466.8333435058594	
551.6580200195313	189487.5	7183.5	1776.166625976563	516.8333129882813	
552.906005859375	183511.	10939.5	2535.666748046875	608.5833129882813	
554.1539916992188	114857.	117514.28125	1943.083374023438	1184.333374023438	
555.4019775390625	223221.5	13819.25	1826.416625976563	591.9166870117188	
556.6500244140625	240627.03125	16222.5	2335.333251953125	658.5833129882813	
557.8980102539063	122404.5	30386.25	2652.25	1968.333374023438	
559.14599609375	611420.5625	45264.	2293.583251953125	1209.166625976563	
560.3939819335938	231242.8125	45421.75	3202.916748046875	1417.75	
561.6420288085938	252244.875	28527.75	3353.333251953125	1000.416687011719	
562.8900146484375	158766.671875	19579.75	2802.416748046875	1259.083374023438	
564.1389770507813	1071383.375	79133.25	4671.58349609375	4855.75	
565.3870239257813	1221325.25	165247.	6999.58349609375	4805.33349609375	
566.635009765625	1283006.	405432.	10572.5830078125	4905.16650390625	
567.8829956054688	1360908.25	307936.	10780.3330078125	5572.66650390625	
569.1309814453125	1447300.25	310918.	14557.	6056.83349609375	
570.3790283203125	1231756.375	364407.	13310.9169921875	6825.83349609375	
571.6270141601563	2231154.25	269329.4375	15240.1669921875	3244.75	
572.875	880596.9375	226602.	10094.8330078125	2527.25	
574.1229858398438	575078.625	136732.	6398.83349609375	2485.416748046875	
575.3709716796875	464193.25	117782.5	5647.75	1817.916625976563	
576.6190185546875	657308.8125	101054.5	3728.75	2377.166748046875	
577.8679809570313	927539.375	90212.25	4413.41650390625	1401.083374023438	
579.1160278320313	409823.625	60125.	4379.66650390625	1250.75	
580.364013671875	617082.375	24015.	3720.25	867.0833129882813	
581.6119995117188	182849.359375	33136.5	3620.25	1250.75	
582.8599853515625	407888.40625	55923.65234375	2702.416748046875	658.5	
584.1079711914063	338486.625	7633.75	3219.833251953125	366.75	
585.3560180664063	383859.59375	11340.	2402.083251953125	617.	
586.60400390625	144962.5	3728.75	2452.083251953125	433.4166564941406	
587.8519897460938	366309.15625	6031.5	3111.333251953125	433.5	
589.0999755859375	248187.6875	4579.5	2477.25	441.75	
590.3480224609375	626236.75	2201.75	2051.666748046875	1301.083374023438	
591.5969848632813	146406.015625	2026.75	2218.416748046875	1276.166625976563	
592.844970703125	175216.828125	2452.	2193.5	633.75	
594.093017578125	134385.0625	3253.25	3036.416748046875	717.0833129882813	
595.3410034179688	175177.	2277.25	1542.833374023438	700.4166870117188	
596.5889892578125	101967.5	1551.	2160.166748046875	458.4166564941406	
597.8369750976563	236837.421875	1451.	1567.833374023438	333.3333435058594	
599.0850219726563	261992.0625	1276.	1801.25	225.	
600.3330078125	128828.	3628.75	1868.083374023438	483.5	
601.5809936523438	604567.25	1601.25	2260.416748046875	300.	
602.8289794921875	241233.578125	1801.25	1634.5	341.6666564941406	
604.0770263671875	643555.75	1475.75	1709.666625976563	316.6666564941406	
605.3259887695313	279443.	1876.25	2602.5	316.8333435058594	
606.573974609375	629386.25	3778.75	1818.	708.6666870117188	
607.822021484375	195507.	276774.75	1751.333374023438	375.0833435058594	
609.0700073242188	148437.21875	1726.25	1876.416625976563	191.6666717529297	
610.3179931640625	249283.40625	1426.	2118.416748046875	300.	
611.5659790039063	825508.5	2552.5	1901.416625976563	283.4166564941406	
612.8140258789063	177032.171875	1351.	2068.333251953125	425.0833435058594	
614.06201171875	556397.875	4279.75	1834.833374023438	458.4166564941406	
615.3099975585938	200294.	3478.25	2544.083251953125	216.6666717529297	
616.5579833984375	249947.71875	1401.	3687.166748046875	300.	
617.8060302734375	257883.875	1851.5	1918.25	225.	
619.0549926757813	1703195.875	2351.75	1851.333374023438	466.75	
620.302978515625	420596.25	6733.25	2802.75	458.4166564941406	
621.551025390625	1432304.125	2001.75	1042.166625976563	216.6666717529297	
622.7990112304688	181338.	1826.25	1726.333374023438	250.	
624.0469970703125	212405.96875	3078.	2260.25	233.3333282470703	
625.2949829101563	390688.625	2652.5	2552.416748046875	241.6666717529297	
626.5430297851563	468513.03125	1851.25	2035.083374023438	942.4166870117188	
627.791015625	178807.5	2627.25	2777.5	683.75	
629.0390014648438	112410.5	3954.25	2143.5	333.4166564941406	
630.2869873046875	180257.	6407.5	1851.25	2428.	
631.5349731445313	106682.5	9713.5	2168.5	400.0833435058594	
632.7830200195313	83960.703125	1025.5	2101.916748046875	867.1666870117188	
634.031982421875	129894.890625	5782.	1934.916625976563	1417.833374023438	
635.280029296875	747387.875	1426.	2143.416748046875	308.4166564941406	
636.5280151367188	518926.84375	1325.75	2043.333374023438	466.8333435058594	
637.7760009765625	221075.75	1201.	4381.5	800.4166870117188	
639.0239868164063	125534.5	1401.	1926.5	250.	
640.27197265625	219995.8125	2777.5	1834.75	366.75	
641.52001953125	754282.0625	1576.	1851.416625976563	1635.416625976563	
642.7680053710938	533481.8125	4729.75	1726.25	366.75	
644.0159912109375	99121.5	2001.75	1592.916625976563	825.6666870117188	
645.2639770507813	2002535.25	2502.25	1684.666625976563	458.6666564941406	
646.5120239257813	92861.5	30480.75	1901.5	350.0833435058594	
647.760986328125	181931.96875	2802.5	1651.416625976563	1092.5	
649.0089721679688	163391.640625	7712.	2343.583251953125	191.6666717529297	
650.2570190429688	124014.5	1050.5	2243.583251953125	1434.583374023438	
651.5050048828125	258294.765625	1376.	2535.916748046875	383.4166564941406	
652.7529907226563	296036.90625	1300.75	2594.083251953125	1401.25	
654.0009765625	88623.5	1651.5	3019.5	308.4166564941406	
655.2490234375	161048.4375	1901.25	2343.916748046875	675.3333129882813	
656.4970092773438	107694.5	2001.5	1943.416625976563	500.1666564941406	
657.7449951171875	75619.	1801.25	1659.583374023438	867.0833129882813	
658.9929809570313	162546.5	2001.75	2402.083251953125	341.6666564941406	
660.2410278320313	125089.5	6559.	2343.833251953125	542.	
661.489990234375	95847.	1200.75	1467.583374023438	416.75	
662.7379760742188	167578.5	3753.75	2118.333251953125	617.	
663.9860229492188	108942.5	2352.	1542.666625976563	700.25	
665.2340087890625	498121.15625	1626.25	2352.083251953125	433.3333435058594	
666.4819946289063	278401.90625	1476.	2293.583251953125	1034.166625976563	
667.72998046875	143167.5	1801.25	2418.833251953125	250.	
668.97802734375	120642.8046875	2251.75	2635.666748046875	425.1666564941406	
670.2260131835938	7022376.	2201.75	3078.	300.0833435058594	
671.4739990234375	92784.	3052.75	19297.916015625	383.3333435058594	
672.7219848632813	268239.09375	2176.75	2293.75	708.75	
673.969970703125	465413.	108571.9375	2819.333251953125	2427.583251953125	
675.218994140625	865936.8125	27298.25	5239.91650390625	1175.833374023438	
676.4669799804688	5107632.5	33166.25	3545.166748046875	2636.166748046875	
677.7150268554688	449032.6875	64118.5	4046.25	975.5	
678.9630126953125	436276.71875	24017.75	2886.166748046875	1092.25	
680.2109985351563	1074664.25	557936.5	3386.666748046875	992.4166870117188	
681.458984375	554515.	74240.75	2543.833251953125	900.5833129882813	
682.7069702148438	176183.5	14750.	8146.66650390625	8192.0830078125	
683.9550170898438	221727.	3553.5	1918.083374023438	767.0833129882813	
685.2030029296875	852570.5	8361.75	2969.75	233.3333282470703	
686.4509887695313	250221.875	19419.5	1459.333374023438	350.	
687.698974609375	108129.	30618.5	1317.583374023438	325.1666564941406	
688.947998046875	82915.	1400.75	1567.833374023438	591.9166870117188	
690.1959838867188	523968.96875	2977.5	1676.166625976563	308.4166564941406	
691.4439697265625	189719.	2727.5	2535.583251953125	241.75	
692.6920166015625	83615.75	2527.25	1467.75	458.5	
693.9400024414063	558307.6875	4780.25	8162.41650390625	675.4166870117188	
695.18798828125	707080.6875	1776.25	1776.416625976563	541.8333129882813	
696.4359741210938	109318.5	2552.25	1909.833374023438	758.75	
697.6840209960938	166311.	3453.25	2527.25	425.	
698.9320068359375	97746.5	31914.	2035.166625976563	1084.083374023438	
700.1799926757813	302534.25	7509.	1868.166625976563	1100.833374023438	
701.427978515625	250273.46875	20056.	10200.	3253.25	
702.676025390625	259190.4375	69296.	37104.421875	5814.91650390625	
703.9249877929688	315684.75	143653.5	17846.833984375	6935.	
705.1729736328125	208523.	60570.	5414.5	6711.75	
706.4210205078125	254213.5	128692.4375	3929.	5965.91650390625	
707.6690063476563	238719.5	77805.5	6650.16650390625	9910.	
708.9169921875	1481110.25	31141.	3202.916748046875	2060.	
710.1649780273438	231148.515625	145657.125	42570.07421875	2552.416748046875	
711.4130249023438	203778.515625	19529.75	2785.916748046875	1125.583374023438	
712.6610107421875	264312.03125	9661.75	3186.416748046875	1234.083374023438	
713.9089965820313	234461.296875	22142.75	3979.416748046875	3245.75	
715.156982421875	133556.	5380.75	2719.	1501.25	
716.405029296875	186578.	6557.5	3161.416748046875	775.3333129882813	
717.6539916992188	93375.25	11139.75	4522.75	1284.25	
718.9019775390625	93550.	6933.75	6115.58349609375	1918.5	
720.1500244140625	210402.578125	11991.	3186.333251953125	783.75	
721.3980102539063	130577.171875	38412.75	4688.58349609375	17152.583984375	
722.64599609375	7442132.	29504.5	2493.75	1559.833374023438	
723.8939819335938	914306.375	10588.25	4555.66650390625	1968.333374023438	
725.1420288085938	191383.078125	137015.90625	5106.41650390625	1050.75	
726.3900146484375	186835.5	17626.75	3988.333251953125	616.9166870117188	
727.6380004882813	437667.875	147126.71875	2669.	1417.75	
728.885986328125	167445.	14219.	3094.583251953125	1701.25	
730.1339721679688	5587840.5	291514.	29991.75	5389.	
731.3829956054688	1933351.75	1139912.	29742.2109375	11110.4169921875	
732.6309814453125	2323721.5	1153007.25	17535.75	5773.08349609375	
733.8790283203125	4909902.	1551227.75	28152.083984375	7859.41650390625	
735.1270141601563	2451857.	2012234.125	15790.	7684.08349609375	
736.375	1903376.125	1693724.25	25772.333984375	5397.33349609375	
737.6229858398438	3169874.25	1406390.	14362.25	4629.75	
738.8709716796875	1505644.75	1463126.	41462.0546875	8762.6669921875	
740.1190185546875	6540696.	892336.5625	13378.75	2176.833251953125	
741.3670043945313	679176.	535070.875	15203.0830078125	2510.583251953125	
742.614990234375	934415.8125	353097.	5773.5	3069.833251953125	
743.8629760742188	1285119.875	199972.5	3803.666748046875	1134.	
745.1119995117188	243059.	170159.	3720.416748046875	1000.583312988281	
746.3599853515625	208395.734375	77078.25	3453.333251953125	1251.083374023438	
747.6079711914063	190978.	44495.	2619.	525.0833129882813	
748.8560180664063	386914.40625	61458.	2335.333251953125	1493.	
750.10400390625	208685.	28974.75	2385.416748046875	725.25	
751.3519897460938	277241.71875	157167.	3687.	1092.416625976563	
752.5999755859375	373578.1875	45418.5	4331.08349609375	291.6666564941406	
753.8480224609375	532781.25	13444.75	2518.916748046875	466.75	
755.0960083007813	213039.453125	16273.25	1776.25	375.0833435058594	
756.343994140625	332461.59375	15027.	1542.833374023438	567.	
757.5919799804688	87961.	19118.	1426.	325.	
758.8410034179688	127251.	7283.5	1467.583374023438	258.3333435058594	
760.0889892578125	78410.	7684.75	1743.	275.	
761.3369750976563	400400.4375	6156.75	1459.333374023438	158.3333282470703	
762.5850219726563	157466.	3077.5	2001.583374023438	483.4166564941406	
763.8330078125	73682.9375	3127.75	1367.75	283.3333435058594	
765.0809936523438	108644.	3678.5	1551.083374023438	333.4166564941406	
766.3289794921875	156722.	2227.	1392.583374023438	116.6666641235352	
767.5770263671875	588969.125	2602.25	1684.583374023438	308.3333435058594	
768.8250122070313	76150.25	4179.5	1142.333374023438	1209.583374023438	
770.072998046875	189199.296875	5732.25	1617.833374023438	300.	
771.3209838867188	148312.78125	3453.25	1751.416625976563	258.3333435058594	
772.5689697265625	99564.75	1801.25	1935.	300.0833435058594	
773.8179931640625	254978.5625	2752.5	1617.916625976563	158.3333282470703	
775.0659790039063	79087.	2026.5	2001.666625976563	258.3333435058594	
776.3140258789063	395750.71875	2101.5	2385.5	291.6666564941406	
777.56201171875	200146.5	2176.75	1993.25	183.3333282470703	
778.8099975585938	103618.5	1976.5	3378.666748046875	275.	
780.0579833984375	252881.96875	1401.	2001.583374023438	116.6666641235352	
781.3060302734375	255702.375	11269.75	2260.333251953125	467.	
782.5540161132813	129644.75	2677.75	3320.083251953125	233.3333282470703	
783.802001953125	153562.3125	1801.25	1526.083374023438	183.3333282470703	
785.0499877929688	82110.5	2552.5	2118.333251953125	216.6666717529297	
786.2979736328125	178404.53125	1626.	5309.	175.	
787.5469970703125	125257.5	1100.75	1926.5	108.3333358764648	
788.7949829101563	114019.	1100.75	1659.75	150.	
790.0430297851563	83485.	2953.	2369.083251953125	133.3333282470703	
791.291015625	67973.4375	1876.5	1734.583374023438	416.9166564941406	
792.5390014648438	265081.96875	1151.	1734.583374023438	308.4166564941406	
793.7869873046875	363450.46875	1851.75	1250.916625976563	158.3333282470703	
795.0349731445313	132966.5	1200.75	1192.333374023438	275.0833435058594	
796.2830200195313	114189.5	1276.	1718.	200.	
797.531005859375	260733.75	2202.	1334.166625976563	133.3333282470703	
798.7789916992188	128822.	2377.	1367.5	241.6666717529297	
800.0269775390625	94638.75	1626.25	1742.916625976563	325.	
801.2760009765625	74543.5625	1826.5	1609.5	175.	
802.5239868164063	157643.	975.25	1484.333374023438	133.3333282470703	
803.77197265625	118886.25	6433.	1667.916625976563	166.6666717529297	
805.02001953125	110020.75	1376.25	1659.583374023438	266.75	
806.2680053710938	80120.	1576.	1667.916625976563	266.6666564941406	
807.5159912109375	126445.5	1401.	1542.75	250.0833282470703	
808.7639770507813	68335.75	1275.75	1567.833374023438	200.	
810.0120239257813	86002.75	1025.75	1584.5	275.	
811.260009765625	330663.09375	4129.5	1109.	283.3333435058594	
812.5079956054688	149354.1875	1601.5	1584.666625976563	258.3333435058594	
813.7559814453125	97925.1953125	1426.	1601.25	325.	
815.0050048828125	123817.25	1401.	1792.916625976563	408.5	
816.2529907226563	85644.	1726.5	1834.75	308.3333435058594	
817.5009765625	119871.	1651.25	2927.833251953125	391.8333435058594	
818.7490234375	98269.5	1425.75	2009.833374023438	425.1666564941406	
819.9970092773438	119075.	1651.	1434.416625976563	775.6666870117188	
821.2449951171875	218773.125	975.5	5557.58349609375	300.	
822.4929809570313	177542.53125	2877.75	1893.166625976563	308.3333435058594	
823.7410278320313	103117.	2527.25	1793.166625976563	191.6666717529297	
824.989013671875	157520.25	4154.5	1743.083374023438	233.3333282470703	
826.2369995117188	90807.	1226.	2051.666748046875	817.3333129882813	
827.4849853515625	91618.75	2302.	1375.833374023438	225.	
828.7340087890625	90961.5	2577.5	2110.166748046875	175.	
829.9819946289063	199555.5	1926.5	1475.916625976563	325.0833435058594	
831.22998046875	100210.	8711.5	1517.75	2536.916748046875	
832.47802734375	100341.	7910.75	1567.75	358.4166564941406	
833.7260131835938	208253.65625	9061.	1425.916625976563	383.4166564941406	
834.9739990234375	164107.0625	6582.25	1592.833374023438	475.1666564941406	
836.2219848632813	93803.5	10216.25	1834.666625976563	558.5	
837.469970703125	115712.28125	14855.	2235.25	283.3333435058594	
838.718017578125	693229.75	2977.75	1559.5	516.9166870117188	
839.9660034179688	76280.75	4154.25	1684.5	441.8333435058594	
841.2139892578125	219738.	5305.75	1617.916625976563	233.3333282470703	
842.4630126953125	149042.25	3328.25	1351.	700.5833129882813	
843.7109985351563	149084.	2302.	2335.416748046875	291.6666564941406	
844.958984375	146466.	15911.	2251.916748046875	291.6666564941406	
846.2069702148438	371891.28125	2101.75	1659.666625976563	333.3333435058594	
847.4550170898438	102537.453125	5155.75	2051.833251953125	150.	
848.7030029296875	861649.25	3728.5	1734.583374023438	183.3333282470703	
849.9509887695313	167879.	2327.	2043.333374023438	158.3333282470703	
851.198974609375	100889.5	2377.	3320.333251953125	125.	
852.447021484375	90103.75	2251.75	1376.	150.	
853.6950073242188	120529.	1751.25	1259.083374023438	150.	
854.9429931640625	310155.1875	1751.5	1859.75	108.3333358764648	
856.1909790039063	194761.65625	1351.	1359.166625976563	233.3333282470703	
857.4400024414063	58468.	1801.75	1392.666625976563	183.3333282470703	
858.68798828125	58619.25	1075.75	1267.416625976563	108.3333358764648	
859.9359741210938	90842.5	1576.	1159.	200.	
861.1840209960938	63539.	875.5	1642.916625976563	191.6666717529297	
862.4320068359375	66403.5	1301.	1851.583374023438	158.3333282470703	
863.6799926757813	59874.	925.25	1334.166625976563	175.	
864.927978515625	59849.	875.25	1359.333374023438	208.3333282470703	
866.176025390625	75884.25	1025.5	1809.583374023438	250.	
867.4240112304688	108625.25	1225.75	1342.583374023438	166.6666717529297	
868.6719970703125	62913.	1651.25	1951.416625976563	325.0833435058594	
869.9199829101563	97802.75	1476.	1459.333374023438	200.	
871.1690063476563	72103.	1175.5	1968.333374023438	700.4166870117188	
872.4169921875	90487.75	1751.25	1667.75	525.1666870117188	
873.6649780273438	166106.	1501.	4924.66650390625	616.9166870117188	
874.9130249023438	75652.25	2777.5	2468.75	808.75	
876.1610107421875	341771.875	3203.25	2602.333251953125	400.1666564941406	
877.4089965820313	96293.5	1726.5	4538.83349609375	333.3333435058594	
878.656982421875	109296.5	1551.	10986.75	500.1666564941406	
879.905029296875	159235.5	1801.5	3937.416748046875	250.	
881.1530151367188	139464.625	1751.5	2368.833251953125	158.3333282470703	
882.4010009765625	91886.5	1200.75	1634.583374023438	250.	
883.6489868164063	154043.171875	1400.75	1359.25	283.4166564941406	
884.8980102539063	151333.	1150.5	2343.75	133.3333282470703	
886.14599609375	135157.75	1701.5	1918.416625976563	266.75	
887.3939819335938	91880.25	1351.	2252.166748046875	233.3333282470703	
888.6420288085938	61204.75	875.5	2060.083251953125	141.6666717529297	
889.8900146484375	57465.5	2327.	1351.	175.	
891.1380004882813	104053.25	750.25	1501.083374023438	133.3333282470703	
892.385986328125	64869.5	1451.	2803.	325.0833435058594	
893.6339721679688	75712.5	1325.75	1993.333374023438	133.3333282470703	
894.8820190429688	96220.5	1251.	1793.083374023438	150.	
896.1300048828125	67365.25	1426.25	2819.166748046875	333.3333435058594	
897.3779907226563	75458.75	1150.75	2034.916625976563	108.3333358764648	
898.6270141601563	85796.	1200.75	2101.666748046875	175.	
899.875	87911.75	1125.75	1400.916625976563	150.	
901.1229858398438	71615.5	2427.5	1375.916625976563	191.75	
902.3709716796875	67894.	1150.75	1459.25	100.	
903.6190185546875	58945.75	1451.	1793.083374023438	66.66666412353516	
904.8670043945313	276976.65625	1100.5	1609.583374023438	116.6666641235352	
906.114990234375	78601.5	7335.25	2660.833251953125	133.3333282470703	
907.3629760742188	62083.	775.25	1601.25	7230.25	
908.6110229492188	58016.75	2827.75	1259.166625976563	233.3333282470703	
909.8590087890625	55306.5	6858.5	1751.416625976563	416.9166564941406	
911.1069946289063	165024.4375	22858.25	8890.8330078125	225.	
912.3560180664063	95306.5	15806.5	1868.166625976563	56764.82421875	
913.60400390625	115430.	47574.90625	1851.5	541.9166870117188	
914.8519897460938	89622.	6257.	1926.75	942.3333129882813	
916.0999755859375	119790.25	2577.25	5576.25	792.	
917.3480224609375	78212.	4429.5	1701.416625976563	10540.5830078125	
918.5960083007813	96720.5	6507.5	2660.583251953125	1317.75	
919.843994140625	81678.	12293.75	1526.	1484.5	
921.0919799804688	231890.59375	1102314.75	2110.083251953125	525.1666870117188	
922.3400268554688	112665.	84114.359375	1985.083374023438	250.	
923.5880126953125	90081.5	4504.5	2418.916748046875	383.4166564941406	
924.8359985351563	151941.046875	9512.5	2402.166748046875	258.3333435058594	
926.0850219726563	98634.25	5431.	1826.5	2820.333251953125	
927.3330078125	132295.75	3979.	1592.916625976563	291.6666564941406	
928.5809936523438	128058.25	27036.5	1934.75	291.6666564941406	
929.8289794921875	79022.75	3002.75	1751.416625976563	533.5	
931.0770263671875	71801.75	3778.75	1651.166625976563	175.	
932.3250122070313	80114.25	2527.25	1617.833374023438	158.3333282470703	
933.572998046875	105373.5	2227.	1192.416625976563	408.5833435058594	
934.8209838867188	61229.5	13376.25	1425.916625976563	250.	
936.0689697265625	91394.5	18566.5	1759.75	150.	
937.3170166015625	112103.5	8412.25	1325.916625976563	333.3333435058594	
938.5650024414063	66252.25	4654.75	1517.75	4091.666748046875	
939.81298828125	134040.	18179.5	2577.416748046875	433.3333435058594	
941.06201171875	150466.109375	15003.546875	2343.666748046875	1843.5	
942.3099975585938	98336.75	17750.75	3787.416748046875	1175.833374023438	
943.5579833984375	117632.	218773.1875	3503.583251953125	516.75	
944.8060302734375	82379.5	82302.5	2251.833251953125	1242.5	
946.0540161132813	1042907.0625	11741.	2285.083251953125	441.75	
947.302001953125	76175.	31359.75	1993.333374023438	1067.5	
948.5499877929688	83570.25	28004.5	6604.91650390625	483.4166564941406	
949.7979736328125	139696.96875	448650.125	1818.166625976563	375.0833435058594	
951.0460205078125	76354.	5981.5	1434.25	266.6666564941406	
952.2940063476563	552672.25	10064.5	1367.5	191.6666717529297	
953.5419921875	117238.625	5506.5	1242.333374023438	333.4166564941406	
954.791015625	55657.5	3253.	4315.33349609375	233.3333282470703	
956.0390014648438	84938.75	2402.25	1417.666625976563	291.75	
957.2869873046875	68580.	3603.5	1192.25	275.0833435058594	
958.5349731445313	55431.75	1300.75	1259.25	200.	
959.7830200195313	50714.5	7811.75	1117.166625976563	200.	
961.031005859375	52671.5	3929.5	1067.5	116.6666641235352	
962.2789916992188	50514.	1276.	1075.666625976563	141.6666717529297	
963.5269775390625	51693.	750.25	1334.166625976563	116.6666641235352	
964.7750244140625	52747.	1751.5	1209.166625976563	183.3333282470703	
966.0230102539063	53148.25	1025.75	1084.083374023438	116.6666641235352	
967.27099609375	52069.75	1100.5	1142.5	166.6666717529297	
968.52001953125	51015.75	975.75	1059.	125.	
969.7680053710938	51266.25	1226.	1175.916625976563	116.6666641235352	
971.0159912109375	53424.	1501.25	1209.166625976563	141.6666717529297	
972.2639770507813	52621.5	1025.5	1142.5	200.	
973.5120239257813	50639.5	1025.75	1142.25	216.6666717529297	
974.760009765625	52044.25	1300.75	1200.833374023438	191.6666717529297	
976.0079956054688	52420.75	1125.5	1025.5	166.6666717529297	
977.2559814453125	52194.75	1050.25	1109.083374023438	175.	
978.5040283203125	50012.	775.25	1267.333374023438	150.	
979.7520141601563	52270.	1100.75	1125.666625976563	133.3333282470703	
981.	52596.	1125.75	1025.666625976563	225.	
982.2490234375	51592.5	1125.5	1083.916625976563	141.6666717529297	
983.4970092773438	54026.5	1175.75	1084.	175.	
984.7449951171875	48180.75	1100.75	1359.083374023438	108.3333358764648	
985.9929809570313	50112.	875.5	1184.	191.6666717529297	
987.2410278320313	50764.5	750.	1317.416625976563	216.6666717529297	
988.489013671875	52746.5	775.25	1009.	150.	
989.7369995117188	52972.75	1201.	1192.583374023438	166.6666717529297	
990.9849853515625	49259.25	875.5	1476.	125.	
992.2329711914063	50513.75	1125.75	1008.916687011719	75.	
993.4810180664063	49510.25	1426.	1108.916625976563	125.	
994.72900390625	50463.75	950.5	1209.083374023438	150.	
995.97802734375	48782.75	1050.5	1092.333374023438	258.3333435058594	
997.2260131835938	51116.25	775.5	1033.916625976563	75.	
998.4739990234375	52470.75	925.5	1200.75	191.6666717529297	
