Trace for Mass:	Al27(MR)	Si28(MR)	Ca44(MR)	Fe56(MR)	S32(MR)
Resolution:	Medium	Medium	Medium	Medium	Medium
					
Time	Intensity	Intensity	Intensity	Intensity	Intensity
[sec]	[cps]	[cps]	[cps]	[cps]	[cps]

1.22000002861023	4927.4443359375	933765.0625	170.	6557.41650390625	27485.666015625	
2.437999963760376	6743.818359375	951470.6875	183.3333282470703	6065.	33321.08203125	
3.655999898910523	7533.58349609375	947064.	158.3333282470703	5664.5	33663.83203125	
4.874000072479248	7800.66650390625	963042.6875	208.3333282470703	5030.25	31307.833984375	
6.092000007629395	7583.58349609375	936054.6875	166.6666717529297	9373.75	31457.916015625	
7.309999942779541	8292.8330078125	943200.6875	166.6666717529297	7009.66650390625	31717.166015625	
8.527999877929688	10480.75	941114.6875	275.	5531.	32594.666015625	
9.746000289916992	8676.9169921875	956625.3125	225.	5205.5	38570.66796875	
10.96500015258789	10254.25	956333.3125	200.	4746.5	34357.66796875	
12.18299961090088	21867.166015625	964881.3125	258.3333435058594	5505.91650390625	31966.916015625	
13.40100002288818	11531.25	994784.	283.3333435058594	7016.5	32435.25	
14.61900043487549	16524.25	1013861.3125	350.	7441.91650390625	37149.25	
15.83699989318848	22078.333984375	1011622.6875	792.25	20250.583984375	34641.75	
17.05500030517578	21618.25	1050217.5	692.	17126.	36848.75	
18.27300071716309	25800.	1009068.	266.6666564941406	19373.5	35903.66796875	
19.49099922180176	26932.5	1047869.3125	450.0833435058594	14799.25	34324.41796875	
20.70899963378906	24175.416015625	1047252.5625	541.75	16565.916015625	32669.333984375	
21.92799949645996	36470.25	1014340.6875	1017.333312988281	13836.9169921875	32193.666015625	
23.14599990844727	85238.	1071318.5	491.9166564941406	10338.0830078125	31190.833984375	
24.36400032043457	30229.333984375	1043595.3125	591.9166870117188	10772.4169921875	32568.833984375	
25.58200073242188	36930.41796875	1041669.3125	516.6666870117188	13543.0830078125	32644.833984375	
26.79999923706055	20557.416015625	1036065.3125	558.4166870117188	37729.4453125	36029.25	
28.01799964904785	23556.416015625	1050508.	909.	10964.6669921875	33755.75	
29.23600006103516	23510.833984375	1050408.	441.75	8594.0830078125	34532.75	
30.45400047302246	56363.41796875	1049148.	625.25	9561.5	34132.41796875	
31.67200088500977	17024.833984375	1052033.375	616.9166870117188	6707.41650390625	34733.66796875	
32.88999938964844	17024.75	1030749.3125	508.5	6106.75	36037.5	
34.10900115966797	17995.416015625	1026314.6875	508.4166564941406	6190.16650390625	33906.5	
35.32699966430664	13643.1669921875	1031058.6875	750.3333129882813	10059.1669921875	33288.58203125	
36.54499816894531	28694.916015625	1199283.25	25513.4375	6090.08349609375	33279.83203125	
37.76300048828125	94405.0859375	1024968.	500.0833435058594	4888.41650390625	33513.66796875	
38.98099899291992	31772.916015625	1036296.	566.8333129882813	6641.58349609375	32794.58203125	
40.19900131225586	12524.3330078125	1027260.	566.75	5071.91650390625	35235.08203125	
41.41699981689453	30074.75	1055994.625	583.4166870117188	9047.75	34984.	
42.6349983215332	15959.3330078125	1031276.	433.3333435058594	9676.5	33396.41796875	
43.85300064086914	10613.	1080129.375	475.1666564941406	4738.33349609375	35402.25	
45.07099914550781	11163.9169921875	1044278.6875	466.75	4779.91650390625	33513.5	
46.29000091552734	11431.1669921875	1036926.6875	433.4166564941406	6450.	33287.58203125	
47.50799942016602	11940.25	1029834.6875	366.6666564941406	6991.66650390625	33981.5	
48.72600173950195	11339.3330078125	1044744.	491.8333435058594	4362.91650390625	33338.41796875	
49.94400024414063	11806.75	1034474.6875	383.3333435058594	10785.8330078125	32836.25	
51.1619987487793	10295.8330078125	1045133.8125	550.0833129882813	11613.6669921875	33120.41796875	
52.38000106811523	11806.9169921875	1052434.625	408.3333435058594	4296.08349609375	33187.25	
53.59799957275391	13319.75	1066578.625	475.1666564941406	3795.333251953125	35018.66796875	
54.81600189208984	12434.25	1061528.125	425.0833435058594	4679.91650390625	33212.91796875	
56.03400039672852	9995.5830078125	1026361.3125	625.25	4154.08349609375	36396.66796875	
57.25299835205078	10830.1669921875	1019350.6875	500.	3845.416748046875	33287.83203125	
58.47100067138672	10663.25	1029150.6875	350.	4262.66650390625	32702.833984375	
59.68899917602539	12240.9169921875	1068706.625	358.4166564941406	3762.	35778.66796875	
60.90700149536133	16410.5	1091606.625	341.6666564941406	6727.58349609375	34466.25	
62.125	10504.5	1038392.	441.75	4362.91650390625	34357.33203125	
63.34299850463867	9686.5830078125	1034367.9375	500.1666564941406	4271.	33839.66796875	
64.56099700927734	11215.0830078125	1034976.	591.8333129882813	5280.5	33864.41796875	
65.77899932861328	13336.3330078125	1061414.	241.6666717529297	6341.	33748.25	
66.99700164794922	10713.0830078125	1050512.	558.4166870117188	7696.83349609375	32711.416015625	
68.21499633789063	18811.166015625	1049525.375	425.1666564941406	4429.58349609375	34483.08203125	
69.43399810791016	11832.	1029238.6875	341.6666564941406	3603.333251953125	33489.16796875	
70.65200042724609	12675.25	1001045.4375	375.	38252.34765625	32802.83203125	
71.87000274658203	8977.3330078125	1030161.3125	600.25	3586.916748046875	33170.66796875	
73.08799743652344	10112.25	1079177.875	333.3333435058594	3103.	32903.66796875	
74.30599975585938	9694.9169921875	1025727.8125	333.3333435058594	5882.58349609375	33630.75	
75.52400207519531	9377.5830078125	1033249.875	425.0833435058594	4271.33349609375	36087.91796875	
76.74199676513672	10454.5	1063726.625	416.75	3236.416748046875	33488.58203125	
77.95999908447266	10170.75	1024099.5	400.	5289.33349609375	35134.5	
79.17800140380859	11256.5	1013984.	3222.416748046875	8631.1669921875	36279.83203125	
80.39600372314453	9870.0830078125	998401.8125	275.	6784.08349609375	34308.33203125	
81.61499786376953	11431.1669921875	985913.3125	416.6666564941406	3403.333251953125	34532.83203125	
82.83300018310547	9836.8330078125	1012480.	391.6666564941406	6750.41650390625	36246.08203125	
84.05100250244141	11289.75	1009881.3125	416.75	3561.75	35653.25	
85.26899719238281	11147.5830078125	982832.	450.0833435058594	4546.5	33313.16796875	
86.48699951171875	10679.75	1002212.	508.4166564941406	6082.58349609375	33613.66796875	
87.70500183105469	14714.0830078125	1113088.5	466.6666564941406	9032.5830078125	32736.333984375	
88.92299652099609	12457.9169921875	987425.3125	733.5833129882813	9180.4169921875	33028.5	
90.14099884033203	16174.	965918.6875	1843.75	7451.33349609375	34115.	
91.35900115966797	12574.8330078125	993312.	425.	4488.08349609375	33680.75	
92.5780029296875	12942.25	1329746.5	917.25	5297.25	34157.33203125	
93.79599761962891	16201.5	999477.1875	4927.33349609375	12011.1669921875	34072.91796875	
95.01399993896484	17270.5	988103.3125	633.6666870117188	4604.66650390625	33530.41796875	
96.23200225830078	15430.1669921875	992360.	600.25	8536.5830078125	32302.333984375	
97.44999694824219	12900.3330078125	1061783.75	625.1666870117188	5848.08349609375	32176.25	
98.66799926757813	15698.5	1026745.3125	475.1666564941406	5556.08349609375	34993.16796875	
99.88600158691406	17962.333984375	992895.25	591.8333129882813	7617.41650390625	32485.5	
101.1039962768555	15379.5830078125	1056542.25	708.5	13513.75	35452.83203125	
102.3219985961914	16348.75	1033013.375	600.25	7567.75	37875.83203125	
103.5400009155273	18210.333984375	1065721.125	642.	23108.140625	34282.16796875	
104.7590026855469	16833.333984375	1037472.	1125.666625976563	8351.5830078125	36129.08203125	
105.9769973754883	21701.083984375	1047556.	750.25	11958.	35728.66796875	
107.1949996948242	20623.833984375	1049578.625	1058.916625976563	11732.8330078125	33505.33203125	
108.4130020141602	23080.333984375	1090277.75	1067.166625976563	10947.5	36045.58203125	
109.6309967041016	21117.333984375	1072360.25	842.0833129882813	37683.91015625	33238.	
110.8489990234375	25376.	1086033.375	875.4166870117188	16437.416015625	33948.91796875	
112.0670013427734	20724.166015625	1099595.625	950.5833129882813	9536.75	35419.33203125	
113.2850036621094	21575.333984375	1062081.25	975.4166870117188	13471.6669921875	35252.	
114.5029983520508	21601.833984375	1050104.	1150.666625976563	8511.75	34098.41796875	
115.7210006713867	20632.916015625	1040161.3125	825.3333129882813	9144.8330078125	35468.75	
116.9400024414063	43441.33203125	1048414.6875	950.5833129882813	8736.4169921875	36781.5	
118.1579971313477	20548.583984375	1089272.	800.3333129882813	6156.91650390625	34232.08203125	
119.3759994506836	14561.4169921875	1075799.75	1000.5	7726.33349609375	33622.25	
120.5940017700195	14761.8330078125	1057920.	975.5833129882813	9188.6669921875	35142.75	
121.8119964599609	13509.5830078125	1057253.	1484.416625976563	149230.65625	35778.	
123.0299987792969	13150.5	1044880.875	1100.666625976563	4362.83349609375	35109.66796875	
124.2480010986328	11280.8330078125	1093708.375	967.25	6148.75	33037.33203125	
125.4660034179688	12808.1669921875	1013906.6875	925.5	4287.75	37534.66796875	
126.6839981079102	11498.25	1040816.	767.0833129882813	5522.75	34148.83203125	
127.9020004272461	12616.4169921875	1095299.375	791.9166870117188	4221.	38194.	
129.1210021972656	11514.5830078125	1024188.875	917.0833129882813	3595.25	33571.58203125	
130.3390045166016	10946.9169921875	1157236.	1526.25	6033.25	33730.75	
131.5570068359375	10579.8330078125	1010142.6875	817.0833129882813	3219.666748046875	36120.83203125	
132.7749938964844	16366.3330078125	990897.3125	800.4166870117188	3019.416748046875	34115.25	
133.9929962158203	12058.25	1030322.4375	525.0833129882813	2710.833251953125	34817.58203125	
135.2109985351563	9352.9169921875	1014046.6875	767.0833129882813	2769.25	35084.75	
136.4290008544922	10329.6669921875	977704.	475.0833435058594	2535.416748046875	32836.25	
137.6470031738281	9603.	1032722.6875	1184.25	2927.583251953125	33998.16796875	
138.8650054931641	10187.4169921875	985354.6875	525.0833129882813	2351.75	33765.	
140.0839996337891	10796.6669921875	984645.3125	450.0833435058594	2502.333251953125	34441.08203125	
141.302001953125	8843.6669921875	999856.875	416.6666564941406	3011.25	32903.75	
142.5200042724609	9336.25	1028062.1875	691.9166870117188	3036.25	35159.91796875	
143.7380065917969	10396.4169921875	1021033.5	933.9166870117188	3069.5	33137.33203125	
144.9559936523438	9770.	961204.	583.5	2577.166748046875	33096.	
146.1739959716797	9853.5830078125	1027816.6875	475.0833435058594	3745.5	34156.41796875	
147.3919982910156	9336.1669921875	1039808.6875	591.8333129882813	3319.833251953125	34758.91796875	
148.6100006103516	9611.5830078125	1014872.9375	633.6666870117188	2777.5	35711.	
149.8280029296875	8818.75	974296.	1017.166687011719	2585.75	32903.5	
151.0460052490234	9027.3330078125	1026230.5	833.6666870117188	2485.5	37157.5	
152.2649993896484	8843.75	1022322.6875	575.3333129882813	2410.333251953125	33605.41796875	
153.4830017089844	8785.25	995090.6875	650.1666870117188	2769.	37391.08203125	
154.7010040283203	8568.4169921875	989852.	608.5	2635.666748046875	34775.41796875	
155.9190063476563	10830.75	982154.6875	475.25	2952.666748046875	33781.	
157.1369934082031	8735.1669921875	1002312.75	675.25	2176.916748046875	35035.08203125	
158.3549957275391	10154.	1043246.6875	792.	3236.75	37660.	
159.572998046875	9753.4169921875	987506.6875	600.25	4288.41650390625	33956.41796875	
160.7910003662109	10162.5	1000106.6875	550.1666870117188	2143.416748046875	32694.333984375	
162.0090026855469	9369.75	1004205.625	783.75	2468.75	33597.33203125	
163.2270050048828	9795.1669921875	986039.3125	500.0833435058594	2210.083251953125	34566.33203125	
164.4459991455078	8660.0830078125	985803.25	675.3333129882813	2393.75	34006.58203125	
165.6640014648438	11432.5830078125	1079602.375	266.6666564941406	2118.25	34499.41796875	
166.8820037841797	8994.0830078125	983270.6875	859.	1876.583374023438	33170.58203125	
168.1000061035156	9636.5	952421.3125	616.9166870117188	1851.416625976563	32125.75	
169.3179931640625	9428.1669921875	970025.3125	400.	2185.166748046875	36121.	
170.5359954833984	8802.0830078125	980748.	433.4166564941406	2302.083251953125	37341.	
171.7539978027344	8668.5	988285.3125	341.6666564941406	2060.	34717.16796875	
172.9720001220703	9720.1669921875	944882.6875	383.3333435058594	2235.166748046875	34073.25	
174.1900024414063	8368.1669921875	963114.6875	366.6666564941406	2101.833251953125	34976.41796875	
175.4089965820313	11048.25	946886.6875	416.75	15042.6669921875	31516.666015625	
176.6269989013672	9077.3330078125	987553.3125	216.6666717529297	1801.416625976563	32978.5	
177.8450012207031	8560.	973676.	450.1666564941406	1726.5	34733.75	
179.0630035400391	8835.4169921875	943504.	291.75	2176.833251953125	34148.58203125	
180.281005859375	8927.25	958211.8125	308.3333435058594	2810.916748046875	34290.58203125	
181.4989929199219	11224.5	961641.3125	300.	2251.916748046875	34934.08203125	
182.7169952392578	8676.8330078125	934001.3125	325.0833435058594	1868.166625976563	33112.33203125	
183.9349975585938	8993.8330078125	966700.	575.	2210.083251953125	32845.08203125	
185.1529998779297	8877.0830078125	976865.3125	1167.583374023438	3094.666748046875	32619.666015625	
186.3710021972656	9077.3330078125	956132.	641.8333129882813	2719.	35603.5	
187.5899963378906	15135.5	977336.125	792.	2802.5	34583.33203125	
188.8079986572266	9152.5830078125	1005593.3125	833.8333129882813	2301.833251953125	33672.5	
190.0260009765625	10437.75	1017804.	842.0833129882813	2977.833251953125	37040.66796875	
191.2440032958984	8927.25	1005615.125	950.5833129882813	2735.833251953125	34992.66796875	
192.4620056152344	9728.25	988441.3125	1050.666625976563	2852.5	34599.66796875	
193.6799926757813	10220.75	982726.6875	892.0833129882813	3945.833251953125	32594.333984375	
194.8979949951172	9419.6669921875	986526.125	842.0833129882813	2860.916748046875	33237.75	
196.1159973144531	10872.5830078125	988077.3125	641.75	2493.833251953125	32744.583984375	
197.3339996337891	9152.4169921875	973426.6875	558.4166870117188	2326.916748046875	34483.	
198.552001953125	8768.6669921875	984798.6875	616.9166870117188	2193.5	33095.83203125	
199.77099609375	9653.4169921875	958490.6875	792.0833129882813	2285.166748046875	34767.	
200.9889984130859	8793.5830078125	972090.6875	758.75	2001.583374023438	35110.	
202.2070007324219	8610.	961564.	483.5	2235.083251953125	33881.25	
203.4250030517578	9352.5	977646.6875	425.	2126.75	35043.41796875	
204.6430053710938	9027.1669921875	956821.3125	875.6666870117188	1759.666625976563	32686.416015625	
205.8609924316406	8843.75	958420.	491.8333435058594	1984.916625976563	34875.16796875	
207.0789947509766	8276.3330078125	979010.6875	433.3333435058594	1851.416625976563	31850.083984375	
208.2969970703125	8893.9169921875	980723.625	425.0833435058594	2936.416748046875	32134.666015625	
209.5149993896484	8468.3330078125	953254.6875	508.4166564941406	1951.666625976563	32644.916015625	
210.7330017089844	8743.5830078125	971294.6875	767.1666870117188	1801.333374023438	35309.75	
211.9519958496094	9102.5	1051564.125	383.4166564941406	1909.916625976563	33045.5	
213.1699981689453	8401.4169921875	950236.	408.4166564941406	2018.25	34140.	
214.3880004882813	8751.9169921875	967222.6875	608.5833129882813	2277.083251953125	34667.33203125	
215.6060028076172	8727.	943946.6875	433.4166564941406	1959.833374023438	35260.5	
216.8240051269531	9002.25	946797.3125	566.75	2151.666748046875	33638.83203125	
218.0420074462891	8251.1669921875	982600.	266.6666564941406	2076.666748046875	96858.71875	
219.2599945068359	9386.1669921875	931586.6875	666.9166870117188	3070.	34374.5	
220.4779968261719	8643.5	1040281.	458.4166564941406	2251.916748046875	34148.83203125	
221.6959991455078	9060.75	966198.6875	867.0833129882813	3495.333251953125	35661.16796875	
222.9149932861328	8167.58349609375	953048.	600.1666870117188	2302.083251953125	33714.33203125	
224.1329956054688	9169.3330078125	965036.1875	850.5	2001.5	35201.33203125	
225.3509979248047	9027.3330078125	960052.	2503.166748046875	1968.333374023438	34599.41796875	
226.5690002441406	8484.9169921875	939221.3125	658.6666870117188	1793.083374023438	33596.83203125	
227.7870025634766	8677.	978670.5	950.5833129882813	2452.166748046875	32686.416015625	
229.0050048828125	8434.6669921875	970090.6875	925.6666870117188	1626.083374023438	33672.66796875	
230.2230072021484	8034.16650390625	976977.375	1242.666625976563	3453.75	34148.75	
231.4409942626953	8334.8330078125	986220.3125	408.4166564941406	1868.	33689.08203125	
232.6589965820313	8560.	939813.3125	508.3333435058594	2176.833251953125	33496.75	
233.8769989013672	8451.3330078125	972773.625	608.5833129882813	2001.666625976563	33237.91796875	
235.0959930419922	8359.8330078125	944014.6875	708.75	1667.916625976563	36146.	
236.3139953613281	7683.75	955282.6875	892.0833129882813	1601.166625976563	33705.33203125	
237.5319976806641	8443.	946626.6875	666.9166870117188	2026.75	35142.91796875	
238.75	8092.66650390625	945156.0625	316.6666564941406	1768.083374023438	32552.5	
239.9680023193359	8685.25	957471.625	283.3333435058594	2009.833374023438	34282.66796875	
241.1860046386719	7767.	950455.375	1267.75	1718.	32302.	
242.4040069580078	8084.33349609375	898591.3125	416.75	1843.083374023438	32469.	
243.6219940185547	8259.5830078125	903850.6875	358.3333435058594	2026.666625976563	32594.416015625	
244.8399963378906	8176.25	961754.6875	483.4166564941406	2110.083251953125	35720.33203125	
246.0579986572266	7967.5	944732.	500.1666564941406	1993.333374023438	33497.	
247.2769927978516	8668.4169921875	929668.	541.9166870117188	2093.416748046875	32786.58203125	
248.4949951171875	8067.58349609375	987864.	333.3333435058594	2001.666625976563	32920.41796875	
249.7129974365234	8685.0830078125	982258.6875	600.3333129882813	3820.833251953125	32067.916015625	
250.9309997558594	8359.6669921875	987090.6875	491.75	2201.916748046875	33421.	
252.1490020751953	8351.25	1004141.3125	641.9166870117188	3386.916748046875	34282.41796875	
253.3670043945313	8426.4169921875	970250.6875	667.0833129882813	2952.833251953125	32711.083984375	
254.5850067138672	8184.5	964358.4375	842.1666870117188	2226.916748046875	33647.41796875	
255.8029937744141	7825.66650390625	973992.	675.25	2176.833251953125	32560.583984375	
257.02099609375	8142.66650390625	943150.6875	491.8333435058594	1934.75	33555.	
258.239990234375	8443.0830078125	974944.	900.6666870117188	3002.75	34048.33203125	
259.4580078125	8434.6669921875	982596.	808.6666870117188	5526.33349609375	32410.416015625	
260.6759948730469	9068.8330078125	1073397.5	1868.666625976563	2160.	35084.5	
261.8940124511719	8009.	981877.3125	650.3333129882813	2510.5	34257.66796875	
263.1119995117188	8443.1669921875	979865.3125	1125.583374023438	7893.41650390625	34625.75	
264.3299865722656	8852.	989460.5	1117.5	1868.	33973.33203125	
265.5480041503906	8226.1669921875	968918.	1593.083374023438	1826.416625976563	33028.83203125	
266.7659912109375	8593.25	945465.3125	900.5	2060.	33606.25	
267.9840087890625	8050.91650390625	936257.9375	550.0833129882813	2711.083251953125	35728.16796875	
269.2019958496094	8301.25	978528.75	808.8333129882813	2060.	34633.33203125	
270.4209899902344	8443.0830078125	953772.	833.6666870117188	1851.416625976563	32987.08203125	
271.6390075683594	8443.	952970.6875	850.5	1926.5	34449.66796875	
272.8569946289063	8459.75	961784.	1334.25	2110.083251953125	34315.5	
274.0750122070313	8192.75	941933.3125	591.9166870117188	1843.083374023438	33279.5	
275.2929992675781	8092.58349609375	970321.3125	591.8333129882813	2076.583251953125	32193.25	
276.510986328125	8217.8330078125	973169.125	583.5	1826.5	35008.75	
277.72900390625	8501.5	948118.6875	491.8333435058594	2043.333374023438	35118.16796875	
278.9469909667969	8234.5	924966.6875	450.0833435058594	1751.416625976563	32001.	
280.1650085449219	8109.41650390625	947334.6875	466.9166564941406	1626.083374023438	32837.08203125	
281.3829956054688	8568.25	954344.	650.25	2185.166748046875	33421.75	
282.6019897460938	8593.25	972768.	441.6666564941406	1851.333374023438	32059.75	
283.8200073242188	8050.91650390625	994708.9375	475.0833435058594	1718.083374023438	31825.583984375	
285.0379943847656	8109.33349609375	954481.3125	558.5	1634.5	33388.75	
286.2560119628906	8568.4169921875	978453.3125	608.5833129882813	1842.916625976563	32878.58203125	
287.4739990234375	8084.08349609375	990208.	266.6666564941406	1834.833374023438	33020.25	
288.6919860839844	8676.8330078125	968700.	425.	1634.5	34474.41796875	
289.9100036621094	8134.41650390625	970548.	400.0833435058594	2001.5	34115.08203125	
291.1279907226563	8326.3330078125	956438.6875	608.5	1701.25	34157.08203125	
292.3460083007813	8568.3330078125	970456.	658.5	2118.5	35969.83203125	
293.5650024414063	7825.58349609375	995697.3125	675.25	1793.166625976563	35518.91796875	
294.7829895019531	8468.25	996316.	933.75	1984.75	32544.416015625	
296.0010070800781	8268.	996284.	700.25	2226.916748046875	33906.41796875	
297.218994140625	8226.1669921875	978358.6875	1200.666625976563	2026.583374023438	35577.91796875	
298.43701171875	8051.	992566.6875	950.5833129882813	1851.5	34942.66796875	
299.6549987792969	8117.66650390625	988002.6875	942.0833129882813	2034.916625976563	33480.33203125	
300.8729858398438	7858.91650390625	991305.3125	1509.416625976563	2035.	34482.5	
302.0910034179688	8218.	990124.	917.0833129882813	2043.333374023438	35318.5	
303.3089904785156	8418.1669921875	991848.	908.9166870117188	2135.083251953125	32469.25	
304.5270080566406	7875.58349609375	1001236.	758.6666870117188	1868.083374023438	34466.25	
305.7460021972656	7850.66650390625	965578.6875	842.	1959.833374023438	33780.75	
306.9639892578125	8334.5830078125	949622.6875	641.9166870117188	2293.75	36287.66796875	
308.1820068359375	8476.4169921875	961860.	625.0833129882813	2702.666748046875	35000.91796875	
309.3999938964844	7750.5	973069.3125	742.	2610.75	32711.166015625	
310.6180114746094	7875.75	969350.6875	817.1666870117188	1767.916625976563	33579.91796875	
311.8359985351563	7917.41650390625	975728.	525.0833129882813	2176.833251953125	35109.58203125	
313.0539855957031	7959.16650390625	939613.3125	1125.833374023438	1676.416625976563	32811.58203125	
314.2720031738281	7516.83349609375	970508.	675.25	1943.083374023438	31859.083984375	
315.489990234375	7575.25	956108.	650.0833129882813	1826.25	32870.16796875	
316.7080078125	8009.08349609375	966749.3125	458.4166564941406	1826.416625976563	34917.25	
317.927001953125	8910.4169921875	976317.3125	333.4166564941406	3077.916748046875	34240.75	
319.1449890136719	10604.6669921875	940329.3125	375.0833435058594	3144.666748046875	34032.08203125	
320.3630065917969	12750.4169921875	957295.25	658.6666870117188	3194.666748046875	31842.166015625	
321.5809936523438	11047.	958161.3125	558.4166870117188	3762.166748046875	34131.66796875	
322.7990112304688	13025.4169921875	975468.9375	658.5833129882813	3628.666748046875	32418.75	
324.0169982910156	12374.3330078125	968689.3125	725.25	5372.75	32427.083984375	
325.2349853515625	14470.5830078125	972490.6875	825.5	3761.916748046875	35719.83203125	
326.4530029296875	10679.75	966724.	558.5	3636.833251953125	32393.75	
327.6709899902344	14070.	993227.625	500.	7743.91650390625	33914.66796875	
328.8890075683594	11205.5830078125	954892.	516.8333129882813	4071.	34290.58203125	
330.1080017089844	24056.	964237.3125	708.6666870117188	5189.58349609375	32260.166015625	
331.3259887695313	12449.6669921875	955608.	600.25	14892.25	32385.75	
332.5440063476563	23816.916015625	970517.3125	658.5833129882813	4413.25	32610.916015625	
333.7619934082031	12459.3330078125	970242.6875	616.9166870117188	3378.333251953125	32735.75	
334.9800109863281	20261.333984375	946857.3125	683.5833129882813	3704.	82891.3359375	
336.197998046875	9920.3330078125	987674.	475.0833435058594	3962.5	31107.083984375	
337.4159851074219	13419.5	936572.	375.0833435058594	2460.5	32903.25	
338.6340026855469	54213.37890625	957012.3125	767.0833129882813	2660.833251953125	33529.83203125	
339.8519897460938	28449.666015625	955385.0625	1509.75	3253.083251953125	32753.333984375	
341.0710144042969	10246.	945818.	325.	3453.5	32251.666015625	
342.2890014648438	43503.046875	943869.3125	325.0833435058594	8275.4169921875	34575.08203125	
343.5069885253906	19976.5	942138.6875	691.9166870117188	3052.833251953125	33162.5	
344.7250061035156	24350.28125	942032.	325.0833435058594	3069.75	32435.916015625	
345.9429931640625	8618.3330078125	964404.	692.	3729.25	33847.41796875	
347.1610107421875	8459.8330078125	910882.6875	425.	7113.16650390625	33045.33203125	
348.3789978027344	8626.8330078125	937825.3125	416.75	2143.416748046875	33822.33203125	
349.5969848632813	8376.4169921875	936594.6875	1526.5	2110.083251953125	33279.5	
350.8150024414063	11298.1669921875	975447.8125	433.3333435058594	2252.	31549.583984375	
352.0329895019531	8860.5830078125	977083.75	316.6666564941406	2093.583251953125	32302.	
353.2520141601563	8493.0830078125	974136.	825.4166870117188	1976.666625976563	32335.25	
354.4700012207031	7733.75	974348.	466.9166564941406	1826.583374023438	32343.583984375	
355.68798828125	8059.16650390625	944560.	742.0833129882813	2360.416748046875	34608.16796875	
356.906005859375	8134.33349609375	919868.	525.25	2226.75	33772.41796875	
358.1239929199219	7967.66650390625	929985.3125	325.	2777.666748046875	32987.16796875	
359.3420104980469	8076.	939449.3125	333.3333435058594	1768.	30823.166015625	
360.5599975585938	7959.08349609375	940350.6875	291.6666564941406	1985.	32159.75	
361.7780151367188	7934.16650390625	953222.6875	500.25	1968.166625976563	31792.083984375	
362.9960021972656	7533.58349609375	956749.0625	425.1666564941406	1976.583374023438	37567.08203125	
364.2139892578125	7909.08349609375	910953.3125	350.	1784.583374023438	32711.666015625	
365.4330139160156	7642.08349609375	937513.3125	558.5	1818.	32536.	
366.6510009765625	6924.33349609375	922374.6875	375.0833435058594	1909.75	32719.833984375	
367.8689880371094	7875.75	937532.	325.0833435058594	1818.083374023438	35200.91796875	
369.0870056152344	7591.91650390625	949661.3125	433.4166564941406	1526.166625976563	31900.666015625	
370.3049926757813	7641.91650390625	940873.3125	366.75	1717.833374023438	32561.5	
371.5230102539063	9312.0830078125	932734.6875	375.	1676.333374023438	32427.166015625	
372.7409973144531	7391.75	930068.	441.75	2085.25	32894.83203125	
373.9590148925781	7425.08349609375	932873.3125	675.5	1818.083374023438	31624.916015625	
375.177001953125	7566.75	932052.6875	716.9166870117188	1659.5	32393.333984375	
376.39599609375	7057.91650390625	950108.125	441.6666564941406	1726.25	32778.	
377.614013671875	7266.41650390625	951491.25	425.0833435058594	2068.416748046875	32544.	
378.8320007324219	8092.75	934700.	1226.083374023438	1667.833374023438	35536.33203125	
380.0499877929688	7124.66650390625	948452.625	558.6666870117188	1659.583374023438	33630.33203125	
381.2680053710938	7032.83349609375	905048.	375.0833435058594	1659.5	36329.91796875	
382.4859924316406	7116.25	914958.6875	291.6666564941406	1642.75	31808.5	
383.7040100097656	7041.25	943718.8125	366.75	1542.75	32143.333984375	
384.9219970703125	7575.5	976613.75	450.0833435058594	1392.5	33037.25	
386.1400146484375	7133.	989004.75	283.3333435058594	1551.083374023438	32887.25	
387.3580017089844	7508.5	953873.375	433.4166564941406	1993.333374023438	33471.83203125	
388.5769958496094	7483.5	906697.3125	316.6666564941406	8799.8330078125	34123.5	
389.7950134277344	7425.08349609375	923670.6875	358.4166564941406	1776.5	34173.25	
391.0130004882813	7066.16650390625	930477.3125	416.75	2001.583374023438	32953.66796875	
392.2309875488281	7199.66650390625	928306.6875	325.	1651.166625976563	33932.	
393.4490051269531	6966.16650390625	961933.875	325.	1826.416625976563	32711.25	
394.6669921875	8459.8330078125	941453.3125	325.	3370.5	34566.25	
395.885009765625	7266.41650390625	945270.6875	383.3333435058594	1818.166625976563	37295.41796875	
397.1029968261719	7783.83349609375	922105.3125	375.	1918.25	32368.583984375	
398.3210144042969	7900.66650390625	959953.3125	433.4166564941406	2251.833251953125	34081.91796875	
399.5390014648438	7884.	939186.75	316.6666564941406	1467.75	33221.33203125	
400.7579956054688	8568.8330078125	925917.3125	350.	1934.75	31783.833984375	
401.9760131835938	7892.33349609375	915943.3125	383.4166564941406	1834.583374023438	31382.583984375	
403.1940002441406	8535.0830078125	919406.5625	250.	3329.	31750.25	
404.4119873046875	8259.5830078125	986019.5625	316.6666564941406	2377.25	32987.25	
405.6300048828125	7433.33349609375	917633.3125	508.5	1501.166625976563	30889.666015625	
406.8479919433594	7450.08349609375	952750.125	425.0833435058594	4614.41650390625	34616.5	
408.0660095214844	8134.41650390625	973724.625	241.6666717529297	2727.833251953125	31432.25	
409.2839965820313	7500.33349609375	979283.25	333.3333435058594	3478.75	34048.08203125	
410.5020141601563	7066.25	927923.9375	483.5833435058594	6812.	32828.16796875	
411.7200012207031	8159.5	957821.3125	450.1666564941406	1776.416625976563	35268.91796875	
412.9389953613281	7775.75	953249.3125	300.	1659.5	33990.	
414.1570129394531	8017.5	952056.	425.	1501.083374023438	32661.	
415.375	8168.	938604.	350.	1734.666625976563	32535.333984375	
416.5929870605469	7391.58349609375	912816.	316.6666564941406	1692.75	32962.	
417.8110046386719	6941.08349609375	943080.	258.3333435058594	1818.083374023438	35987.66796875	
419.0289916992188	7558.58349609375	929801.3125	375.	3345.416748046875	33672.08203125	
420.2470092773438	6957.83349609375	990637.8125	358.3333435058594	1626.166625976563	35176.58203125	
421.4649963378906	7308.25	908205.3125	325.	1893.166625976563	32226.833984375	
422.6830139160156	7458.33349609375	915670.6875	300.	2510.666748046875	31917.666015625	
423.9020080566406	7141.25	967686.8125	591.8333129882813	2126.666748046875	32937.08203125	
425.1199951171875	7366.75	951502.6875	450.0833435058594	2577.25	32920.25	
426.3380126953125	8476.75	929201.3125	433.3333435058594	4966.5	33546.83203125	
427.5559997558594	7266.5	909338.	350.	2043.25	32795.25	
428.7739868164063	6999.58349609375	992348.	500.0833435058594	1642.916625976563	33297.16796875	
429.9920043945313	7124.66650390625	927836.	416.75	1751.5	34692.	
431.2099914550781	7191.33349609375	944097.3125	600.25	1676.333374023438	35369.25	
432.4280090332031	7491.83349609375	939886.6875	675.3333129882813	3412.	32702.666015625	
433.64599609375	6907.58349609375	922878.6875	650.25	3688.	36682.5	
434.864013671875	6882.66650390625	917349.125	675.25	1918.166625976563	31842.25	
436.0830078125	7183.08349609375	945341.3125	641.9166870117188	1801.25	34173.5	
437.3009948730469	6924.5	937813.875	333.3333435058594	2794.416748046875	35185.25	
438.5190124511719	7408.33349609375	945513.3125	500.1666564941406	1642.833374023438	32887.33203125	
439.7369995117188	6991.16650390625	925657.3125	308.3333435058594	2101.916748046875	31934.333984375	
440.9549865722656	6540.41650390625	925410.6875	767.1666870117188	2026.666625976563	35561.41796875	
442.1730041503906	6857.66650390625	909170.	450.1666564941406	1567.833374023438	33120.83203125	
443.3909912109375	6999.5	925444.	358.3333435058594	1801.416625976563	32167.416015625	
444.6090087890625	6991.08349609375	924702.	458.4166564941406	1717.916625976563	31490.916015625	
445.8269958496094	7032.91650390625	908417.3125	350.	1584.583374023438	32727.583984375	
447.0450134277344	6540.5	937704.5625	533.5833129882813	1501.	33907.25	
448.2640075683594	6407.08349609375	913030.6875	241.6666717529297	1626.166625976563	34123.83203125	
449.4819946289063	7374.91650390625	947011.125	391.8333435058594	1684.666625976563	34040.25	
450.7000122070313	6907.58349609375	914601.3125	658.75	1384.333374023438	32443.75	
451.9179992675781	7016.08349609375	1006310.5	917.1666870117188	1676.25	32987.08203125	
453.135986328125	7174.75	942932.	450.1666564941406	1784.666625976563	34098.58203125	
454.35400390625	6890.91650390625	961614.6875	566.8333129882813	1526.166625976563	33054.25	
455.5719909667969	7258.08349609375	1030410.4375	533.5833129882813	1626.083374023438	32360.166015625	
456.7900085449219	7032.83349609375	921069.3125	975.5833129882813	1993.333374023438	34115.16796875	
458.0079956054688	6924.5	984137.8125	1676.833374023438	1951.5	37098.83203125	
459.2269897460938	7041.16650390625	976757.375	683.5833129882813	1784.666625976563	32752.583984375	
460.4450073242188	7558.58349609375	953901.3125	533.4166870117188	1692.833374023438	36731.75	
461.6629943847656	7299.91650390625	937166.6875	583.5	3587.75	32343.333984375	
462.8810119628906	7091.33349609375	928062.6875	550.0833129882813	1701.166625976563	32786.58203125	
464.0989990234375	7416.83349609375	943624.	959.0833129882813	1617.916625976563	38017.91796875	
465.3169860839844	6940.91650390625	992475.25	566.9166870117188	1768.083374023438	33739.25	
466.5350036621094	7608.66650390625	926028.	3205.	1918.333374023438	32603.583984375	
467.7529907226563	7224.75	1009477.1875	400.	1834.666625976563	35644.91796875	
468.9710083007813	7082.91650390625	929820.6875	458.4166564941406	1801.416625976563	33496.91796875	
470.1889953613281	7066.25	943454.375	433.3333435058594	1951.583374023438	32009.083984375	
471.4079895019531	6198.41650390625	970743.8125	333.4166564941406	1759.583374023438	36839.83203125	
472.6260070800781	6824.25	925458.6875	508.3333435058594	1609.416625976563	32351.833984375	
473.843994140625	6924.33349609375	948093.3125	383.3333435058594	1459.333374023438	32209.75	
475.06201171875	7166.41650390625	931998.	458.4166564941406	1768.	32502.416015625	
476.2799987792969	6982.83349609375	936996.	383.4166564941406	1751.416625976563	33246.08203125	
477.4979858398438	6974.33349609375	938336.	425.0833435058594	1901.5	33421.91796875	
478.7160034179688	6582.25	933292.	441.75	2026.666625976563	34926.25	
479.9339904785156	7675.33349609375	932063.3125	400.0833435058594	1885.	33596.83203125	
481.1520080566406	6999.5	936213.25	433.3333435058594	1884.666625976563	35911.91796875	
482.3699951171875	7216.58349609375	914354.6875	483.4166564941406	2135.083251953125	31215.5	
483.5889892578125	6790.91650390625	976694.4375	675.3333129882813	1901.5	33872.5	
484.8070068359375	6632.25	920853.3125	892.3333129882813	2777.5	33371.33203125	
486.0249938964844	7283.33349609375	934109.3125	408.3333435058594	2243.5	31975.583984375	
487.2430114746094	6990.91650390625	938996.375	308.3333435058594	2227.	31750.083984375	
488.4609985351563	6724.08349609375	929235.3125	500.0833435058594	1801.5	33020.58203125	
489.6789855957031	6724.	915941.3125	366.6666564941406	2043.166625976563	33213.	
490.8970031738281	6991.16650390625	929830.	216.6666717529297	2068.416748046875	33446.58203125	
492.114990234375	8660.6669921875	947194.	483.5	3003.166748046875	34733.5	
493.3330078125	6206.66650390625	926514.	383.3333435058594	2060.	33196.5	
494.5509948730469	7249.83349609375	926792.	425.0833435058594	1759.666625976563	35368.91796875	
495.7699890136719	6765.75	934418.3125	466.75	1484.333374023438	33396.33203125	
496.9880065917969	7124.58349609375	950882.1875	550.25	1459.416625976563	33939.66796875	
498.2059936523438	6632.33349609375	968255.3125	325.	5208.16650390625	35202.	
499.4240112304688	6874.25	930801.6875	475.1666564941406	1843.166625976563	31867.25	
500.6419982910156	6849.16650390625	937367.5	375.	1534.416625976563	31349.25	
501.8599853515625	6548.75	924088.	541.9166870117188	1634.583374023438	33271.5	
503.0780029296875	6874.41650390625	939792.	475.25	1951.666625976563	37977.58203125	
504.2959899902344	6290.16650390625	966836.8125	416.75	1592.833374023438	33220.83203125	
505.5140075683594	6473.58349609375	945329.3125	425.1666564941406	1684.5	34032.	
506.7330017089844	6832.5	904901.3125	408.4166564941406	1901.583374023438	33487.66796875	
507.9509887695313	6582.25	949129.4375	400.0833435058594	1784.666625976563	32560.75	
509.1690063476563	6532.16650390625	917881.3125	366.6666564941406	1717.916625976563	31524.	
510.3869934082031	6548.91650390625	929757.3125	275.	1643.	35361.08203125	
511.6050109863281	6381.83349609375	957802.6875	750.5	1501.	31415.833984375	
512.822998046875	6148.25	1010987.0625	425.	1275.75	32602.166015625	
514.041015625	6240.16650390625	907210.6875	366.6666564941406	1384.25	33413.91796875	
515.2589721679688	6690.58349609375	1007679.625	383.4166564941406	1209.083374023438	33280.08203125	
516.4769897460938	6373.5	917998.6875	225.	1442.583374023438	32861.75	
517.6950073242188	6690.83349609375	1001382.75	391.75	1534.416625976563	35326.83203125	
518.9140014648438	6090.08349609375	958839.3125	433.4166564941406	1484.416625976563	32309.583984375	
520.1320190429688	6390.33349609375	981237.125	291.6666564941406	1417.583374023438	35619.41796875	
521.3499755859375	6966.16650390625	967529.3125	308.3333435058594	1409.333374023438	32243.416015625	
522.5679931640625	6582.16650390625	955002.6875	291.75	1359.25	34331.91796875	
523.7860107421875	6340.25	925049.3125	291.6666564941406	1442.833374023438	32343.666015625	
525.0040283203125	6857.75	933977.3125	258.3333435058594	1400.916625976563	34466.25	
526.2219848632813	6565.58349609375	951561.5625	425.	1509.416625976563	34307.41796875	
527.4400024414063	6799.25	942749.3125	341.75	1843.	33070.58203125	
528.6580200195313	6607.16650390625	948042.6875	458.4166564941406	1617.833374023438	32986.83203125	
529.8759765625	6340.41650390625	982353.375	508.3333435058594	1734.75	33797.66796875	
531.094970703125	7375.	1018001.1875	625.0833129882813	1526.083374023438	33797.75	
532.31298828125	6732.41650390625	978648.	541.8333129882813	1743.	35335.	
533.531005859375	6548.91650390625	976718.5	608.5833129882813	1676.25	35033.66796875	
534.7490234375	7091.33349609375	990826.875	783.6666870117188	1842.916625976563	34257.	
535.9669799804688	7049.5	952741.3125	308.4166564941406	1784.75	31374.25	
537.1849975585938	7066.08349609375	977973.3125	441.6666564941406	1851.5	33755.58203125	
538.4030151367188	6857.58349609375	942058.6875	391.75	1442.75	31716.75	
539.6209716796875	7416.66650390625	953577.3125	341.6666564941406	1843.166625976563	32259.833984375	
540.8389892578125	7667.5	971396.	450.	1425.916625976563	32544.083984375	
542.0579833984375	8376.75	951988.	483.5	3002.916748046875	33137.5	
543.2760009765625	9120.75	922021.3125	466.6666564941406	3336.75	33948.33203125	
544.4940185546875	12171.3330078125	925561.3125	508.5	1959.833374023438	32285.166015625	
545.7119750976563	13603.3330078125	938665.3125	475.	1559.583374023438	33747.25	
546.9299926757813	6799.16650390625	952196.0625	358.3333435058594	1709.583374023438	33396.16796875	
548.1480102539063	7158.08349609375	932956.	308.3333435058594	1684.5	34391.08203125	
549.3660278320313	9003.	933166.	558.5	1292.5	31482.833984375	
550.583984375	6573.91650390625	932142.6875	925.75	2035.083374023438	32386.416015625	
551.802001953125	6790.75	991019.875	358.3333435058594	1601.	33806.25	
553.02001953125	6448.75	900256.6875	333.3333435058594	2811.166748046875	31666.583984375	
554.239013671875	6999.58349609375	980680.1875	475.0833435058594	1884.75	32226.333984375	
555.4569702148438	6457.16650390625	1016522.75	483.5	1768.166625976563	33254.75	
556.6749877929688	6473.91650390625	925335.5625	366.6666564941406	1434.166625976563	32109.333984375	
557.8930053710938	6340.41650390625	960624.125	350.	1492.75	33463.58203125	
559.1110229492188	6064.75	917415.3125	358.4166564941406	1792.916625976563	32585.833984375	
560.3289794921875	6557.08349609375	919880.	450.0833435058594	1309.166625976563	35744.83203125	
561.5469970703125	6590.66650390625	923450.6875	516.8333129882813	1617.833374023438	33530.25	
562.7650146484375	6398.5	915794.6875	283.3333435058594	1517.833374023438	32694.583984375	
563.9829711914063	6590.58349609375	938965.6875	1267.75	1676.333374023438	32025.666015625	
565.2009887695313	6365.25	907417.3125	258.4166564941406	1401.	35394.58203125	
566.4199829101563	6398.83349609375	911633.3125	250.	1626.166625976563	33379.75	
567.6380004882813	6098.25	929050.6875	767.	1334.416625976563	32485.583984375	
568.8560180664063	6498.75	931565.3125	558.5833129882813	1184.	34115.16796875	
570.073974609375	6223.41650390625	914548.	291.6666564941406	1601.083374023438	32393.916015625	
571.2919921875	6423.75	935981.3125	166.6666717529297	1384.333374023438	32911.66796875	
572.510009765625	6515.5	948243.5625	366.6666564941406	1309.083374023438	32185.083984375	
573.72802734375	6273.41650390625	923597.3125	300.	3989.25	32210.166015625	
574.9459838867188	7258.25	910157.3125	333.3333435058594	1634.583374023438	33755.5	
576.1640014648438	6190.	979610.8125	266.6666564941406	1426.	33914.58203125	
577.3829956054688	6790.91650390625	924793.3125	541.8333129882813	1601.25	31499.	
578.6010131835938	6432.	920349.75	425.	1776.583374023438	33045.83203125	
579.8189697265625	6381.91650390625	936750.6875	308.3333435058594	1609.583374023438	33346.83203125	
581.0369873046875	6765.83349609375	915188.6875	391.75	1576.166625976563	32577.5	
582.2550048828125	5906.25	942860.	308.3333435058594	1659.5	34950.83203125	
583.4730224609375	6415.41650390625	928605.3125	241.6666717529297	1601.25	31825.75	
584.6909790039063	6607.25	936570.6875	366.75	1617.75	32769.5	
585.9089965820313	5998.16650390625	930170.6875	358.3333435058594	1743.	32009.583984375	
587.1270141601563	6398.75	933152.	475.0833435058594	1909.833374023438	34081.83203125	
588.344970703125	6840.83349609375	905261.3125	483.4166564941406	2727.5	31299.333984375	
589.5640258789063	6507.25	933478.6875	550.1666870117188	2251.916748046875	34624.83203125	
590.781982421875	6690.75	923377.3125	600.25	2277.083251953125	32786.41796875	
592.	6882.66650390625	931937.3125	633.5833129882813	3820.583251953125	37702.83203125	
593.218017578125	8276.5	920585.3125	1042.25	2935.916748046875	35168.25	
594.4359741210938	7016.16650390625	927392.	850.5	3720.666748046875	32735.916015625	
595.6539916992188	7224.83349609375	921378.6875	933.75	3061.083251953125	36848.33203125	
596.8720092773438	10630.5	906914.6875	558.4166870117188	4346.5	32410.25	
598.0900268554688	9536.6669921875	905952.	441.75	2360.166748046875	32352.333984375	
599.3079833984375	7817.16650390625	896794.6875	550.1666870117188	3403.333251953125	32067.75	
600.5260009765625	10722.6669921875	928210.6875	700.25	2493.75	33304.75	
601.7449951171875	7633.66650390625	1062358.5	608.4166870117188	2961.	32351.666015625	
602.9630126953125	8460.	937516.25	475.0833435058594	2660.75	32535.666015625	
604.1810302734375	6982.83349609375	923723.5	675.3333129882813	10616.8330078125	34867.75	
605.3989868164063	7333.33349609375	920355.4375	550.0833129882813	3971.166748046875	34325.16796875	
606.6170043945313	7800.5	1006452.875	533.4166870117188	10851.0830078125	31608.	
607.8350219726563	7274.83349609375	932553.3125	400.0833435058594	2160.083251953125	35251.75	
609.052978515625	8134.41650390625	927082.6875	1017.25	2335.416748046875	36480.41796875	
610.27099609375	7141.33349609375	939134.125	491.75	2126.666748046875	33203.58203125	
611.489013671875	6356.83349609375	952295.1875	433.4166564941406	2468.916748046875	31567.	
612.7069702148438	7233.25	903461.3125	667.	1776.416625976563	33371.58203125	
613.926025390625	6690.75	1022111.875	391.6666564941406	1909.833374023438	33096.16796875	
615.1439819335938	7082.91650390625	920246.6875	650.25	2235.25	30956.916015625	
616.3619995117188	7024.58349609375	906434.6875	433.3333435058594	2210.25	34099.08203125	
617.5800170898438	6999.41650390625	923550.875	716.9166870117188	2485.416748046875	31858.333984375	
618.7979736328125	8059.75	933128.	591.8333129882813	2018.333374023438	32410.583984375	
620.0159912109375	9286.8330078125	900812.	408.4166564941406	2318.833251953125	31541.416015625	
621.2340087890625	9688.8330078125	912057.3125	466.8333435058594	2243.666748046875	31750.333984375	
622.4520263671875	6899.08349609375	942314.1875	883.9166870117188	1918.166625976563	31006.75	
623.6699829101563	6799.16650390625	926067.3125	483.3333435058594	2118.333251953125	32109.75	
624.8889770507813	7950.83349609375	898922.6875	466.8333435058594	2210.166748046875	31867.666015625	
626.1069946289063	7708.91650390625	946350.6875	550.1666870117188	1767.833374023438	31641.666015625	
627.3250122070313	9588.9169921875	922377.3125	441.6666564941406	2519.	31808.75	
628.5430297851563	6715.66650390625	943060.	400.	9869.8330078125	32343.583984375	
629.760986328125	7133.08349609375	917264.	508.5	3478.416748046875	34658.08203125	
630.97900390625	8910.5830078125	915564.	483.3333435058594	3244.916748046875	33078.83203125	
632.197021484375	7433.41650390625	929408.5625	508.3333435058594	2819.333251953125	30873.083984375	
633.4149780273438	7650.33349609375	915849.3125	533.4166870117188	2377.	33680.33203125	
634.6329956054688	6799.	978488.	650.25	5752.83349609375	35126.5	
635.8510131835938	6932.66650390625	933673.3125	358.3333435058594	2485.416748046875	33462.83203125	
637.0700073242188	7567.	932743.6875	591.9166870117188	2493.916748046875	33479.83203125	
638.2880249023438	7258.16650390625	908489.3125	416.75	4329.58349609375	32611.166015625	
639.5059814453125	7249.83349609375	931178.8125	875.5833129882813	8963.4169921875	36890.	
640.7239990234375	8576.75	944704.	608.5833129882813	21390.166015625	31449.833984375	
641.9420166015625	7374.91650390625	936220.	458.5	6015.33349609375	32819.75	
643.1599731445313	7274.75	920030.6875	575.25	4079.416748046875	32569.	
644.3779907226563	6406.83349609375	920497.3125	466.8333435058594	5431.08349609375	32368.916015625	
645.5960083007813	6415.33349609375	930753.3125	316.75	3203.083251953125	32635.916015625	
646.8140258789063	7199.91650390625	901078.6875	466.75	14716.8330078125	32351.833984375	
648.031982421875	5931.33349609375	930309.3125	608.5	4764.25	31725.083984375	
649.2509765625	7433.5	903345.3125	483.4166564941406	6324.75	37743.16796875	
650.468994140625	6423.66650390625	901174.6875	441.75	1784.666625976563	35110.5	
651.68701171875	6273.5	903473.3125	491.8333435058594	2911.083251953125	34718.41796875	
652.905029296875	6790.83349609375	898310.6875	333.4166564941406	2327.083251953125	35870.16796875	
654.1229858398438	7074.91650390625	997278.5	483.5	4371.41650390625	34373.91796875	
655.3410034179688	6415.41650390625	877260.6875	466.9166564941406	1642.833374023438	31407.583984375	
656.5590209960938	6740.66650390625	898835.3125	483.5	1743.	32084.833984375	
657.7769775390625	6323.66650390625	925154.6875	558.5833129882813	1709.666625976563	32001.	
658.9949951171875	5789.41650390625	908720.	325.	1934.833374023438	32728.666015625	
660.2139892578125	6574.	956472.625	250.	2085.	31967.583984375	
661.4320068359375	6498.75	882608.6875	391.6666564941406	1467.666625976563	31524.333984375	
662.6500244140625	6123.33349609375	913316.	333.3333435058594	2101.75	33103.75	
663.8679809570313	6064.75	895338.6875	575.25	1242.333374023438	32117.916015625	
665.0859985351563	5630.91650390625	918031.625	233.3333282470703	1834.666625976563	35636.75	
666.3040161132813	6415.33349609375	886992.6875	491.8333435058594	1709.583374023438	31783.833984375	
667.52197265625	6315.25	901885.3125	300.	1651.333374023438	33522.33203125	
668.739990234375	5948.08349609375	903764.1875	383.4166564941406	1384.25	35669.91796875	
669.9580078125	6181.75	906533.3125	266.6666564941406	1426.	32009.5	
671.176025390625	6348.75	899514.6875	425.1666564941406	1451.	32870.	
672.39501953125	5939.75	888626.6875	325.0833435058594	1567.833374023438	31274.166015625	
673.6129760742188	5781.	929913.375	241.6666717529297	2560.75	32042.416015625	
674.8309936523438	5931.41650390625	893530.6875	350.	1659.5	32594.083984375	
676.0490112304688	5923.08349609375	892150.	250.	1575.916625976563	31099.25	
677.2670288085938	5939.75	895094.6875	291.6666564941406	1943.416625976563	32627.666015625	
678.4849853515625	6615.66650390625	906454.6875	375.0833435058594	2410.416748046875	33388.25	
679.7030029296875	6799.16650390625	924113.3125	441.75	2760.916748046875	31917.333984375	
680.9210205078125	7600.91650390625	901984.	441.8333435058594	7661.5	32451.75	
682.1389770507813	7049.5	909058.6875	358.4166564941406	2418.666748046875	31892.25	
683.3569946289063	7007.91650390625	925853.3125	683.6666870117188	4262.83349609375	36672.58203125	
684.5759887695313	6582.16650390625	909593.3125	541.9166870117188	4337.66650390625	32109.666015625	
685.7940063476563	6882.66650390625	921909.3125	458.4166564941406	4020.75	33246.75	
687.0120239257813	7909.25	926073.3125	658.5	3428.333251953125	32620.	
688.22998046875	8760.25	919757.3125	725.3333129882813	4054.	33430.	
689.447998046875	11132.	946132.3125	800.25	4905.58349609375	32235.083984375	
690.666015625	7650.33349609375	953589.3125	858.75	3745.333251953125	32535.916015625	
691.8839721679688	7667.	940897.3125	558.4166870117188	3611.833251953125	35410.66796875	
693.1019897460938	20349.25	940538.6875	608.5	28483.583984375	32151.25	
694.3200073242188	51593.4296875	969854.6875	842.25	5364.33349609375	35151.66796875	
695.5380249023438	28773.333984375	924546.6875	633.5833129882813	4045.75	35026.5	
696.7570190429688	24948.666015625	946336.	566.9166870117188	4045.833251953125	31332.166015625	
697.9749755859375	151456.6875	945934.875	741.9166870117188	6091.	32377.	
699.1929931640625	47247.66796875	999012.	475.	6092.58349609375	33914.33203125	
700.4110107421875	19134.75	967265.1875	733.5833129882813	4956.5	36350.66796875	
701.6290283203125	106725.6640625	975949.3125	533.4166870117188	4496.66650390625	34975.83203125	
702.8469848632813	8176.33349609375	981629.3125	550.1666870117188	6145.25	31708.416015625	
704.0650024414063	225153.84375	999619.125	508.4166564941406	3595.416748046875	101295.4453125	
705.2830200195313	31576.416015625	971904.25	683.5	2468.75	33622.08203125	
706.5009765625	29480.5	1000200.	575.1666870117188	2468.916748046875	33856.5	
707.719970703125	32648.4765625	994489.3125	575.3333129882813	5801.16650390625	33379.66796875	
708.93798828125	101670.34375	993418.	616.8333129882813	2134.916748046875	32627.666015625	
710.156005859375	44276.11328125	1024971.25	641.9166870117188	2168.416748046875	33421.16796875	
711.3740234375	6357.	1000370.6875	500.0833435058594	3278.583251953125	32870.75	
712.5919799804688	42338.76953125	1009057.3125	525.1666870117188	2460.333251953125	32360.	
713.8099975585938	7951.	1009060.	408.4166564941406	2385.416748046875	33354.58203125	
715.0280151367188	8711.1669921875	1020330.6875	375.0833435058594	2276.916748046875	32385.166015625	
716.2459716796875	6290.08349609375	1017108.	625.1666870117188	2076.666748046875	32393.916015625	
717.4639892578125	12891.	1023305.3125	475.0833435058594	2560.75	32168.	
718.6820068359375	6265.	1051155.5	566.75	3119.583251953125	31859.	
719.9010009765625	5664.41650390625	1074722.375	400.0833435058594	2026.666625976563	32469.166015625	
721.1190185546875	6215.25	1027647.5	433.4166564941406	2093.25	31241.083984375	
722.3369750976563	5914.66650390625	1057870.625	350.	1976.583374023438	34090.25	
723.5549926757813	5914.66650390625	1045657.3125	416.6666564941406	2310.25	35477.91796875	
724.7730102539063	8888.	1073102.75	566.8333129882813	2176.666748046875	34349.16796875	
725.9910278320313	119478.1640625	1064762.625	541.75	3804.333251953125	33245.75	
727.208984375	6039.83349609375	1048516.	416.6666564941406	2477.166748046875	34650.33203125	
728.427001953125	5981.41650390625	1073000.	616.8333129882813	15242.73046875	31666.75	
729.64501953125	6565.5	1068170.	416.75	2727.583251953125	31207.25	
730.8629760742188	5731.	1054258.	508.4166564941406	2427.083251953125	32251.833984375	
732.0819702148438	5814.41650390625	1028478.6875	541.8333129882813	2327.	35420.	
733.2999877929688	6523.75	1053965.375	541.9166870117188	2310.25	36171.25	
734.5180053710938	5731.08349609375	1103396.	591.75	1968.25	32661.333984375	
735.7360229492188	6089.83349609375	1137618.375	675.25	3420.	32870.25	
736.9539794921875	5922.91650390625	1047486.6875	1067.416625976563	3136.25	37710.08203125	
738.1719970703125	6273.41650390625	1079851.625	616.8333129882813	3553.5	32134.916015625	
739.3900146484375	6924.41650390625	1105097.375	558.5	3177.916748046875	33889.08203125	
740.6079711914063	5330.58349609375	1111633.375	800.4166870117188	2785.916748046875	36188.33203125	
741.8259887695313	6840.83349609375	1139933.375	791.8333129882813	4555.33349609375	33388.08203125	
743.0449829101563	15714.0830078125	1129870.75	750.3333129882813	172543.734375	36004.16796875	
744.2630004882813	6548.83349609375	1136019.	933.9166870117188	3645.333251953125	33221.16796875	
745.4810180664063	6181.75	1118838.125	775.25	4988.58349609375	33422.16796875	
746.698974609375	6382.	1117433.375	733.5	12405.25	30672.333984375	
747.9169921875	6607.33349609375	1116684.	800.3333129882813	6975.58349609375	35427.25	
749.135009765625	6223.41650390625	1145417.25	850.4166870117188	7051.41650390625	35318.66796875	
750.35302734375	6356.83349609375	1135756.	742.	4446.25	32661.	
751.5709838867188	8469.	1148017.375	741.75	4705.08349609375	32184.583984375	
752.7890014648438	6790.91650390625	1155530.	792.	4738.41650390625	31683.583984375	
754.0070190429688	85961.0625	1122074.625	1017.333312988281	8954.5	33546.75	
755.2260131835938	6456.91650390625	1181294.625	750.3333129882813	5715.16650390625	31516.5	
756.4439697265625	6265.16650390625	1126560.	766.9166870117188	8320.25	31709.	
757.6619873046875	6031.5	1183610.625	833.6666870117188	3052.833251953125	35027.91796875	
758.8800048828125	7383.58349609375	1203066.625	867.	3511.583251953125	37683.75	
760.0980224609375	6357.	1179953.375	708.5	1238947.875	33589.	
761.3159790039063	5797.83349609375	1219437.875	841.9166870117188	3928.916748046875	33621.83203125	
762.5339965820313	6073.25	1173809.375	942.25	3661.916748046875	32552.916015625	
763.7520141601563	5572.66650390625	1225783.	933.8333129882813	2885.916748046875	32493.833984375	
764.969970703125	6256.83349609375	1214189.5	691.8333129882813	4638.16650390625	34750.33203125	
766.18798828125	5956.33349609375	1206271.25	1075.75	8048.83349609375	33346.25	
767.406982421875	6573.91650390625	1176898.625	892.25	2977.75	33028.5	
768.625	6081.66650390625	1220882.625	775.3333129882813	3261.333251953125	34867.25	
769.843017578125	6089.83349609375	1198375.875	1059.	3645.333251953125	33780.83203125	
771.0609741210938	6114.91650390625	1194328.	1159.166625976563	3536.75	33756.25	
772.2789916992188	6131.66650390625	1192154.625	958.8333129882813	5256.08349609375	35235.75	
773.4970092773438	6932.91650390625	1200108.	1083.916625976563	6015.75	32969.83203125	
774.7150268554688	5814.58349609375	1155441.	1109.	3002.75	32920.66796875	
775.9329833984375	6198.33349609375	1211669.	959.	3395.083251953125	33839.08203125	
777.1510009765625	5873.	1159398.625	1000.416687011719	4671.58349609375	34140.33203125	
778.3699951171875	7058.08349609375	1192803.	1342.5	5481.08349609375	34315.66796875	
779.5880126953125	6974.41650390625	1174942.625	1017.166687011719	5514.41650390625	34015.83203125	
780.8060302734375	6632.33349609375	1168230.625	1092.333374023438	73677.140625	33179.33203125	
782.0239868164063	9253.3330078125	1187612.	875.5	9831.1669921875	34633.41796875	
783.2420043945313	7124.66650390625	1168795.25	1159.	8312.0830078125	33856.	
784.4600219726563	9913.	1128597.375	1409.333374023438	10684.6669921875	32451.916015625	
785.677978515625	34523.46875	1130548.875	1592.833374023438	5172.25	32903.41796875	
786.89599609375	7391.91650390625	1140822.625	1209.083374023438	6290.41650390625	34240.83203125	
788.114013671875	12795.3330078125	1172940.5	1025.583374023438	4304.25	32560.75	
789.3319702148438	10530.4169921875	1182993.625	1167.333374023438	6557.83349609375	31708.25	
790.551025390625	8368.4169921875	1308267.5	975.5833129882813	6708.33349609375	34842.5	
791.7689819335938	9737.8330078125	1150290.625	1425.916625976563	12509.6669921875	34165.91796875	
792.9869995117188	7733.91650390625	1139338.625	708.5	7517.75	32795.08203125	
794.2050170898438	9678.4169921875	1202941.375	900.4166870117188	13311.9169921875	33404.66796875	
795.4229736328125	10389.0830078125	1244844.	1083.916625976563	8980.5830078125	32820.08203125	
796.6409912109375	6340.33349609375	1145345.75	858.5833129882813	8178.5	34440.91796875	
797.8590087890625	7066.33349609375	1112872.75	833.75	3386.666748046875	34131.91796875	
799.0770263671875	6673.91650390625	1171549.375	766.9166870117188	5055.5	31733.75	
800.2949829101563	10693.0830078125	1131581.375	616.8333129882813	12092.75	32694.5	
801.5130004882813	9030.6669921875	1147326.625	1234.166625976563	22493.416015625	32001.	
802.7319946289063	6682.5	1107962.625	633.5833129882813	3678.583251953125	37675.5	
803.9500122070313	7249.91650390625	1125869.375	700.25	11021.5830078125	31073.25	
805.1680297851563	6306.91650390625	1121518.625	525.0833129882813	3186.5	31917.5	
806.385986328125	6181.75	1145605.375	1084.083374023438	3061.25	32092.916015625	
807.60400390625	6465.33349609375	1159438.625	833.6666870117188	3019.5	34716.83203125	
808.822021484375	6457.08349609375	1135361.75	450.	3177.666748046875	32803.5	
810.0399780273438	7758.75	1142632.	792.0833129882813	3286.416748046875	34382.58203125	
811.2579956054688	6874.25	1132204.375	508.4166564941406	2894.25	31766.75	
812.4760131835938	7166.41650390625	1094536.375	800.4166870117188	2443.75	31666.833984375	
813.6939697265625	11033.25	1141047.625	550.25	4371.41650390625	33622.41796875	
814.9130249023438	6148.16650390625	1075398.625	616.8333129882813	3019.5	30622.166015625	
816.1309814453125	6140.	1069388.	575.1666870117188	2310.416748046875	33814.66796875	
817.3489990234375	9556.25	1070884.	4617.91650390625	2185.25	35452.66796875	
818.5670166015625	5631.08349609375	1075475.	533.4166870117188	6344.08349609375	32919.66796875	
819.7849731445313	6423.75	1153276.875	450.25	2811.	30814.583984375	
821.0029907226563	5856.16650390625	1119627.875	817.0833129882813	2385.25	34039.5	
822.2210083007813	5622.58349609375	1052132.	583.4166870117188	2059.833251953125	32644.5	
823.4390258789063	5555.91650390625	1118683.25	641.8333129882813	2427.083251953125	31983.5	
824.656982421875	5681.08349609375	1115005.875	583.5	3336.75	32995.16796875	
825.8759765625	5647.83349609375	1172864.	666.8333129882813	2251.833251953125	32694.5	
827.093994140625	6098.25	1121329.375	616.8333129882813	1684.5	31332.333984375	
828.31201171875	5372.33349609375	1082357.375	675.1666870117188	2143.5	32477.083984375	
829.530029296875	5280.58349609375	1207306.25	525.1666870117188	1768.083374023438	33797.83203125	
830.7479858398438	5839.75	1088128.	483.4166564941406	1743.	32109.75	
831.9660034179688	6098.25	1058870.625	550.0833129882813	2010.	31382.666015625	
833.1840209960938	5505.83349609375	1063815.5	441.6666564941406	3103.333251953125	35661.91796875	
834.4019775390625	5180.41650390625	1084184.625	500.	5325.5	31641.75	
835.6199951171875	5264.	1089168.	533.4166870117188	2485.416748046875	33121.16796875	
836.8380126953125	6899.66650390625	1111316.	591.8333129882813	1768.	31399.416015625	
838.0570068359375	7809.91650390625	1073608.	591.8333129882813	1851.416625976563	31223.916015625	
839.2750244140625	6549.	1118949.375	641.9166870117188	2168.5	31365.833984375	
840.4929809570313	6449.	1078929.875	884.	2185.166748046875	33831.08203125	
841.7109985351563	5747.91650390625	1069273.875	525.0833129882813	2101.5	32418.666015625	
842.9290161132813	5564.16650390625	1084022.625	466.75	1859.666625976563	32911.58203125	
844.14697265625	5380.58349609375	1078737.375	633.5	1976.666625976563	32126.416015625	
845.364990234375	4955.25	1052798.75	433.4166564941406	1984.833374023438	32527.583984375	
846.5830078125	5422.5	1067118.625	591.9166870117188	2034.916625976563	34132.33203125	
847.801025390625	5188.75	1074546.125	391.75	6679.58349609375	35527.83203125	
849.0189819335938	5313.91650390625	1087037.5	500.0833435058594	1934.916625976563	31867.666015625	
850.2379760742188	5397.33349609375	1146641.875	625.0833129882813	2719.166748046875	32318.583984375	
851.4559936523438	8262.5	1022471.3125	416.6666564941406	2001.583374023438	33513.5	
852.6740112304688	5447.33349609375	1091583.375	583.5	2376.916748046875	30613.833984375	
853.8920288085938	5297.08349609375	1086508.5	491.6666564941406	3445.25	31357.083984375	
855.1099853515625	5531.08349609375	1051266.625	766.9166870117188	2427.	31850.583984375	
856.3280029296875	5597.58349609375	1147838.75	525.0833129882813	2352.083251953125	31883.833984375	
857.5460205078125	5222.08349609375	1087842.625	516.75	2110.083251953125	35895.41796875	
858.7639770507813	4946.75	1061917.75	541.8333129882813	4397.	32844.83203125	
859.9819946289063	5873.	1072952.	558.5	2352.166748046875	32285.75	
861.2009887695313	5255.58349609375	1047033.3125	425.	2093.25	32535.416015625	
862.4190063476563	5397.33349609375	1102193.375	558.5	3620.666748046875	33797.41796875	
863.6370239257813	4980.16650390625	1071502.625	575.0833129882813	2360.333251953125	32326.75	
864.85498046875	6900.66650390625	1047306.6875	591.75	2143.416748046875	30422.083984375	
866.072998046875	5205.5	1090776.625	775.4166870117188	1968.166625976563	31632.916015625	
867.291015625	5213.83349609375	1047737.3125	558.5	2936.083251953125	31591.166015625	
868.5089721679688	4846.75	1079988.75	625.1666870117188	2560.666748046875	32443.5	
869.7269897460938	5455.75	1081905.25	683.5	2276.916748046875	32510.916015625	
870.9450073242188	4771.66650390625	1059989.375	541.8333129882813	3870.833251953125	31039.916015625	
872.1630249023438	5539.33349609375	1051299.375	650.1666870117188	4598.25	32485.833984375	
873.3820190429688	5155.33349609375	1056037.375	475.0833435058594	2051.583251953125	31691.833984375	
874.5999755859375	5147.	1065915.75	466.9166564941406	1901.5	30981.666015625	
875.8179931640625	5472.41650390625	1086441.625	2152.583251953125	2026.5	30488.166015625	
877.0360107421875	6206.91650390625	1066735.	708.6666870117188	2844.416748046875	32786.41796875	
878.2540283203125	5539.16650390625	1080957.25	541.75	2226.833251953125	32402.416015625	
879.4719848632813	5672.75	1097032.125	425.0833435058594	1726.25	31850.5	
880.6900024414063	15571.3330078125	1073590.625	541.8333129882813	2318.833251953125	32444.	
881.9080200195313	5314.	1097558.625	608.5	2560.666748046875	34040.16796875	
883.1259765625	5706.08349609375	1075816.875	625.25	2034.916625976563	33905.83203125	
884.343994140625	7658.83349609375	1045005.3125	450.	1918.083374023438	31257.166015625	
885.56298828125	5572.58349609375	1045672.	625.1666870117188	2185.166748046875	33279.41796875	
886.781005859375	5781.16650390625	1025852.	391.6666564941406	14923.1669921875	31616.666015625	
887.9990234375	6858.	1086028.	558.4166870117188	3687.25	34590.66796875	
889.2169799804688	5364.	1088737.375	433.5	5014.41650390625	33455.16796875	
890.4349975585938	7526.08349609375	1047411.3125	475.0833435058594	1943.083374023438	30664.416015625	
891.6530151367188	5030.08349609375	1098824.	525.1666870117188	2218.416748046875	31424.5	
892.8709716796875	5681.	1041928.	550.	229727.328125	32285.416015625	
894.0889892578125	5497.5	1095927.875	608.5	4539.58349609375	32427.25	
895.3070068359375	5948.	1055088.625	658.5833129882813	2643.916748046875	39800.5	
896.5250244140625	14603.4541015625	1062361.375	466.6666564941406	2377.	31976.083984375	
897.7440185546875	19558.25	1098468.	783.75	2777.666748046875	33354.83203125	
898.9619750976563	10231.8330078125	1097319.875	616.75	2894.25	31775.416015625	
900.1799926757813	9454.8330078125	1060862.625	633.5	3670.5	31817.333984375	
901.3980102539063	7033.	1059067.125	483.4166564941406	4354.75	31850.916015625	
902.6160278320313	7032.91650390625	1140969.375	516.8333129882813	4905.83349609375	32276.75	
903.833984375	9228.0830078125	1061238.625	1125.666625976563	6819.75	31867.	
905.052001953125	7675.75	1054786.625	625.3333129882813	4454.66650390625	32009.25	
906.27001953125	8860.5830078125	1082813.375	591.75	6830.08349609375	33830.66796875	
907.4879760742188	12209.9169921875	1069278.625	500.0833435058594	3678.666748046875	32953.16796875	
908.7069702148438	8084.91650390625	1073949.375	616.8333129882813	4914.16650390625	33638.66796875	
909.9249877929688	7174.58349609375	1065639.75	416.75	6048.58349609375	32318.583984375	
911.1430053710938	14807.25	1060198.	575.1666870117188	5106.75	32820.08203125	
912.3610229492188	8101.08349609375	1043408.	691.9166870117188	4095.916748046875	33146.	
913.5789794921875	7208.16650390625	1048778.625	708.6666870117188	66912.015625	31842.333984375	
914.7969970703125	10191.25	1049544.	441.75	3728.666748046875	33931.	
916.0150146484375	8377.5	996065.9375	416.6666564941406	4012.333251953125	36806.41796875	
917.2329711914063	8960.8330078125	1037942.6875	658.5833129882813	2485.5	33354.66796875	
918.4509887695313	6907.83349609375	1027446.6875	458.3333435058594	2827.666748046875	31675.333984375	
919.6690063476563	7300.25	1072574.875	541.75	2577.25	34106.41796875	
920.8880004882813	6382.	1020420.6875	466.75	2877.833251953125	31490.916015625	
922.1060180664063	6632.25	1026523.1875	508.4166564941406	3862.5	32686.166015625	
923.323974609375	6131.58349609375	1015186.6875	458.3333435058594	2602.333251953125	31808.666015625	
924.5419921875	5797.66650390625	1036259.125	416.75	2427.083251953125	33605.83203125	
925.760009765625	5072.	1018677.3125	358.3333435058594	3144.666748046875	32159.583984375	
926.97802734375	11010.4169921875	1017858.6875	3715.166748046875	2468.916748046875	32694.333984375	
928.1959838867188	5839.58349609375	1058272.	541.9166870117188	2268.583251953125	32293.583984375	
929.4140014648438	6006.58349609375	1013104.	316.75	2202.	31892.416015625	
930.6320190429688	5213.75	1122010.5	400.0833435058594	3812.583251953125	32335.166015625	
931.8499755859375	7609.33349609375	1091176.375	508.4166564941406	2360.333251953125	31324.333984375	
933.0689697265625	5931.41650390625	1083722.5	625.25	2719.333251953125	31382.916015625	
934.2869873046875	5080.25	1038346.6875	533.4166870117188	1601.166625976563	32226.5	
935.5050048828125	5247.25	1033092.	617.	2335.333251953125	32477.333984375	
936.7230224609375	12531.0830078125	1066527.75	400.0833435058594	1951.25	44693.25	
937.9409790039063	5247.25	1074418.75	400.	1901.416625976563	34700.08203125	
939.1589965820313	6407.25	1048306.6875	416.75	1809.75	29920.666015625	
940.3770141601563	5414.08349609375	1062586.375	400.	1709.666625976563	33129.41796875	
941.594970703125	11591.0830078125	1017284.	408.4166564941406	2535.666748046875	31975.583984375	
942.81298828125	9690.0830078125	1074105.375	400.	1968.166625976563	32001.333984375	
944.031982421875	5397.41650390625	1091879.375	341.6666564941406	3052.833251953125	31691.666015625	
945.25	5430.66650390625	1063216.625	391.75	3219.75	31583.666015625	
946.468017578125	5363.91650390625	1082457.375	358.3333435058594	1960.	35628.08203125	
947.6859741210938	6707.5	1011014.6875	358.3333435058594	8546.3330078125	31591.166015625	
948.9039916992188	5923.16650390625	1043145.0625	475.0833435058594	15586.1669921875	32126.166015625	
950.1220092773438	5205.58349609375	1034272.0625	533.5	2477.25	32076.75	
951.3400268554688	5748.08349609375	1074269.375	416.6666564941406	2819.416748046875	31349.	
952.5579833984375	5080.33349609375	1043610.6875	483.3333435058594	2051.666748046875	31875.75	
953.7760009765625	6140.25	1039118.25	391.75	2510.666748046875	31582.666015625	
954.9940185546875	5706.08349609375	1054693.	375.1666564941406	1859.75	30430.166015625	
956.2130126953125	4713.25	1020454.6875	466.6666564941406	2385.25	36321.83203125	
957.4310302734375	4871.66650390625	1055744.	491.6666564941406	1659.666625976563	31382.666015625	
958.6489868164063	4696.41650390625	1066224.625	408.3333435058594	2076.583251953125	32803.16796875	
959.8670043945313	5021.91650390625	1031520.	475.1666564941406	1767.916625976563	34742.33203125	
961.0850219726563	5055.25	1090182.	366.6666564941406	1551.166625976563	32209.666015625	
962.302978515625	5914.83349609375	1026068.	775.5833129882813	1809.833374023438	32419.	
963.52099609375	4788.25	1032056.	483.4166564941406	2852.666748046875	32359.833984375	
964.739013671875	8003.41650390625	1032325.3125	433.4166564941406	1626.25	32594.666015625	
965.9569702148438	5455.83349609375	1055796.	450.1666564941406	1642.75	35193.83203125	
967.1749877929688	4813.16650390625	1038329.3125	475.0833435058594	2076.666748046875	33204.41796875	
968.3939819335938	5046.83349609375	1093009.5	383.3333435058594	1626.083374023438	32369.25	
969.6119995117188	4538.08349609375	1045937.5625	533.4166870117188	1784.75	31165.416015625	
970.8300170898438	4938.41650390625	1065334.625	642.	1626.25	32853.25	
972.0479736328125	11114.4169921875	1032460.	466.8333435058594	2010.	31583.	
973.2659912109375	5255.5	1009857.3125	641.9166870117188	3345.416748046875	31056.916015625	
974.4840087890625	5372.25	1091479.25	516.8333129882813	1567.833374023438	31390.833984375	
