Trace for Mass:	Na23(LR)	Mg25(LR)	Cu63(LR)	Pb208(LR)	Sn118(LR)
Resolution:	Low	Low	Low	Low	Low
					
Time	Intensity	Intensity	Intensity	Intensity	Intensity
[sec]	[cps]	[cps]	[cps]	[cps]	[cps]

1.25	77828.5	1025.75	4196.	833.6666870117188	650.1666870117188	
2.497999906539917	67028.25	1350.75	4062.416748046875	900.5	466.75	
3.746000051498413	64945.	1350.75	3903.833251953125	1017.333312988281	516.75	
4.99399995803833	68786.25	1276.	3561.833251953125	725.25	658.5	
6.242000102996826	74035.	1050.5	4020.666748046875	1476.25	508.3333435058594	
7.489999771118164	215618.46875	1676.25	9563.	1050.75	508.3333435058594	
8.73799991607666	291952.	7759.5	7266.5	1943.333374023438	625.1666870117188	
9.986000061035156	974680.5	17000.25	265919.09375	1634.583374023438	558.3333129882813	
11.23499965667725	485467.65625	14621.75	11206.	2185.25	741.9166870117188	
12.48299980163574	747790.375	9161.75	13860.6669921875	2085.	516.6666870117188	
13.73099994659424	1288725.25	8835.25	32132.666015625	1734.583374023438	608.4166870117188	
14.97900009155273	582310.5	16275.	25185.5	3069.75	633.5	
16.22699928283691	1346575.75	10037.25	28254.416015625	1993.166625976563	783.5	
17.47500038146973	624464.5	11940.25	17467.416015625	2035.166625976563	558.5833129882813	
18.72299957275391	1161502.5	12165.5	20250.666015625	2452.166748046875	691.8333129882813	
19.97100067138672	1890007.25	18052.75	19296.75	1542.833374023438	558.3333129882813	
21.2189998626709	2482261.5	16423.75	24972.583984375	2151.75	650.1666870117188	
22.46699905395508	820845.75	18276.75	23222.5	1309.25	625.0833129882813	
23.71500015258789	2441856.	14970.25	21866.333984375	1676.25	583.4166870117188	
24.9640007019043	1539070.625	14469.25	17283.416015625	2026.75	575.0833129882813	
26.21199989318848	1647892.625	14495.	21381.	1684.583374023438	633.5	
27.45999908447266	2511690.25	15697.5	14853.8330078125	1876.333374023438	650.1666870117188	
28.70800018310547	1333574.125	10012.25	15130.8330078125	1442.583374023438	566.75	
29.95599937438965	969920.125	10087.25	10796.6669921875	1809.75	708.5	
31.20400047302246	664806.25	13168.75	15297.	1209.083374023438	625.0833129882813	
32.45199966430664	749936.5625	10187.5	14888.	1175.833374023438	725.3333129882813	
33.70000076293945	702511.25	5005.	13585.75	1225.833374023438	550.1666870117188	
34.94800186157227	975095.875	7358.25	12616.25	1200.833374023438	742.	
36.19599914550781	1265607.	8285.	14294.6669921875	1442.666625976563	608.5833129882813	
37.44400024414063	490088.	5981.25	11189.0830078125	1392.583374023438	583.4166870117188	
38.69300079345703	584390.	5555.75	22258.916015625	2185.25	691.75	
39.94100189208984	1259863.5	5655.75	10930.25	1292.416625976563	683.5	
41.18899917602539	408570.	8435.25	16159.75	1668.083374023438	700.1666870117188	
42.4370002746582	711090.4375	7458.5	15723.5	1367.5	658.5	
43.68500137329102	485661.71875	5881.25	16160.6669921875	875.3333129882813	641.8333129882813	
44.93299865722656	558673.	2902.75	17112.083984375	925.5	767.	
46.18099975585938	498853.5	3728.5	12993.5830078125	1117.416625976563	641.8333129882813	
47.42900085449219	468447.3125	4379.	14380.75	1209.	666.8333129882813	
48.67699813842773	1391899.	7435.	8301.4169921875	1008.75	700.25	
49.92499923706055	662473.5	4004.	12950.5830078125	1092.333374023438	591.75	
51.17300033569336	698319.9375	3854.	11723.5830078125	1142.416625976563	650.	
52.42200088500977	401354.	3803.5	19922.916015625	1659.666625976563	658.5833129882813	
53.66999816894531	516856.625	4504.5	14387.25	1058.75	608.5	
54.91799926757813	697229.875	8260.	16382.8330078125	1359.333374023438	741.8333129882813	
56.16600036621094	438805.9375	3378.	12015.4169921875	1676.416625976563	716.9166870117188	
57.41400146484375	477760.	5756.75	23235.75	1509.333374023438	616.75	
58.6619987487793	454132.	3703.75	18641.666015625	1492.583374023438	666.9166870117188	
59.90999984741211	787970.0625	3753.75	17801.583984375	2093.416748046875	591.8333129882813	
61.15800094604492	486012.65625	4204.5	19197.25	2795.083251953125	717.	
62.40599822998047	728945.4375	4003.75	23746.5	1259.25	733.5833129882813	
63.65399932861328	410188.	4529.75	16124.1669921875	2794.333251953125	758.5	
64.90200042724609	2000400.	2777.5	32947.58203125	1718.	708.75	
66.1510009765625	600753.5	5380.75	12942.5830078125	2911.166748046875	658.5	
67.39900207519531	406426.	3478.25	14996.8330078125	3779.333251953125	666.8333129882813	
68.64700317382813	408502.78125	4404.5	15455.5830078125	2393.833251953125	608.4166870117188	
69.89499664306641	479533.4375	24295.5	12232.9169921875	7420.25	625.1666870117188	
71.14299774169922	413196.6875	2927.75	13602.25	4205.08349609375	925.3333129882813	
72.39099884033203	536828.875	2877.5	19127.083984375	3144.666748046875	691.8333129882813	
73.63899993896484	497381.375	6257.	20804.833984375	4939.75	791.9166870117188	
74.88700103759766	405586.96875	4554.75	72496.8046875	4405.41650390625	758.6666870117188	
76.13500213623047	407768.	5456.	13451.6669921875	4480.	892.1666870117188	
77.38300323486328	859872.25	6207.	54329.60546875	2977.75	791.8333129882813	
78.63099670410156	1482628.25	10440.5	12775.4169921875	3244.833251953125	883.8333129882813	
79.87999725341797	945229.25	10565.75	15247.1669921875	2886.	800.25	
81.12799835205078	771289.1875	11490.5	18275.5	4806.33349609375	933.8333129882813	
82.37599945068359	652731.1875	6707.25	29157.833984375	2268.666748046875	725.25	
83.62400054931641	596558.75	29258.25	12057.4169921875	2268.416748046875	925.5	
84.87200164794922	671320.625	8535.25	31343.916015625	1826.5	1292.666625976563	
86.12000274658203	844952.625	8810.5	29225.154296875	4404.83349609375	842.0833129882813	
87.36799621582031	1439478.5	11439.25	21218.	1901.5	741.8333129882813	
88.61599731445313	743995.375	8160.25	20511.333984375	1275.75	758.5833129882813	
89.86399841308594	643253.375	8610.5	12693.9169921875	2201.916748046875	1584.583374023438	
91.11199951171875	526542.	14549.	33797.	1417.583374023438	716.9166870117188	
92.36000061035156	765397.8125	18235.	14563.3330078125	2068.5	616.8333129882813	
93.60900115966797	772041.875	7959.5	35392.66796875	1784.833374023438	625.1666870117188	
94.85700225830078	674552.3125	10563.25	12607.9169921875	1868.166625976563	750.25	
96.10500335693359	682314.25	19656.	34330.08203125	1743.083374023438	683.6666870117188	
97.35299682617188	1048043.1875	16249.5	24934.666015625	2535.75	850.3333129882813	
98.60099792480469	1000532.4375	21262.25	27478.833984375	1776.25	708.5	
99.8489990234375	1204791.75	13970.75	21712.5	2552.416748046875	950.4166870117188	
101.0970001220703	1187846.125	21787.25	40023.33203125	1818.	975.5833129882813	
102.3450012207031	1368783.25	14771.25	39319.08203125	2160.083251953125	825.4166870117188	
103.5930023193359	1134581.625	22738.75	34820.66796875	6019.16650390625	983.75	
104.8410034179688	1582710.125	18759.75	29881.083984375	3236.416748046875	850.3333129882813	
106.088996887207	834036.625	17428.25	41421.	1701.333374023438	1192.416625976563	
107.3379974365234	1411471.75	15497.	34345.08203125	1809.75	842.0833129882813	
108.5859985351563	990358.875	37361.	25036.083984375	2502.166748046875	1042.25	
109.8339996337891	773540.875	18260.	30767.5	1492.75	875.3333129882813	
111.0820007324219	761443.4375	14346.25	44519.08203125	1642.916625976563	1100.75	
112.3300018310547	1180743.5	18579.5	36136.91796875	2618.916748046875	750.1666870117188	
113.5780029296875	2610185.75	9787.	59776.23046875	2093.416748046875	958.9166870117188	
114.8259963989258	1796036.625	26146.75	66330.75	4580.08349609375	925.25	
116.0739974975586	1099917.	7483.5	38540.08203125	3411.75	1083.916625976563	
117.3219985961914	3723553.5	9736.75	43223.75	3878.833251953125	942.0833129882813	
118.5699996948242	1123242.875	13694.25	64803.33203125	2652.416748046875	1351.	
119.818000793457	1190628.875	7608.75	27732.833984375	1784.75	867.1666870117188	
121.0670013427734	841561.375	12717.25	34955.33203125	4665.	975.5833129882813	
122.3150024414063	5066075.5	9161.	32883.25	2235.166748046875	716.9166870117188	
123.5630035400391	2477861.25	24084.	24283.	2761.	817.	
124.8109970092773	2585857.25	12843.	51179.33203125	2168.333251953125	608.5833129882813	
126.0589981079102	861192.	7959.25	42715.74609375	2585.666748046875	666.8333129882813	
127.306999206543	1742262.	14423.5	24160.75	1442.666625976563	825.3333129882813	
128.5549926757813	848157.125	5956.5	36228.25	2034.916625976563	683.5833129882813	
129.8029937744141	683237.3125	2777.25	36851.52734375	2543.833251953125	758.6666870117188	
131.0509948730469	2166147.	5255.5	46563.5	1984.916625976563	708.5833129882813	
132.2989959716797	476246.	13873.25	31790.	1643.	833.75	
133.5469970703125	1124627.875	4079.	38618.66796875	3561.916748046875	666.9166870117188	
134.7960052490234	648665.9375	13970.25	81393.4609375	1250.75	1067.25	
136.0440063476563	668435.75	5430.75	26167.083984375	1951.583374023438	892.	
137.2920074462891	551455.1875	3828.5	21319.25	1509.416625976563	700.3333129882813	
138.5399932861328	613730.125	11890.75	69908.75	1384.166625976563	983.9166870117188	
139.7879943847656	1740405.25	4029.	23175.5	1584.5	883.6666870117188	
141.0359954833984	595894.9375	11795.75	23057.166015625	1843.083374023438	566.75	
142.2839965820313	1897645.25	15078.5	30620.916015625	1943.25	1008.833312988281	
143.5319976806641	862369.5	6156.75	22111.833984375	1809.75	983.8333129882813	
144.7799987792969	810925.4375	43645.25	18853.416015625	3086.75	1033.833374023438	
146.0279998779297	2189932.25	11540.	32964.75	2193.5	800.4166870117188	
147.2760009765625	3393649.5	6207.	108097.78125	1667.916625976563	750.1666870117188	
148.5249938964844	2601757.75	5030.25	85307.2421875	1809.75	775.25	
149.7729949951172	935225.125	4029.	23031.25	1776.333374023438	900.4166870117188	
151.02099609375	1552819.5	6206.75	43762.5	1242.5	708.5833129882813	
152.2689971923828	579852.25	4905.25	29044.666015625	1426.083374023438	1142.333374023438	
153.5169982910156	773915.3125	7533.75	28191.333984375	1576.166625976563	625.1666870117188	
154.7649993896484	764487.625	7609.75	16516.	1976.5	825.3333129882813	
156.0130004882813	524432.625	5080.5	98886.3046875	1417.583374023438	600.1666870117188	
157.2610015869141	654879.375	3803.5	16867.166015625	1401.	725.3333129882813	
158.5090026855469	561101.5	18506.	107498.1875	1801.583374023438	733.5833129882813	
159.7570037841797	650990.5	2952.5	28995.5	1426.	650.3333129882813	
161.0050048828125	867106.4375	3277.75	15538.75	2586.166748046875	658.5833129882813	
162.2539978027344	971276.4375	4429.5	29299.25	2085.083251953125	983.8333129882813	
163.5019989013672	618630.0625	3603.5	28104.416015625	1776.25	925.5	
164.75	838557.375	5130.5	15563.75	1584.5	1067.333374023438	
165.9980010986328	907733.625	4354.5	18854.5	1843.083374023438	1159.	
167.2460021972656	801991.375	3803.75	31090.5	1534.416625976563	741.9166870117188	
168.4940032958984	1065755.25	4279.25	19773.666015625	1601.25	866.8333129882813	
169.7420043945313	1265296.25	7609.5	21686.583984375	1350.833374023438	758.6666870117188	
170.9900054931641	541061.4375	2752.5	19665.166015625	1309.333374023438	850.4166870117188	
172.2380065917969	542378.1875	3603.5	23088.166015625	1626.25	792.	
173.4859924316406	596614.375	2552.25	17288.583984375	1534.333374023438	616.75	
174.7339935302734	646384.3125	6006.75	19029.916015625	1634.75	741.9166870117188	
175.9830017089844	480312.	3703.25	14378.25	1609.5	908.5833129882813	
177.2310028076172	850430.75	4329.25	20482.5	2485.583251953125	1008.75	
178.47900390625	1053386.5	7408.25	20515.583984375	1851.416625976563	1067.25	
179.7270050048828	800816.	6457.	39412.75	2577.416748046875	1200.75	
180.9750061035156	928728.9375	5130.25	43074.41796875	1684.416625976563	1242.5	
182.2230072021484	1043180.25	9712.75	30484.083984375	2326.916748046875	1292.5	
183.4709930419922	2046481.5	12217.75	31516.583984375	2410.25	1350.916625976563	
184.718994140625	2829858.25	8986.	37635.08203125	1826.416625976563	1175.75	
185.9669952392578	1586673.5	6231.75	31165.083984375	1860.	1309.333374023438	
187.2149963378906	1460984.	6357.	26786.833984375	1734.583374023438	1317.75	
188.4629974365234	2234546.	5155.5	68049.0546875	1884.666625976563	1467.583374023438	
189.7120056152344	2703300.5	6707.5	25292.166015625	1776.333374023438	892.25	
190.9600067138672	1170232.375	8910.75	32523.25	1542.75	1326.	
192.2079925537109	1019467.75	9237.25	42937.58203125	1576.166625976563	1751.416625976563	
193.4559936523438	1068105.125	6106.75	32231.75	1818.	1701.25	
194.7039947509766	1114787.875	5080.25	29712.	1367.666625976563	1676.	
195.9519958496094	1589777.875	8786.75	28119.916015625	1317.583374023438	1209.083374023438	
197.1999969482422	2027288.875	6857.75	183275.28125	1442.666625976563	1275.833374023438	
198.447998046875	961749.	4354.5	33395.	1551.083374023438	1242.416625976563	
199.6959991455078	1856201.	5956.5	47184.5234375	1425.916625976563	1626.333374023438	
200.9440002441406	622292.	4329.5	47340.91796875	1359.25	1284.166625976563	
202.1920013427734	667320.	8285.75	24192.75	1275.916625976563	1351.	
203.4409942626953	1317968.5	6557.	86673.8515625	1300.75	1276.	
204.6889953613281	1513511.	9188.	27624.916015625	1267.5	1359.25	
205.9369964599609	1511743.375	10717.25	50063.58203125	1484.5	1067.416625976563	
207.1849975585938	993617.3125	4830.	22153.083984375	1634.583374023438	1200.75	
208.4329986572266	881016.125	4254.25	28024.583984375	1159.083374023438	2102.083251953125	
209.6809997558594	576113.125	39307.25	25201.166015625	1250.75	1400.916625976563	
210.9290008544922	520208.84375	4705.	19581.416015625	1100.75	892.	
212.177001953125	2100545.75	3803.75	20025.25	3771.166748046875	1217.5	
213.4250030517578	576888.625	2452.25	14981.0830078125	1042.166625976563	1050.5	
214.6730041503906	762735.625	4154.25	35400.5	1184.083374023438	716.6666870117188	
215.9210052490234	404167.125	2176.75	22313.916015625	1467.666625976563	841.9166870117188	
217.1699981689453	491893.1875	3052.75	14754.5830078125	1175.75	925.4166870117188	
218.4179992675781	1033566.75	2927.75	22851.583984375	1367.333374023438	758.5833129882813	
219.6660003662109	860368.875	2151.75	20667.5	1217.583374023438	1000.416687011719	
220.9140014648438	1435071.25	2952.25	96301.	1384.333374023438	925.4166870117188	
222.1620025634766	570450.	2202.	18514.25	1150.666625976563	716.8333129882813	
223.4100036621094	420730.	2602.	39760.48828125	1109.083374023438	967.25	
224.6580047607422	423358.	2227.	12450.4169921875	1150.583374023438	741.9166870117188	
225.906005859375	384978.	1901.75	10838.75	1108.916625976563	758.6666870117188	
227.1540069580078	3026643.25	2752.25	25409.666015625	1292.5	583.4166870117188	
228.4019927978516	2525601.	2727.5	21668.5	1175.75	900.4166870117188	
229.6499938964844	1304992.5	2327.	103190.8671875	1050.666625976563	942.1666870117188	
230.8990020751953	422289.375	2777.5	29867.416015625	1417.583374023438	2419.416748046875	
232.1470031738281	466387.5	3678.75	20261.666015625	1918.166625976563	884.	
233.3950042724609	410093.625	4229.5	18975.583984375	1742.916625976563	1117.333374023438	
234.6430053710938	694427.5	2527.25	12742.	1642.666625976563	1067.25	
235.8910064697266	582427.0625	2477.25	16358.3330078125	2001.666625976563	1133.916625976563	
237.1390075683594	405489.	1651.25	64165.11328125	1734.583374023438	841.9166870117188	
238.3869934082031	1331988.625	4655.25	14470.	1768.083374023438	900.5	
239.6349945068359	536453.1875	9787.75	21314.75	1768.166625976563	1042.333374023438	
240.8829956054688	1329901.125	5856.5	21028.583984375	1392.666625976563	1008.833312988281	
242.1309967041016	949947.1875	6107.	20553.083984375	1392.75	1167.333374023438	
243.3789978027344	801001.1875	3102.75	16658.25	1375.833374023438	1751.333374023438	
244.6280059814453	490742.75	3778.75	14078.	3245.583251953125	1150.666625976563	
245.8760070800781	678966.1875	9063.	17385.916015625	1401.	808.75	
247.1239929199219	1901706.25	3277.75	50293.69921875	1309.166625976563	992.1666870117188	
248.3719940185547	697303.375	4129.	24132.583984375	2018.333374023438	1409.333374023438	
249.6199951171875	481182.	3027.75	20706.916015625	2477.666748046875	716.8333129882813	
250.8679962158203	1001872.3125	4179.	13494.5	1642.833374023438	733.5	
252.1159973144531	528951.0625	2427.	14342.6669921875	1935.083374023438	775.1666870117188	
253.3639984130859	655661.25	2101.75	12107.5830078125	1567.75	792.0833129882813	
254.6119995117188	440854.	10442.75	13352.6669921875	1342.583374023438	683.5833129882813	
255.8600006103516	1081934.5	4104.25	18748.75	1334.416625976563	625.1666870117188	
257.1080017089844	431658.	3153.	12583.6669921875	1526.	750.1666870117188	
258.3569946289063	1346004.25	2702.5	26364.416015625	1183.916625976563	875.3333129882813	
259.6050109863281	706782.	3953.75	12491.9169921875	2093.416748046875	500.0833435058594	
260.8529968261719	633223.4375	2226.75	18660.333984375	1184.	675.0833129882813	
262.1010131835938	425404.9375	2802.75	14813.1669921875	1876.75	716.8333129882813	
263.3489990234375	565304.125	3127.75	11264.4169921875	1150.666625976563	675.1666870117188	
264.5969848632813	448079.125	6784.25	14847.3330078125	1167.416625976563	808.5833129882813	
265.8450012207031	451640.875	1826.75	14975.1669921875	1793.166625976563	775.3333129882813	
267.0929870605469	786918.	2877.75	24247.333984375	1092.416625976563	817.0833129882813	
268.3410034179688	1142820.125	1926.25	11815.6669921875	1125.5	717.	
269.5889892578125	706733.125	2176.75	8511.	1317.5	1192.416625976563	
270.8370056152344	778545.5	3303.5	8260.0830078125	1134.	875.3333129882813	
272.0859985351563	495560.	2602.25	16386.	1117.166625976563	666.75	
273.3340148925781	725376.25	3653.5	33666.91796875	1376.083374023438	850.25	
274.5820007324219	729708.625	5206.	22796.25	1434.416625976563	758.5	
275.8299865722656	733837.5	2827.5	18011.916015625	1643.	892.25	
277.0780029296875	674740.125	7684.75	69572.375	1300.916625976563	933.9166870117188	
278.3259887695313	599149.3125	6132.25	16181.4169921875	1659.5	1042.083374023438	
279.5740051269531	1997585.375	3828.5	36294.	1350.833374023438	950.5833129882813	
280.8219909667969	941336.8125	3002.5	25840.166015625	1384.416625976563	758.5833129882813	
282.0700073242188	580135.3125	3703.75	17928.	1417.75	958.75	
283.3179931640625	718799.875	3979.	21737.166015625	1534.333374023438	1117.25	
284.5660095214844	781973.125	4004.	42769.16796875	5841.66650390625	908.6666870117188	
285.8150024414063	1073173.75	5631.	44951.75	2018.416625976563	1058.833374023438	
287.06298828125	1801817.125	7309.	24122.833984375	2143.416748046875	1350.916625976563	
288.3110046386719	1084998.	4754.75	30070.333984375	2293.583251953125	1067.166625976563	
289.5589904785156	1711547.75	10615.25	39813.25	2669.	1142.25	
290.8070068359375	1543919.75	8585.	32988.66796875	3428.666748046875	1325.916625976563	
292.0549926757813	918684.875	9263.25	43143.5	2819.166748046875	1592.75	
293.3030090332031	1113779.125	6056.5	48172.16796875	2160.166748046875	3095.416748046875	
294.5509948730469	1898048.25	4354.5	35929.5	1776.5	1475.916625976563	
295.7990112304688	1466324.	6582.25	37786.75	2018.25	1042.166625976563	
297.0469970703125	2123780.	4880.	38544.75	1659.5	2619.583251953125	
298.2950134277344	1096589.5	17638.25	52216.58203125	1626.166625976563	1617.833374023438	
299.5440063476563	845069.4375	7233.5	48401.66015625	2535.75	1150.75	
300.7919921875	950751.	16456.	32350.083984375	1717.833374023438	1117.333374023438	
302.0400085449219	1254918.75	4454.75	49301.7109375	2226.916748046875	1300.75	
303.2879943847656	2827371.5	3803.75	50559.75	2193.583251953125	1109.	
304.5360107421875	1860762.875	10290.25	41584.91796875	1534.333374023438	1392.75	
305.7839965820313	1782351.5	3553.25	44550.25	1784.5	1284.166625976563	
307.0320129394531	773553.625	5580.75	97812.0703125	1734.583374023438	1325.833374023438	
308.2799987792969	941463.375	7358.75	51342.0390625	2160.083251953125	1175.583374023438	
309.5280151367188	2098332.75	3928.75	35652.25	1401.083374023438	1125.75	
310.7760009765625	954251.5	3353.	38722.58203125	1434.333374023438	958.75	
312.0239868164063	668244.	5456.	51795.1875	1392.583374023438	616.8333129882813	
313.2730102539063	540855.125	15959.25	22990.833984375	2852.916748046875	1042.166625976563	
314.52099609375	785845.0625	3303.	15638.3330078125	2502.416748046875	1092.416625976563	
315.7690124511719	589831.25	2827.5	18891.166015625	1501.	766.9166870117188	
317.0169982910156	780739.3125	5431.	23458.833984375	1751.416625976563	750.25	
318.2650146484375	760239.9375	3803.75	14211.1669921875	1217.5	808.6666870117188	
319.5130004882813	2083345.25	3528.25	30989.25	1317.666625976563	917.1666870117188	
320.760986328125	503123.65625	2927.75	16834.75	1317.583374023438	616.8333129882813	
322.0090026855469	622233.625	4404.5	14729.8330078125	1918.166625976563	741.8333129882813	
323.2569885253906	964883.	5180.75	19366.333984375	1217.5	850.25	
324.5050048828125	594599.125	2802.25	17545.083984375	1968.333374023438	983.75	
325.7529907226563	462534.25	2727.	25530.166015625	2919.666748046875	758.5	
327.0020141601563	1022696.75	4905.25	30487.583984375	2110.	766.9166870117188	
328.25	1362339.5	6657.75	34642.16796875	2927.75	1000.416687011719	
329.4979858398438	927720.75	4705.	33999.41796875	2694.166748046875	1042.333374023438	
330.7460021972656	1619849.75	5130.5	19646.583984375	2193.333251953125	741.9166870117188	
331.9939880371094	815797.	4204.	34418.91796875	2210.166748046875	892.1666870117188	
333.2420043945313	1150969.	6707.5	25621.333984375	3378.583251953125	725.1666870117188	
334.489990234375	1480347.	2827.75	21300.75	2093.416748046875	1058.916625976563	
335.7380065917969	2273673.5	3152.75	22563.5	4992.41650390625	683.6666870117188	
336.9859924316406	867099.5	3954.	35815.16796875	2602.416748046875	666.75	
338.2340087890625	855438.125	2652.25	17367.916015625	1934.75	758.6666870117188	
339.4819946289063	1336095.75	3528.25	18077.166015625	1834.666625976563	691.8333129882813	
340.7309875488281	582617.5	2802.25	32566.583984375	1592.666625976563	975.5833129882813	
341.97900390625	1154066.375	2877.5	29273.	1509.5	683.5	
343.2269897460938	1579789.25	2727.5	28109.416015625	1542.833374023438	883.75	
344.4750061035156	1067605.25	2752.5	24192.166015625	2452.333251953125	766.9166870117188	
345.7229919433594	1159521.25	2276.75	15480.5	1534.333374023438	817.	
346.9710083007813	731008.25	14129.5	11414.3330078125	2627.75	1067.333374023438	
348.218994140625	585295.875	3028.	20050.75	1592.833374023438	867.1666870117188	
349.4670104980469	975704.625	2727.25	13985.8330078125	1350.916625976563	883.8333129882813	
350.7149963378906	1032504.375	3177.75	45133.5	1526.166625976563	867.	
351.9630126953125	618988.6875	2702.5	27792.166015625	1501.166625976563	691.75	
353.2109985351563	724113.1875	3077.75	13192.6669921875	1559.5	750.1666870117188	
354.4590148925781	1597474.	3102.75	15738.6669921875	1559.5	616.6666870117188	
355.7080078125	709554.9375	4680.	33880.06640625	1542.75	616.8333129882813	
356.9559936523438	456532.4375	5956.75	15498.1669921875	1342.5	866.9166870117188	
358.2040100097656	2311220.5	10365.5	24934.583984375	1526.	675.1666870117188	
359.4519958496094	499909.59375	4029.25	19204.166015625	1526.	983.8333129882813	
360.7000122070313	421811.	11095.5	18999.	1451.	650.25	
361.947998046875	684694.625	2402.	15072.25	1234.	641.8333129882813	
363.1960144042969	855701.1875	1776.5	13185.25	1292.5	625.1666870117188	
364.4440002441406	379974.34375	1826.5	11991.3330078125	1208.916625976563	600.0833129882813	
365.6919860839844	412348.	3253.	19313.666015625	2035.083374023438	1034.	
366.9400024414063	1731289.	2227.	13927.5830078125	1275.666625976563	1601.333374023438	
368.18798828125	591750.25	5632.	13211.75	1025.5	858.6666870117188	
369.43701171875	357093.8125	2752.5	9745.5	1367.583374023438	616.8333129882813	
370.6849975585938	1968387.125	2752.5	27582.583984375	1192.5	750.3333129882813	
371.9330139160156	577253.875	2927.75	31589.166015625	1217.416625976563	817.	
373.1809997558594	723390.6875	4329.5	8409.9169921875	1434.333374023438	817.	
374.4289855957031	387236.9375	2627.25	19093.416015625	1534.5	1125.666625976563	
375.677001953125	411342.5	2251.75	12634.8330078125	1893.25	783.6666870117188	
376.9249877929688	667375.25	2677.25	29019.083984375	1392.666625976563	883.6666870117188	
378.1730041503906	576756.75	2627.25	14412.1669921875	1492.75	716.9166870117188	
379.4209899902344	529271.1875	3854.	13844.6669921875	1601.166625976563	950.5	
380.6690063476563	1497785.75	3353.25	35569.75	1409.25	1025.5	
381.9169921875	816744.125	3253.25	28547.416015625	1317.583374023438	1067.25	
383.1659851074219	477542.28125	4154.25	16830.166015625	1117.416625976563	1784.916625976563	
384.4140014648438	933343.5	9163.75	30589.166015625	1167.416625976563	1042.25	
385.6619873046875	1012966.625	3628.5	50869.33203125	2352.5	1726.416625976563	
386.9100036621094	3012801.25	3803.75	24636.333984375	1209.25	1467.666625976563	
388.1579895019531	1390098.375	4254.	32877.41796875	1209.083374023438	1818.166625976563	
389.406005859375	724625.625	4079.25	17700.333984375	1784.75	1325.916625976563	
390.6539916992188	2518088.25	7033.75	21780.	3770.833251953125	2277.083251953125	
391.9020080566406	2424521.25	4504.5	23072.833984375	1576.083374023438	1784.833374023438	
393.1499938964844	842870.875	3603.25	23934.583984375	1375.916625976563	1451.166625976563	
394.3980102539063	800178.375	3678.5	27203.916015625	1476.	1859.833374023438	
395.64599609375	770665.4375	2702.5	74737.2734375	1350.833374023438	1776.333374023438	
396.8949890136719	746727.375	4930.25	21986.25	1843.5	1718.083374023438	
398.1430053710938	823401.4375	6206.75	38961.	1350.833374023438	2126.75	
399.3909912109375	5912751.	3603.25	20006.833984375	1242.333374023438	1017.333312988281	
400.6390075683594	742435.9375	4304.25	17852.	1234.166625976563	1200.833374023438	
401.8869934082031	658127.75	2527.25	33832.5625	1250.75	1008.916687011719	
403.135009765625	631164.4375	2827.5	22634.666015625	1350.916625976563	958.9166870117188	
404.3829956054688	753639.375	2677.25	11398.25	1250.916625976563	1242.333374023438	
405.6310119628906	1020778.125	3253.	10989.	1125.583374023438	1000.666687011719	
406.8789978027344	1131411.625	1976.75	18413.833984375	1317.75	950.5833129882813	
408.1270141601563	721512.125	1951.5	15161.	1142.333374023438	833.75	
409.375	417414.125	2652.5	13086.5830078125	1050.5	875.5	
410.6239929199219	621981.6875	2327.	10546.3330078125	1234.166625976563	1033.916625976563	
411.8720092773438	407114.	1826.5	14096.75	1092.25	1184.25	
413.1199951171875	832689.0625	3453.5	15727.0830078125	1384.333374023438	858.75	
414.3680114746094	538865.875	2177.	16814.	1292.666625976563	625.0833129882813	
415.6159973144531	497844.25	2727.5	13954.5830078125	1417.666625976563	1133.916625976563	
416.864013671875	367449.5625	2777.5	27820.5	1267.416625976563	1008.916687011719	
418.1119995117188	786053.5	7234.5	37259.8125	1617.75	900.3333129882813	
419.3599853515625	419576.	3628.5	13704.0830078125	2193.5	1117.166625976563	
420.6080017089844	439900.	2377.	14900.9169921875	2168.666748046875	1434.333374023438	
421.8559875488281	372930.1875	3077.75	13401.6669921875	1918.166625976563	883.6666870117188	
423.10400390625	762617.4375	2952.5	15515.5830078125	1451.	1434.25	
424.3529968261719	500949.1875	2927.75	9620.	2276.916748046875	1209.	
425.6010131835938	614477.875	2502.	12024.3330078125	1417.75	933.75	
426.8489990234375	431317.875	3303.	11707.1669921875	1651.25	1317.5	
428.0969848632813	365557.1875	2402.	9970.75	1259.166625976563	983.75	
429.3450012207031	553156.875	4004.	9678.5	1809.833374023438	983.8333129882813	
430.5929870605469	602529.8125	3603.75	17956.	1834.833374023438	1526.25	
431.8410034179688	479565.125	3002.5	13282.7080078125	1242.416625976563	1484.416625976563	
433.0889892578125	427424.09375	2302.	12642.5	1509.5	850.4166870117188	
434.3370056152344	483988.34375	2377.	13176.4169921875	1200.75	733.5833129882813	
435.5849914550781	427878.9375	2627.	20340.	1108.916625976563	1109.	
436.8330078125	544342.9375	2302.	44394.51953125	1125.666625976563	867.	
438.0820007324219	579099.75	3203.	15146.4169921875	1317.5	1067.25	
439.3299865722656	333678.	2076.75	16234.5830078125	1033.833374023438	1017.25	
440.5780029296875	384573.4375	2201.75	17628.916015625	1434.416625976563	733.5833129882813	
441.8259887695313	336544.	2827.5	12324.4169921875	1234.083374023438	683.5	
443.0740051269531	930776.0625	4404.5	24096.666015625	1000.416687011719	967.1666870117188	
444.3219909667969	1265262.125	2101.75	27023.333984375	1117.166625976563	875.4166870117188	
445.5700073242188	581096.75	3828.75	16273.3330078125	1025.5	700.25	
446.8179931640625	573323.375	3478.25	20547.5	925.4166870117188	1459.333374023438	
448.0660095214844	952242.	2802.5	16007.5830078125	1292.583374023438	1317.583374023438	
449.3139953613281	432093.125	6107.5	16173.0830078125	1342.666625976563	958.8333129882813	
450.56201171875	887263.125	4104.	14628.4169921875	1209.083374023438	733.5833129882813	
451.8110046386719	693807.875	3102.75	14520.5	1426.166625976563	875.5	
453.0589904785156	467943.15625	3203.	25314.5	1175.666625976563	783.75	
454.3070068359375	375782.5	3203.	21579.25	1034.	800.25	
455.5549926757813	386196.	4504.5	16158.5830078125	1309.166625976563	842.	
456.8030090332031	376780.375	3503.25	16224.25	1142.333374023438	867.0833129882813	
458.0509948730469	1923441.5	2877.25	21475.75	975.5833129882813	716.8333129882813	
459.2990112304688	290367.	2527.	18290.25	1117.25	900.4166870117188	
460.5469970703125	1050608.125	2001.5	11816.5	867.0833129882813	708.5833129882813	
461.7950134277344	424811.5625	2276.75	13805.5	917.0833129882813	641.6666870117188	
463.0429992675781	870544.	3553.25	14040.0830078125	1234.	650.25	
464.2909851074219	398501.21875	4004.	15385.8330078125	1033.916625976563	833.6666870117188	
465.5400085449219	628067.5	2076.75	30585.833984375	1142.333374023438	708.5833129882813	
466.7879943847656	452770.78125	2327.	11840.5	1175.75	700.25	
468.0360107421875	350589.375	2652.25	18964.416015625	1033.916625976563	817.1666870117188	
469.2839965820313	1027424.0625	2652.5	46494.08203125	1734.666625976563	892.0833129882813	
470.5320129394531	773829.75	2301.75	9837.0830078125	1234.166625976563	750.3333129882813	
471.7799987792969	303553.	6207.25	11373.	1684.833374023438	717.	
473.0280151367188	280994.	4129.	14080.1669921875	9209.1669921875	792.	
474.2760009765625	327091.	2902.5	8802.1669921875	1134.083374023438	675.25	
475.5239868164063	533532.	3052.5	13973.75	950.5833129882813	875.4166870117188	
476.7720031738281	402805.53125	6433.25	9169.8330078125	1809.916625976563	808.6666870117188	
478.0199890136719	370554.71875	4479.75	17695.5	983.9166870117188	733.5833129882813	
479.2690124511719	335706.	2627.25	9553.3330078125	1108.833374023438	750.3333129882813	
480.5169982910156	1117828.875	2527.25	9612.25	1559.5	708.5	
481.7650146484375	555991.25	3228.	13234.75	1376.	616.8333129882813	
483.0130004882813	1691985.	3378.25	15038.25	1918.166625976563	700.1666870117188	
484.260986328125	490955.65625	4780.	36445.77734375	1492.666625976563	883.8333129882813	
485.5090026855469	613813.875	6182.	20354.5	1910.	933.8333129882813	
486.7569885253906	392164.	3403.5	54883.76171875	2944.666748046875	1284.25	
488.0050048828125	723075.125	4730.	12082.5	1417.666625976563	992.1666870117188	
489.2529907226563	607291.	4479.75	19410.666015625	2276.916748046875	992.0833129882813	
490.5010070800781	866827.5625	13022.5	17451.416015625	4589.75	767.	
491.7489929199219	666946.75	5506.	18088.25	2118.333251953125	1142.333374023438	
492.9979858398438	560222.	4704.75	19609.	2952.75	875.5	
494.2460021972656	859071.75	48655.75	17460.	2143.583251953125	808.6666870117188	
495.4939880371094	1135023.375	12368.	17844.166015625	2535.583251953125	766.9166870117188	
496.7420043945313	1052370.75	4930.25	14920.8330078125	1976.666625976563	900.3333129882813	
497.989990234375	528099.625	3303.	29076.25	3111.416748046875	650.0833129882813	
499.2380065917969	427974.46875	3928.75	14411.4169921875	7939.58349609375	692.	
500.4859924316406	1658891.5	4730.25	19509.166015625	2485.666748046875	716.9166870117188	
501.7340087890625	648160.	5330.75	9377.9169921875	1517.75	583.3333129882813	
502.9819946289063	455653.96875	3152.75	53010.15625	1909.75	750.1666870117188	
504.2300109863281	927480.875	4029.	14846.75	2577.416748046875	625.1666870117188	
505.4779968261719	1561418.375	6557.5	10078.9169921875	3570.5	942.0833129882813	
506.7269897460938	414021.96875	4454.5	43629.66796875	1559.583374023438	616.75	
507.9750061035156	512809.53125	2427.	15297.4169921875	2360.416748046875	658.5	
509.2229919433594	603004.6875	4154.	19039.25	1584.5	833.6666870117188	
510.4710083007813	1076261.625	5255.5	13677.	2853.	867.0833129882813	
511.718994140625	684748.25	5681.25	18736.833984375	1626.333374023438	984.	
512.9669799804688	794168.4375	8059.75	19655.833984375	1876.583374023438	867.0833129882813	
514.2150268554688	617101.75	9112.5	30451.416015625	1584.416625976563	633.5	
515.4630126953125	1102139.25	4354.5	37136.5	1909.916625976563	1083.916625976563	
516.7109985351563	1658668.25	4229.25	27219.833984375	2118.5	675.1666870117188	
517.958984375	2195050.5	4930.25	32561.916015625	5518.08349609375	825.25	
519.2069702148438	2161573.	9862.	34166.5	1893.25	833.6666870117188	
520.4559936523438	4597095.	5506.	59612.10546875	3837.416748046875	1425.833374023438	
521.7039794921875	1174406.5	6232.	46725.75	1851.5	1159.083374023438	
522.9520263671875	2226501.	4830.	61596.83203125	2260.25	1117.416625976563	
524.2000122070313	1310573.5	6032.	43920.	2118.333251953125	900.4166870117188	
525.447998046875	1445717.5	6607.25	118802.78125	1809.833374023438	1192.5	
526.6959838867188	2225899.75	3228.	55559.	2176.75	875.3333129882813	
527.9439697265625	2050486.5	3503.5	79916.6640625	2393.75	1450.916625976563	
529.1920166015625	1839707.625	10463.	37234.08203125	1768.	933.75	
530.4400024414063	2691780.25	3453.25	37287.66796875	1559.5	908.75	
531.68798828125	1544842.875	7509.25	57946.33203125	1267.416625976563	925.5	
532.9359741210938	1784298.5	3628.5	40147.91796875	1617.833374023438	833.6666870117188	
534.1849975585938	1900913.75	3453.25	66976.65625	1434.416625976563	775.4166870117188	
535.4329833984375	1594079.375	3353.	45017.75	1209.083374023438	1075.75	
536.6810302734375	2489257.75	2627.25	55013.83203125	1159.	691.75	
537.9290161132813	1284605.75	2902.75	32483.583984375	1801.5	675.25	
539.177001953125	2450599.75	2177.	39451.83203125	1534.333374023438	825.3333129882813	
540.4249877929688	2299773.5	2627.25	38070.91796875	2285.25	666.8333129882813	
541.6729736328125	1491270.	2376.75	32447.416015625	1376.	683.5833129882813	
542.9210205078125	795668.375	3828.75	61058.70703125	1592.833374023438	733.5833129882813	
544.1690063476563	788702.4375	4329.5	21973.75	1075.5	916.9166870117188	
545.4169921875	913262.5	2677.25	24069.	1134.083374023438	800.3333129882813	
546.6649780273438	562968.375	4429.5	36003.83203125	1768.083374023438	908.8333129882813	
547.9140014648438	1950622.75	3053.	17502.5625	1601.333374023438	733.5833129882813	
549.1619873046875	1440362.875	5055.25	18916.	2510.5	658.5833129882813	
550.4099731445313	2303453.75	2677.25	17759.083984375	1334.083374023438	425.	
551.6580200195313	327376.25	2552.	11665.3330078125	1526.25	641.6666870117188	
552.906005859375	408269.	4154.25	12107.3330078125	1851.416625976563	575.0833129882813	
554.1539916992188	281248.	3578.5	10990.5	5315.83349609375	616.8333129882813	
555.4019775390625	669033.375	4730.	8034.33349609375	2710.833251953125	625.0833129882813	
556.6500244140625	728394.3125	3378.	20995.5	2502.333251953125	633.5833129882813	
557.8980102539063	846086.1875	4379.75	12785.3330078125	2460.416748046875	550.	
559.14599609375	509722.	4429.75	7700.66650390625	4271.41650390625	625.	
560.3939819335938	711168.6875	4379.5	13794.	2735.75	600.1666870117188	
561.6430053710938	1345361.	3578.25	7141.33349609375	3161.416748046875	616.8333129882813	
562.8909912109375	641681.6875	4154.25	198906.921875	1901.416625976563	483.3333435058594	
564.1389770507813	680248.8125	4379.5	35492.75	1601.083374023438	583.4166870117188	
565.3870239257813	542314.3125	4679.75	17327.666015625	1968.333374023438	775.1666870117188	
566.635009765625	1383305.	6056.5	11691.9169921875	1726.333374023438	716.8333129882813	
567.8829956054688	687795.875	4154.	12217.5830078125	1434.333374023438	525.	
569.1309814453125	855729.75	3753.75	10613.6669921875	1742.916625976563	683.5833129882813	
570.3790283203125	562117.5	3778.75	10062.75	1926.666625976563	708.5	
571.6270141601563	629841.875	5205.25	9737.25	1401.	716.8333129882813	
572.875	3351728.5	3177.75	16441.083984375	1225.833374023438	817.	
574.1229858398438	869158.875	4054.	9094.9169921875	1317.5	683.4166870117188	
575.3720092773438	656740.	2727.25	13106.25	1009.	766.9166870117188	
576.6199951171875	424265.28125	2477.	11390.8330078125	1108.916625976563	716.8333129882813	
577.8679809570313	414018.25	7410.	8652.5830078125	1309.166625976563	800.3333129882813	
579.1160278320313	1027882.9375	3528.5	10674.	1450.916625976563	700.3333129882813	
580.364013671875	985086.6875	5531.25	12295.0830078125	1392.583374023438	733.5833129882813	
581.6119995117188	629557.375	4830.	11582.6669921875	1642.916625976563	750.1666870117188	
582.8599853515625	386263.75	2352.	9503.8330078125	1392.583374023438	683.5	
584.1079711914063	417717.	3028.	35864.	1075.583374023438	591.75	
585.3560180664063	454071.875	4830.	9921.5830078125	1459.333374023438	733.5	
586.60400390625	488003.75	3002.75	10317.5830078125	950.4166870117188	575.1666870117188	
587.8519897460938	355134.	2351.75	11767.3330078125	1909.916625976563	525.	
589.1010131835938	299185.59375	7009.	7817.25	1050.666625976563	616.8333129882813	
590.3489990234375	377827.875	3428.25	7384.08349609375	1835.	934.	
591.5969848632813	1030813.375	2627.25	5973.08349609375	1417.666625976563	641.8333129882813	
592.844970703125	728479.25	2902.75	9438.4169921875	1325.833374023438	683.5833129882813	
594.093017578125	315918.	3078.	12083.4169921875	933.8333129882813	692.	
595.3410034179688	393371.	4454.75	9413.4169921875	1042.25	658.5833129882813	
596.5889892578125	238053.	2552.	9136.9169921875	1117.416625976563	666.8333129882813	
597.8369750976563	804898.4375	2377.25	8051.66650390625	1042.166625976563	758.5833129882813	
599.0850219726563	1060154.5	6182.25	7851.	1092.333374023438	625.25	
600.3330078125	363342.21875	3228.	17422.583984375	942.0833129882813	842.1666870117188	
601.5809936523438	536169.875	3178.	8760.6669921875	1017.166687011719	758.5833129882813	
602.8300170898438	538858.1875	4229.25	9019.5	1125.583374023438	933.9166870117188	
604.0780029296875	455560.	3778.5	8543.75	1059.083374023438	791.9166870117188	
605.3259887695313	828715.25	5130.5	50177.26953125	1025.416625976563	833.75	
606.573974609375	605482.375	4254.25	14287.25	1125.583374023438	825.25	
607.822021484375	817017.875	4204.	24572.416015625	933.75	892.1666870117188	
609.0700073242188	995480.375	5255.5	16365.	1217.5	867.	
610.3179931640625	849236.25	5355.5	14970.75	1017.166687011719	858.6666870117188	
611.5659790039063	801373.5	5956.25	14954.	1000.5	750.1666870117188	
612.8140258789063	787852.4375	4654.75	25991.333984375	933.75	867.	
614.06201171875	5768781.	6056.5	20369.	1417.666625976563	750.3333129882813	
615.3099975585938	922126.25	7934.25	16652.5	1217.583374023438	883.8333129882813	
616.5590209960938	734934.	4329.5	15912.75	1067.166625976563	867.0833129882813	
617.8070068359375	515557.09375	4404.5	12024.3330078125	1434.416625976563	792.	
619.0549926757813	732249.125	4129.	12386.5830078125	1467.583374023438	1109.083374023438	
620.302978515625	2139727.	4479.5	9369.8330078125	1100.666625976563	708.4166870117188	
621.551025390625	683142.25	4304.5	12686.3330078125	950.5	700.1666870117188	
622.7990112304688	532556.1875	5355.5	13321.	933.6666870117188	700.0833129882813	
624.0469970703125	1238437.75	4054.	32213.359375	1117.25	625.25	
625.2949829101563	584664.25	7835.5	12111.25	908.8333129882813	658.4166870117188	
626.5430297851563	384727.21875	5881.75	12171.6669921875	1033.916625976563	558.5833129882813	
627.791015625	721155.9375	3353.25	7700.91650390625	1000.416687011719	633.5	
629.0390014648438	366948.40625	3453.25	8060.	900.3333129882813	641.75	
630.2880249023438	410784.6875	2627.25	7241.83349609375	1651.333374023438	600.1666870117188	
631.5360107421875	334206.0625	5281.	10080.0830078125	1134.083374023438	717.	
632.7839965820313	1385504.625	2427.	15837.6669921875	1167.416625976563	583.5	
634.031982421875	333836.	3002.75	8894.25	1217.333374023438	767.	
635.280029296875	604941.25	2902.75	5956.66650390625	1025.583374023438	666.75	
636.5280151367188	288309.625	3078.	6590.66650390625	1042.25	641.8333129882813	
637.7760009765625	339494.03125	4179.25	8184.91650390625	1350.833374023438	825.5	
639.0239868164063	478159.375	2252.	10233.8330078125	1400.916625976563	591.9166870117188	
640.27197265625	328042.	4630.	6240.16650390625	1376.	833.75	
641.52001953125	427685.	4129.25	5605.91650390625	1150.75	641.75	
642.7680053710938	535685.5625	2402.	8521.5	1409.25	516.75	
644.0170288085938	629180.5625	3753.75	9905.	1300.75	758.6666870117188	
645.2650146484375	491057.6875	3052.75	8328.5	1425.916625976563	716.8333129882813	
646.5130004882813	443617.15625	5456.	7435.75	1409.333374023438	1075.666625976563	
647.760986328125	814259.75	2201.75	11861.0830078125	1042.25	708.5	
649.0089721679688	856927.5	2101.75	6357.16650390625	1259.166625976563	483.3333435058594	
650.2570190429688	468307.90625	5581.25	6966.41650390625	1793.166625976563	575.0833129882813	
651.5050048828125	761030.625	3228.	7099.91650390625	1092.416625976563	566.8333129882813	
652.7529907226563	1140136.	7860.5	7968.91650390625	1409.333374023438	666.8333129882813	
654.0009765625	557780.875	2877.5	7901.	1467.583374023438	666.8333129882813	
655.2490234375	1046017.	8161.5	11651.6669921875	2143.5	692.	
656.4970092773438	398966.84375	4955.5	6073.41650390625	1300.916625976563	875.3333129882813	
657.7459716796875	1197679.875	2102.	8754.	1125.666625976563	658.5	
658.9940185546875	737276.875	6006.5	8001.16650390625	1651.25	650.25	
660.2420043945313	280158.	9414.75	7900.91650390625	3353.833251953125	583.4166870117188	
661.489990234375	579856.6875	3428.25	15004.8330078125	1709.75	667.	
662.7379760742188	915517.5	11666.25	21211.5	2527.333251953125	842.1666870117188	
663.9860229492188	764699.5625	15099.25	19571.916015625	3920.666748046875	800.25	
665.2340087890625	578232.5	10588.75	28490.916015625	6820.	950.5833129882813	
666.4819946289063	472641.625	14820.5	30990.833984375	3436.666748046875	9741.1669921875	
667.72998046875	589097.375	12065.75	23943.083984375	2994.5	708.4166870117188	
668.97802734375	549873.8125	6482.25	19078.666015625	2877.75	867.0833129882813	
670.2260131835938	1323228.	14247.5	22055.916015625	6000.33349609375	700.1666870117188	
671.4749755859375	1371699.75	5706.	30579.666015625	2969.5	1083.833374023438	
672.7230224609375	465882.	6657.5	24840.5	2952.833251953125	766.9166870117188	
673.9710083007813	417476.	102104.265625	16675.5	3745.916748046875	975.5	
675.218994140625	434435.125	19669.75	27772.583984375	4656.75	683.5	
676.4669799804688	512633.0625	7934.25	16240.1669921875	2085.	917.25	
677.7150268554688	526357.5625	4604.75	46150.61328125	1893.25	683.5	
678.9630126953125	948693.1875	3904.25	13419.25	3119.833251953125	833.6666870117188	
680.2109985351563	482052.	5480.5	13777.5	1534.416625976563	616.8333129882813	
681.458984375	480345.15625	4579.5	19060.583984375	1559.583374023438	650.0833129882813	
682.7069702148438	1125507.375	4129.	16042.25	2043.416625976563	683.4166870117188	
683.9550170898438	782053.5	5431.	10054.1669921875	1392.583374023438	558.3333129882813	
685.2039794921875	644764.	6157.	13810.8330078125	1801.25	758.5833129882813	
686.4520263671875	747242.375	3728.5	11482.0830078125	1259.166625976563	700.0833129882813	
687.7000122070313	778222.375	4479.5	8693.5	1943.333374023438	658.3333129882813	
688.947998046875	654110.8125	5756.	11065.5830078125	3229.	650.0833129882813	
690.1959838867188	700702.875	3403.25	15509.5830078125	1392.75	600.1666870117188	
691.4439697265625	854132.5	3753.5	8810.5	1058.916625976563	533.4166870117188	
692.6920166015625	607857.	2852.5	8727.25	1367.5	683.6666870117188	
693.9400024414063	822364.625	3903.75	9604.0830078125	1484.416625976563	608.5	
695.18798828125	425952.15625	4003.75	7283.16650390625	1284.166625976563	566.75	
696.4359741210938	600285.375	3628.5	6632.25	1250.833374023438	833.5833129882813	
697.6840209960938	784395.25	4930.5	14414.8330078125	4932.	775.4166870117188	
698.9329833984375	899398.625	2902.5	6448.75	1225.75	566.75	
700.1810302734375	527379.875	2777.75	9762.3330078125	2018.333374023438	767.	
701.4290161132813	488394.	6057.25	12328.3330078125	1626.166625976563	708.6666870117188	
702.677001953125	725810.9375	4054.	8235.	1717.916625976563	566.75	
703.9249877929688	603559.375	2427.	9846.3330078125	1701.25	750.3333129882813	
705.1729736328125	712329.0625	3328.25	10456.25	1142.416625976563	491.75	
706.4210205078125	578307.8125	3703.5	7350.25	1425.916625976563	591.6666870117188	
707.6690063476563	639451.375	3102.75	12553.3330078125	1459.333374023438	733.5	
708.9169921875	657940.25	5506.	9053.4169921875	1492.833374023438	600.	
710.1649780273438	592275.3125	2227.	20125.083984375	1075.5	633.5	
711.4130249023438	494798.	3528.5	12389.5	1492.666625976563	566.6666870117188	
712.6619873046875	726682.5625	3678.5	8335.	1275.833374023438	650.1666870117188	
713.9099731445313	486260.	2351.75	8535.25	1384.416625976563	608.5	
715.1580200195313	449057.65625	3077.75	11599.0830078125	2093.5	450.	
716.406005859375	778547.875	2927.5	11982.4169921875	1326.	575.0833129882813	
717.6539916992188	613186.	3979.	13898.5830078125	1342.583374023438	600.0833129882813	
718.9019775390625	595347.75	4404.25	14786.5	1601.166625976563	658.5833129882813	
720.1500244140625	690572.3125	3278.	8459.8330078125	1492.75	733.6666870117188	
721.3980102539063	742881.9375	3528.	14343.6669921875	1768.083374023438	600.0833129882813	
722.64599609375	1601807.125	3803.75	7516.83349609375	1109.	591.75	
723.8939819335938	594748.	3854.	9929.1669921875	1567.833374023438	641.75	
725.1420288085938	1054171.875	3027.75	9678.5830078125	1258.916625976563	716.9166870117188	
726.3909912109375	793708.75	4629.75	9344.6669921875	1250.833374023438	591.75	
727.6389770507813	839044.	3703.5	12007.8330078125	1676.333374023438	533.4166870117188	
728.8870239257813	1478156.125	5180.25	8760.4169921875	1384.333374023438	533.3333129882813	
730.135009765625	958951.6875	3278.	10913.75	1309.25	633.4166870117188	
731.3829956054688	1018543.6875	4129.25	8242.9169921875	1267.5	575.0833129882813	
732.6309814453125	1575960.5	4204.25	9052.4169921875	1442.666625976563	700.25	
733.8790283203125	1284183.75	4379.5	15742.8330078125	1317.583374023438	716.9166870117188	
735.1270141601563	770008.	3528.25	9595.25	1384.333374023438	583.3333129882813	
736.375	1062596.375	5105.25	8284.8330078125	1008.833312988281	616.75	
737.6229858398438	841387.5625	4304.25	14654.3330078125	1317.416625976563	566.75	
738.8709716796875	1175813.5	8110.	7124.83349609375	1017.25	716.9166870117188	
740.1199951171875	1134577.5	4429.75	8952.25	1426.166625976563	608.5833129882813	
741.3679809570313	1272012.125	3128.	6223.58349609375	1092.333374023438	658.4166870117188	
742.6160278320313	1016238.25	3803.5	7283.25	1284.166625976563	550.0833129882813	
743.864013671875	968321.75	3378.25	7892.58349609375	1067.166625976563	508.4166564941406	
745.1119995117188	996979.25	3228.	9044.1669921875	1134.	666.6666870117188	
746.3599853515625	974884.125	4229.5	7742.58349609375	1142.333374023438	675.0833129882813	
747.6079711914063	1061637.375	3628.5	7108.08349609375	1125.583374023438	541.75	
748.8560180664063	968404.5	4004.	6732.5	1200.666625976563	583.3333129882813	
750.10400390625	837965.75	6056.75	6424.	1042.333374023438	575.0833129882813	
751.3519897460938	991288.75	3453.25	12388.3330078125	1009.166687011719	700.3333129882813	
752.5999755859375	923982.75	4930.25	7183.25	1209.	591.8333129882813	
753.8489990234375	783738.6875	4104.	5639.5	1334.333374023438	675.1666870117188	
755.0969848632813	950633.5	3203.	6039.83349609375	875.4166870117188	533.4166870117188	
756.344970703125	807494.9375	4705.	6156.75	1100.75	650.0833129882813	
757.593017578125	982603.875	4129.	6081.66650390625	1159.	533.3333129882813	
758.8410034179688	2137030.25	5255.5	8836.6669921875	1150.583374023438	733.5	
760.0889892578125	1105841.25	4329.25	8485.5830078125	1059.166625976563	650.1666870117188	
761.3369750976563	860462.5	5631.	5706.08349609375	992.1666870117188	666.75	
762.5850219726563	1142741.	3177.75	6215.08349609375	1042.25	558.3333129882813	
763.8330078125	918987.5	4154.	6899.58349609375	1075.5	550.0833129882813	
765.0809936523438	736862.5	3903.75	6106.83349609375	917.25	750.25	
766.3289794921875	734596.	4905.	10275.	1217.5	533.4166870117188	
767.5780029296875	1069464.125	3478.5	5472.5	1309.25	541.6666870117188	
768.8259887695313	794208.5	3828.75	6449.	1092.416625976563	675.1666870117188	
770.073974609375	661937.3125	3027.5	5973.25	1092.25	708.5833129882813	
771.322021484375	879480.6875	3353.	7183.66650390625	1175.666625976563	833.6666870117188	
772.5700073242188	847531.5625	3828.5	7400.66650390625	1175.666625976563	433.4166564941406	
773.8179931640625	934893.875	3203.	5890.	1050.416625976563	633.3333129882813	
775.0659790039063	996711.875	4129.25	11938.3330078125	1509.416625976563	842.	
776.3140258789063	831796.	7384.5	6641.08349609375	1375.916625976563	767.	
777.56201171875	921253.1875	5431.	6490.58349609375	5578.	525.0833129882813	
778.8099975585938	896413.25	4379.25	7726.33349609375	1442.75	491.6666564941406	
780.0579833984375	1176609.875	4079.	6331.91650390625	1100.666625976563	650.1666870117188	
781.3060302734375	1037544.75	3253.	8294.75	1467.666625976563	608.4166870117188	
782.5549926757813	1279880.5	4980.25	10397.0830078125	1242.5	658.5	
783.802978515625	947091.0625	4304.25	6123.33349609375	1400.916625976563	641.8333129882813	
785.051025390625	960145.125	5530.75	7074.66650390625	1342.666625976563	833.6666870117188	
786.2990112304688	789951.	3052.75	7951.25	1000.5	625.0833129882813	
787.5469970703125	939248.6875	3203.	8562.	875.4166870117188	533.4166870117188	
788.7949829101563	1075374.875	4504.75	7525.41650390625	1768.25	641.8333129882813	
790.0430297851563	803832.	3428.25	6115.08349609375	1058.916625976563	675.1666870117188	
791.291015625	976963.875	3052.75	6615.58349609375	1209.083374023438	591.75	
792.5390014648438	711069.5	3678.5	7375.08349609375	1192.333374023438	733.5833129882813	
793.7869873046875	917887.1875	4054.	7441.91650390625	1117.333374023438	541.75	
795.0349731445313	810375.125	4930.25	6323.58349609375	1142.416625976563	800.25	
796.2839965820313	1220283.625	3503.5	5597.5	1125.583374023438	516.75	
797.531982421875	720637.0625	3553.5	5948.41650390625	1192.5	500.0833435058594	
798.780029296875	986944.1875	3553.25	5330.66650390625	883.75	575.0833129882813	
800.0280151367188	1013449.	3178.	6081.75	1050.5	700.25	
801.2760009765625	699804.	3203.	6390.58349609375	1075.5	625.1666870117188	
802.5239868164063	5051613.	3653.5	6657.75	1092.25	566.8333129882813	
803.77197265625	625758.25	3203.	5822.91650390625	1033.833374023438	650.1666870117188	
805.02001953125	503904.	3102.5	5739.66650390625	1067.333374023438	516.75	
806.2680053710938	599931.9375	3803.75	5739.33349609375	1434.166625976563	633.5	
807.5159912109375	719860.1875	3553.5	5706.16650390625	1017.083312988281	383.3333435058594	
808.7639770507813	940233.5	4304.25	7467.08349609375	1517.75	716.75	
810.0130004882813	714876.	4504.75	7559.41650390625	1192.5	625.0833129882813	
811.260986328125	1207793.875	4254.25	9113.5830078125	1125.666625976563	583.5	
812.5089721679688	573380.	3803.5	8102.08349609375	1134.083374023438	525.	
813.7570190429688	499841.4375	3328.25	5005.25	1042.25	625.1666870117188	
815.0050048828125	3159586.25	3528.25	10531.9169921875	1058.916625976563	533.4166870117188	
816.2529907226563	1552301.625	3228.25	6265.41650390625	1017.166687011719	550.1666870117188	
817.5009765625	532436.	4204.5	6165.08349609375	1192.416625976563	700.3333129882813	
818.7490234375	909442.375	4004.	6265.83349609375	1100.666625976563	516.6666870117188	
819.9970092773438	581490.	4003.75	4663.	1133.916625976563	575.1666870117188	
821.2449951171875	480462.	4129.25	7692.5	1075.5	433.3333435058594	
822.4929809570313	629624.375	7234.25	5297.33349609375	1100.666625976563	583.3333129882813	
823.7420043945313	763511.	4054.	8488.25	1184.083374023438	641.8333129882813	
824.989990234375	1411363.	3653.5	5781.41650390625	1184.083374023438	500.0833435058594	
826.2379760742188	1370694.375	3853.75	5422.58349609375	1142.416625976563	541.75	
827.4860229492188	441772.	3628.75	6281.91650390625	1058.75	625.0833129882813	
828.7340087890625	579466.375	3828.75	5664.41650390625	1017.25	725.25	
829.9819946289063	873234.1875	9812.75	6849.58349609375	1159.	541.8333129882813	
831.22998046875	507614.75	3703.5	6182.	1175.916625976563	608.4166870117188	
832.47802734375	431652.	2352.	6198.58349609375	1300.833374023438	691.8333129882813	
833.7260131835938	478564.59375	5030.5	6123.58349609375	1125.833374023438	450.	
834.9739990234375	544621.5	4429.5	6899.41650390625	925.4166870117188	733.5	
836.2219848632813	678116.8125	3378.5	6857.58349609375	1033.833374023438	583.4166870117188	
837.4710083007813	677150.375	3428.	6515.66650390625	1200.75	575.1666870117188	
838.718994140625	589595.	2927.75	5739.41650390625	992.25	641.9166870117188	
839.9669799804688	432638.	4078.75	7366.66650390625	1084.	550.3333129882813	
841.2150268554688	422448.	3879.	6832.58349609375	1025.583374023438	708.5833129882813	
842.4630126953125	474134.125	5956.25	17479.5	1392.583374023438	625.0833129882813	
843.7109985351563	421048.	3728.5	6248.58349609375	1726.333374023438	633.4166870117188	
844.958984375	502861.1875	4429.25	6615.66650390625	1375.833374023438	558.4166870117188	
846.2069702148438	769744.625	5405.75	9011.3330078125	1142.333374023438	591.6666870117188	
847.4550170898438	830109.5	7584.	8510.5830078125	1476.166625976563	708.4166870117188	
848.7030029296875	508828.	5606.	7825.75	1476.083374023438	575.0833129882813	
849.9509887695313	726779.875	6507.25	9536.5830078125	1350.833374023438	491.75	
851.2000122070313	443931.5	6282.	7984.33349609375	1551.083374023438	566.75	
852.447998046875	488323.	4554.75	11332.	1426.083374023438	541.6666870117188	
853.6959838867188	412884.	4529.75	10363.5830078125	1442.666625976563	658.4166870117188	
854.9439697265625	452244.	6057.	8360.0830078125	1242.416625976563	525.	
856.1920166015625	419476.	4604.75	11014.8330078125	1551.166625976563	666.8333129882813	
857.4400024414063	387620.	5355.5	15884.8330078125	1325.75	658.4166870117188	
858.68798828125	708568.5	4329.25	9344.9169921875	1192.416625976563	583.5833129882813	
859.9359741210938	627856.5625	4254.5	9286.4169921875	1442.5	558.4166870117188	
861.1840209960938	937135.5	4254.25	8426.6669921875	1267.5	441.6666564941406	
862.4320068359375	339024.	8585.75	7684.25	1267.5	616.75	
863.6799926757813	372746.	7709.25	12070.6669921875	1501.083374023438	508.3333435058594	
864.9290161132813	613120.125	4379.25	6799.25	1184.083374023438	533.4166870117188	
866.177001953125	401208.875	3428.5	6974.41650390625	1309.25	591.75	
867.4249877929688	513428.8125	5130.5	6632.5	1192.333374023438	708.6666870117188	
868.6729736328125	402876.	5806.25	7700.58349609375	875.4166870117188	666.8333129882813	
869.9210205078125	373757.125	5831.25	5923.08349609375	1084.	550.0833129882813	
871.1690063476563	485297.875	4053.75	9503.6669921875	1017.25	625.0833129882813	
872.4169921875	367220.	4554.5	7825.83349609375	942.25	658.5833129882813	
873.6649780273438	402928.	4454.25	10122.5830078125	1142.333374023438	500.	
874.9130249023438	598215.9375	4729.75	7809.83349609375	1175.75	600.1666870117188	
876.1610107421875	546392.5	3503.25	8936.3330078125	1184.	591.9166870117188	
877.4089965820313	919603.	5080.25	9278.8330078125	1242.5	550.0833129882813	
878.6580200195313	602356.5625	3653.25	11577.0830078125	1100.75	566.8333129882813	
879.906005859375	415882.	3603.5	9954.5830078125	1150.75	566.8333129882813	
881.1539916992188	424279.0625	4855.	8401.4169921875	1501.166625976563	700.1666870117188	
882.4019775390625	313744.	3503.25	8728.25	1284.083374023438	541.6666870117188	
883.6500244140625	504968.5625	5655.75	9737.3330078125	1017.166687011719	491.6666564941406	
884.8980102539063	421195.25	4855.	7008.	1017.25	600.25	
886.14599609375	362933.5	4955.25	6649.	1075.666625976563	725.1666870117188	
887.3939819335938	452882.71875	6106.75	15104.8330078125	1267.416625976563	625.25	
888.6420288085938	436652.	5606.	7826.08349609375	1401.	683.4166870117188	
889.8900146484375	905957.375	5355.5	7333.16650390625	1417.583374023438	475.0833435058594	
891.1380004882813	477084.375	7283.25	15530.0830078125	1426.	675.0833129882813	
892.3870239257813	485234.	5480.75	9127.75	1067.25	575.0833129882813	
893.635009765625	633413.5	7008.	8743.8330078125	1192.5	575.0833129882813	
894.8829956054688	572092.0625	6181.75	11425.25	1359.083374023438	608.4166870117188	
896.1309814453125	634798.4375	5205.5	10690.25	1367.5	758.5	
897.3790283203125	731640.4375	6181.75	7625.41650390625	1359.333374023438	675.0833129882813	
898.6270141601563	626423.6875	16934.75	8919.3330078125	1117.333374023438	683.5833129882813	
899.875	388312.	7383.75	6198.41650390625	1250.75	608.4166870117188	
901.1229858398438	577590.625	4754.75	5305.5	1409.333374023438	633.5	
902.3709716796875	553233.25	5781.	6256.75	1551.083374023438	625.1666870117188	
903.6190185546875	1070548.375	4804.75	7910.08349609375	1509.333374023438	666.9166870117188	
904.8670043945313	412610.	6206.75	8168.83349609375	1809.666625976563	608.5	
906.1160278320313	385272.	4429.5	5998.33349609375	2185.083251953125	541.75	
907.364013671875	554877.1875	5931.5	10209.	2443.666748046875	508.4166564941406	
908.6119995117188	532135.75	6607.5	5948.25	1834.75	533.4166870117188	
909.8599853515625	419128.	4704.75	6966.25	3294.916748046875	625.0833129882813	
911.1079711914063	543093.75	12896.75	10716.8330078125	2535.5	491.75	
912.3560180664063	497099.625	7784.	8385.	2560.666748046875	525.1666870117188	
913.60400390625	1281132.5	6156.5	8485.5	5993.08349609375	458.3333435058594	
914.8519897460938	615911.75	7658.75	5964.75	2510.5	566.6666870117188	
916.0999755859375	918795.75	8660.25	9103.25	3002.75	575.	
917.3480224609375	618940.625	10338.25	8026.75	2435.5	641.8333129882813	
918.5960083007813	409477.6875	12542.75	8836.5	1909.75	508.4166564941406	
919.844970703125	1102625.375	6006.5	8543.5830078125	2585.583251953125	533.3333129882813	
921.093017578125	366992.	5205.5	5731.08349609375	2602.5	600.0833129882813	
922.3410034179688	672721.1875	5781.25	11358.9169921875	2076.75	658.5833129882813	
923.5889892578125	332211.5	3153.	5564.41650390625	2443.75	608.5	
924.8369750976563	319064.	4154.	6215.25	1784.75	516.75	
926.0850219726563	438401.03125	7909.25	6031.5	1676.25	575.0833129882813	
927.3330078125	317131.	3303.25	5923.16650390625	1934.916625976563	541.6666870117188	
928.5809936523438	914979.125	5856.5	6416.	1476.166625976563	658.5	
929.8289794921875	416453.15625	3728.5	6341.08349609375	1609.416625976563	600.0833129882813	
931.0770263671875	335639.	5831.5	4546.16650390625	1709.583374023438	683.5833129882813	
932.3250122070313	412454.6875	5380.75	5864.91650390625	1500.916625976563	558.3333129882813	
933.573974609375	451268.875	4730.	3920.5	1551.166625976563	516.75	
934.822021484375	382108.	4429.5	5956.75	1576.166625976563	625.25	
936.0700073242188	309251.	4655.	4738.25	1434.416625976563	633.5	
937.3179931640625	278363.	3778.75	6591.33349609375	1000.583312988281	466.6666564941406	
938.5659790039063	270728.	6457.	5639.41650390625	1409.416625976563	575.	
939.8140258789063	454401.59375	4029.	5472.75	1476.166625976563	550.0833129882813	
941.06201171875	461980.4375	5981.75	4387.75	2010.166625976563	600.0833129882813	
942.3099975585938	479187.75	3102.75	5164.	1042.25	608.4166870117188	
943.5579833984375	391807.9375	3077.75	5113.75	1425.833374023438	700.1666870117188	
944.8060302734375	588162.4375	3478.5	6607.91650390625	1175.833374023438	541.75	
946.0540161132813	274768.	3829.	5614.83349609375	1359.166625976563	600.0833129882813	
947.302978515625	433274.84375	12270.75	5806.16650390625	1401.	575.	
948.551025390625	296859.6875	3779.	5005.08349609375	1000.5	791.8333129882813	
949.7990112304688	327225.875	6006.5	4696.41650390625	983.9166870117188	600.1666870117188	
951.0469970703125	497971.59375	5405.75	5264.	1083.916625976563	541.6666870117188	
952.2949829101563	253718.0625	4704.5	7367.08349609375	1050.583374023438	650.1666870117188	
953.5430297851563	325810.	4654.75	4638.08349609375	1075.583374023438	708.5833129882813	
954.791015625	299891.	4980.5	6916.16650390625	1042.25	641.8333129882813	
956.0390014648438	258027.	3853.75	6490.66650390625	933.8333129882813	533.4166870117188	
957.2869873046875	353072.625	9086.5	5380.58349609375	1200.75	441.75	
958.5349731445313	629864.1875	4454.5	6966.25	1067.166625976563	550.0833129882813	
959.7830200195313	400323.21875	8510.75	9563.	1284.	741.8333129882813	
961.031982421875	421098.0625	6031.5	10096.5	1025.666625976563	641.8333129882813	
962.280029296875	295464.	5205.5	6824.25	1133.916625976563	633.5	
963.5280151367188	389847.84375	4830.	8710.5830078125	1100.583374023438	583.5	
964.7760009765625	365014.	3853.75	10213.5830078125	1025.583374023438	658.3333129882813	
966.0239868164063	372679.4375	4229.5	6982.91650390625	1200.666625976563	608.4166870117188	
967.27197265625	288738.	4629.75	10221.9169921875	1025.5	716.9166870117188	
968.52001953125	393398.	5180.5	7099.66650390625	1242.5	591.8333129882813	
969.7680053710938	792509.1875	5530.75	8844.	1276.	483.4166564941406	
971.0159912109375	523133.90625	5205.25	9053.	1576.	658.5	
972.2639770507813	580749.	7208.25	7642.16650390625	1050.583374023438	533.4166870117188	
973.5120239257813	713221.25	9737.	9094.1669921875	1150.75	566.8333129882813	
974.760986328125	590720.625	8810.25	9687.25	1384.25	608.3333129882813	
976.0089721679688	743147.9375	7058.	8910.5830078125	1142.333374023438	550.0833129882813	
977.2570190429688	852479.75	7708.75	10980.6669921875	1042.166625976563	558.4166870117188	
978.5050048828125	626349.	9587.25	9887.1669921875	1209.166625976563	650.0833129882813	
979.7529907226563	629680.1875	5280.25	12091.	1275.833374023438	541.6666870117188	
981.0009765625	525196.625	7783.75	10538.0830078125	1100.666625976563	616.9166870117188	
982.2490234375	456987.375	7709.25	10346.0830078125	1534.416625976563	558.3333129882813	
983.4970092773438	517482.	11264.25	14119.75	1225.75	633.5	
984.7449951171875	568096.	10813.75	10546.4169921875	1192.333374023438	525.0833129882813	
985.9929809570313	668452.4375	24328.	10513.1669921875	2210.416748046875	650.1666870117188	
987.2410278320313	503902.	18055.25	13794.1669921875	1301.	491.75	
988.489990234375	538200.5	13092.5	9636.8330078125	1108.916625976563	608.5	
989.7379760742188	423222.	7608.5	8818.9169921875	1058.916625976563	716.8333129882813	
990.9860229492188	429380.	11189.5	11349.	1200.75	366.6666564941406	
992.2340087890625	577616.125	16754.	9520.4169921875	983.9166870117188	491.6666564941406	
993.4819946289063	584953.125	16529.25	8635.6669921875	1259.083374023438	591.8333129882813	
994.72998046875	383294.5625	9537.	7733.91650390625	1117.416625976563	683.5833129882813	
995.97802734375	254134.	13620.	6382.08349609375	1150.75	508.5	
997.2260131835938	369578.75	11289.75	6282.	1225.833374023438	666.8333129882813	
998.4739990234375	275635.	15047.25	9479.8330078125	1325.916625976563	650.1666870117188	
