Trace for Mass:	Al27(MR)	Si28(MR)	Ca44(MR)	Fe56(MR)	S32(MR)
Resolution:	Medium	Medium	Medium	Medium	Medium
					
Time	Intensity	Intensity	Intensity	Intensity	Intensity
[sec]	[cps]	[cps]	[cps]	[cps]	[cps]

1.22000002861023	1931.5	694398.	158.3333282470703	1017.166687011719	25875.	
2.437999963760376	2009.916625976563	727856.6875	108.3333358764648	1067.333374023438	30362.666015625	
3.655999898910523	2076.5	743487.3125	175.	858.75	28859.666015625	
4.874000072479248	2360.25	746880.6875	108.3333358764648	842.0833129882813	30070.416015625	
6.092000007629395	2176.833251953125	726772.6875	158.3333282470703	900.4166870117188	27698.	
7.309999942779541	2310.25	738038.6875	241.6666717529297	958.8333129882813	29569.25	
8.529000282287598	2477.166748046875	743282.6875	316.75	1292.5	28525.5	
9.746999740600586	2819.25	851252.9375	333.3333435058594	1200.583374023438	29218.666015625	
10.96500015258789	2877.416748046875	798792.	375.0833435058594	2076.833251953125	28023.666015625	
12.18299961090088	2210.	797472.6875	350.	1367.583374023438	28241.166015625	
13.40100002288818	3754.083251953125	788618.	408.3333435058594	1350.833374023438	27380.416015625	
14.61900043487549	2427.	802552.125	525.1666870117188	1142.25	29127.166015625	
15.83699989318848	2368.75	821282.	400.0833435058594	1392.583374023438	29360.583984375	
17.05500030517578	2293.583251953125	798562.	333.3333435058594	22340.041015625	28976.583984375	
18.27300071716309	2126.666748046875	782982.6875	350.0833435058594	1200.666625976563	30380.166015625	
19.49099922180176	3461.833251953125	763526.6875	200.	1142.416625976563	28617.333984375	
20.70999908447266	5633.91650390625	781683.3125	266.6666564941406	975.5	27890.166015625	
21.92799949645996	2694.	773993.125	341.6666564941406	1125.833374023438	27339.083984375	
23.14599990844727	4790.08349609375	763187.3125	708.9166870117188	1008.916687011719	29201.833984375	
24.36400032043457	5457.83349609375	772238.6875	291.6666564941406	11470.5	29569.583984375	
25.58200073242188	3896.083251953125	767005.3125	291.6666564941406	1042.25	29302.416015625	
26.79999923706055	2477.083251953125	852041.3125	491.8333435058594	1442.666625976563	29527.5	
28.01799964904785	2435.25	779968.6875	391.8333435058594	1075.666625976563	29628.25	
29.23600006103516	3370.	759792.	216.6666717529297	1876.583374023438	28968.333984375	
30.45400047302246	2351.916748046875	765006.6875	300.0833435058594	1651.166625976563	27564.5	
31.67200088500977	6310.66650390625	783118.6875	308.3333435058594	1542.583374023438	28416.333984375	
32.89099884033203	68826.6015625	767343.3125	250.	1200.75	28617.	
34.10900115966797	8739.4169921875	767074.6875	100.	1668.083374023438	29035.25	
35.32699966430664	3703.666748046875	763100.6875	200.	1309.333374023438	28658.916015625	
36.54499816894531	3169.833251953125	804334.6875	316.75	1342.5	28283.	
37.76300048828125	2777.5	954059.8125	283.3333435058594	992.1666870117188	29077.083984375	
38.98099899291992	2502.25	780058.6875	200.	1542.833374023438	29636.5	
40.19900131225586	2927.666748046875	767740.6875	283.3333435058594	1159.083374023438	28600.333984375	
41.41699981689453	2510.5	755876.	308.3333435058594	1709.75	30471.75	
42.6349983215332	3419.916748046875	776605.3125	175.	2244.	30455.5	
43.85400009155273	2335.25	755837.3125	400.	1108.916625976563	27389.166015625	
45.07199859619141	2351.916748046875	757144.	275.	808.6666870117188	30129.333984375	
46.29000091552734	2235.25	770004.	391.9166564941406	958.6666870117188	29043.166015625	
47.50799942016602	2510.5	770404.6875	200.	883.9166870117188	28533.583984375	
48.72600173950195	2552.166748046875	759584.6875	275.	1092.333374023438	28024.083984375	
49.94400024414063	2302.	778398.6875	216.6666717529297	1025.583374023438	28149.333984375	
51.1619987487793	2543.666748046875	757114.6875	266.6666564941406	9154.0830078125	28541.833984375	
52.38000106811523	2577.25	772944.	208.3333282470703	983.6666870117188	29318.833984375	
53.59799957275391	2352.	782734.6875	216.6666717529297	1109.	29193.583984375	
54.81600189208984	2752.416748046875	760210.6875	241.75	1025.583374023438	28809.416015625	
56.03499984741211	2543.916748046875	745886.6875	283.3333435058594	1034.	28475.333984375	
57.25299835205078	2485.333251953125	761270.6875	300.0833435058594	1459.25	27514.	
58.47100067138672	2285.333251953125	776295.3125	266.6666564941406	1042.333374023438	28758.833984375	
59.68899917602539	2777.416748046875	782485.3125	241.6666717529297	933.75	28842.416015625	
60.90700149536133	2435.416748046875	811791.5625	150.	967.1666870117188	29745.	
62.125	2477.166748046875	768846.	191.6666717529297	1634.583374023438	28926.166015625	
63.34299850463867	2402.083251953125	769845.3125	216.6666717529297	1008.916687011719	27430.75	
64.56099700927734	2510.416748046875	786070.	208.3333282470703	1125.75	29644.333984375	
65.77899932861328	2669.083251953125	777950.	250.	950.5833129882813	29820.083984375	
66.99700164794922	2435.5	783361.3125	150.	1434.333374023438	30279.75	
68.21600341796875	2735.833251953125	780669.3125	258.3333435058594	1150.583374023438	28249.166015625	
69.43399810791016	2919.166748046875	793860.	275.	1434.416625976563	28182.583984375	
70.65200042724609	2719.	778880.6875	275.	1025.5	28600.333984375	
71.87000274658203	2685.666748046875	777810.6875	233.3333282470703	1301.	28934.416015625	
73.08799743652344	2368.666748046875	781810.	233.3333282470703	1050.666625976563	28884.333984375	
74.30599975585938	2527.25	791602.	266.6666564941406	1134.	29319.	
75.52400207519531	2510.333251953125	776738.	241.6666717529297	1100.583374023438	30480.083984375	
76.74199676513672	3102.75	781092.6875	166.6666717529297	1125.666625976563	28542.166015625	
77.95999908447266	3520.166748046875	759833.3125	325.	1175.75	29553.	
79.17900085449219	2435.333251953125	785919.3125	158.3333282470703	1200.666625976563	31140.75	
80.39700317382813	2969.416748046875	768088.	108.3333358764648	1125.583374023438	29126.583984375	
81.61499786376953	2427.083251953125	790340.6875	183.3333282470703	1067.25	29578.	
82.83300018310547	2335.416748046875	769907.3125	216.6666717529297	1100.583374023438	28082.333984375	
84.05100250244141	3670.416748046875	767459.5625	275.0833435058594	1008.75	28868.166015625	
85.26899719238281	2335.25	780355.3125	183.3333282470703	1042.333374023438	28984.583984375	
86.48699951171875	2427.	784593.3125	233.3333282470703	892.	30664.083984375	
87.70500183105469	2927.666748046875	777971.3125	150.	1200.916625976563	28583.416015625	
88.92299652099609	2677.5	760484.	133.3333282470703	1042.25	29285.5	
90.14099884033203	6652.83349609375	773625.3125	158.3333282470703	1042.416625976563	28174.333984375	
91.36000061035156	2986.	793632.25	158.3333282470703	1117.333374023438	28466.25	
92.5780029296875	2593.916748046875	771756.6875	200.	1225.833374023438	27581.333984375	
93.79599761962891	17125.833984375	777221.3125	183.3333282470703	1384.083374023438	29294.333984375	
95.01399993896484	2794.	825429.3125	266.6666564941406	1843.333374023438	29302.	
96.23200225830078	2852.333251953125	787378.	200.	1559.416625976563	29009.916015625	
97.44999694824219	2744.25	766684.	283.4166564941406	2669.333251953125	29736.833984375	
98.66799926757813	3203.	781860.1875	258.3333435058594	1751.416625976563	30438.75	
99.88600158691406	2702.333251953125	793232.	241.6666717529297	1576.25	28341.833984375	
101.1039962768555	4371.83349609375	760282.6875	166.6666717529297	1768.083374023438	27690.	
102.3219985961914	2644.083251953125	771641.3125	241.6666717529297	1459.333374023438	29636.25	
103.5410003662109	4003.916748046875	775016.6875	233.4166717529297	1676.333374023438	28132.333984375	
104.7590026855469	3086.083251953125	769672.6875	208.3333282470703	1617.75	31157.166015625	
105.9769973754883	3578.416748046875	770131.8125	150.	1058.833374023438	28408.166015625	
107.1949996948242	2785.833251953125	779200.	158.3333282470703	2160.166748046875	29185.166015625	
108.4130020141602	2627.25	783366.	175.	1551.166625976563	26904.416015625	
109.6309967041016	2627.333251953125	782740.375	208.3333282470703	1050.666625976563	28233.333984375	
110.8489990234375	3011.	779445.3125	141.6666717529297	1050.5	28300.083984375	
112.0670013427734	3311.5	811940.125	141.6666717529297	1359.166625976563	29151.5	
113.2850036621094	3428.416748046875	770134.375	141.6666717529297	1501.	28609.	
114.5029983520508	2677.25	772902.6875	133.3333282470703	1935.	28149.333984375	
115.7220001220703	2677.25	767768.6875	166.6666717529297	1192.333374023438	27171.75	
116.9400024414063	4413.	763493.3125	233.3333282470703	1601.25	28040.5	
118.1579971313477	3161.333251953125	831948.3125	233.3333282470703	1492.75	28825.833984375	
119.3759994506836	2894.333251953125	759930.	133.3333282470703	2711.166748046875	32126.25	
120.5940017700195	2527.25	778013.3125	283.3333435058594	1150.666625976563	28382.916015625	
121.8119964599609	3462.	810052.6875	208.3333282470703	15141.25	31257.166015625	
123.0299987792969	2777.5	770224.	208.3333282470703	4466.33349609375	28992.916015625	
124.2480010986328	3002.75	855300.	133.3333282470703	1718.083374023438	27364.166015625	
125.4660034179688	2994.416748046875	755502.6875	225.	1200.666625976563	27882.083984375	
126.6849975585938	2952.75	775447.3125	233.3333282470703	1225.75	26645.416015625	
127.9029998779297	2527.083251953125	782559.3125	166.6666717529297	1067.333374023438	27940.166015625	
129.1210021972656	2702.333251953125	773914.6875	308.4166564941406	1242.416625976563	29277.	
130.3390045166016	2502.166748046875	811209.4375	283.3333435058594	1000.583312988281	29436.333984375	
131.5570068359375	2752.416748046875	801633.3125	308.3333435058594	1134.083374023438	29285.416015625	
132.7749938964844	2393.666748046875	800967.3125	325.	1142.416625976563	28207.916015625	
133.9929962158203	2610.583251953125	809678.6875	275.0833435058594	1150.75	29602.75	
135.2109985351563	2477.166748046875	801342.	942.4166870117188	1025.583374023438	31316.166015625	
136.4290008544922	2460.5	789827.3125	233.3333282470703	1109.	27622.75	
137.6470031738281	2410.416748046875	779049.3125	200.	1059.	29411.083984375	
138.8659973144531	2427.083251953125	814050.125	200.	1167.416625976563	30589.5	
140.0839996337891	2535.416748046875	820290.6875	200.	1167.333374023438	29427.333984375	
141.302001953125	2535.416748046875	819120.375	191.6666717529297	950.5833129882813	29545.	
142.5200042724609	2368.666748046875	785035.3125	250.	1075.583374023438	29318.833984375	
143.7380065917969	2210.	793190.	233.3333282470703	1159.083374023438	29711.583984375	
144.9559936523438	2552.25	772218.	191.6666717529297	1342.583374023438	29711.666015625	
146.1739959716797	2368.666748046875	766696.6875	275.	1100.583374023438	28784.416015625	
147.3919982910156	2493.833251953125	778579.3125	233.3333282470703	1125.5	27915.75	
148.6100006103516	2493.833251953125	778582.	125.	933.9166870117188	28249.25	
149.8280029296875	2210.083251953125	761642.6875	258.4166564941406	992.3333129882813	28299.583984375	
151.0469970703125	2035.	786624.	683.9166870117188	967.25	28985.083984375	
152.2649993896484	2510.5	778641.3125	208.3333282470703	1175.833374023438	28575.166015625	
153.4830017089844	2418.5	797001.3125	208.3333282470703	1100.583374023438	28308.166015625	
154.7010040283203	2201.75	797769.3125	308.3333435058594	1067.333374023438	28809.25	
155.9190063476563	2443.666748046875	765598.6875	191.6666717529297	1417.666625976563	29720.083984375	
157.1369934082031	2527.166748046875	807839.6875	208.3333282470703	1626.333374023438	31474.583984375	
158.3549957275391	3770.416748046875	784816.6875	141.6666717529297	1092.083374023438	29101.666015625	
159.572998046875	2318.583251953125	781072.	158.3333282470703	1184.166625976563	28642.166015625	
160.7910003662109	2460.5	766232.6875	200.	1267.5	27531.166015625	
162.0099945068359	60405.625	780057.5	166.6666717529297	1058.916625976563	29218.583984375	
163.2279968261719	2627.333251953125	771914.25	200.	1192.333374023438	28675.5	
164.4459991455078	2510.5	769292.	166.6666717529297	1067.333374023438	28951.083984375	
165.6640014648438	2310.166748046875	765577.3125	183.3333282470703	2444.416748046875	29318.833984375	
166.8820037841797	2402.	765047.3125	191.6666717529297	1359.25	28575.333984375	
168.1000061035156	2518.833251953125	775526.	250.0833282470703	5544.66650390625	28968.416015625	
169.3179931640625	2485.416748046875	765262.6875	141.6666717529297	1025.583374023438	29669.833984375	
170.5359954833984	3244.916748046875	773019.3125	216.6666717529297	967.	30822.75	
171.7539978027344	2794.083251953125	797556.6875	166.6666717529297	1042.333374023438	29920.583984375	
172.9720001220703	2518.833251953125	780730.	225.	1125.666625976563	31808.5	
174.1909942626953	2285.166748046875	788510.6875	125.	1100.583374023438	29737.5	
175.4089965820313	2343.666748046875	778649.3125	150.	1400.916625976563	28667.666015625	
176.6269989013672	2260.166748046875	826023.875	141.6666717529297	1175.75	28993.166015625	
177.8450012207031	2377.	774941.3125	158.3333282470703	1325.916625976563	28550.666015625	
179.0630035400391	2226.75	765217.3125	358.3333435058594	1050.583374023438	28425.	
180.281005859375	2702.25	755700.	191.6666717529297	3112.	29661.166015625	
181.4989929199219	2293.583251953125	801594.6875	108.3333358764648	942.1666870117188	28926.	
182.7169952392578	2410.25	767164.6875	166.6666717529297	1075.416625976563	28458.25	
183.9349975585938	2518.833251953125	785438.	200.	1075.666625976563	28859.416015625	
185.1529998779297	2585.583251953125	805842.	316.6666564941406	942.1666870117188	30054.75	
186.3719940185547	2251.916748046875	795946.	266.6666564941406	1100.666625976563	28291.333984375	
187.5899963378906	2418.666748046875	777480.	191.6666717529297	1092.166625976563	28475.166015625	
188.8079986572266	2301.916748046875	785737.3125	391.75	1234.166625976563	28850.666015625	
190.0260009765625	2669.083251953125	796397.3125	241.6666717529297	1167.583374023438	30263.833984375	
191.2440032958984	2919.25	782078.6875	283.3333435058594	11771.	27890.666015625	
192.4620056152344	2276.75	804728.	266.6666564941406	1217.5	28199.416015625	
193.6799926757813	2076.833251953125	785221.625	150.	1075.583374023438	28074.166015625	
194.8979949951172	2326.916748046875	783299.3125	241.6666717529297	1059.083374023438	29269.25	
196.1159973144531	2293.5	824493.3125	291.6666564941406	1100.666625976563	29911.666015625	
197.3350067138672	2543.75	784108.	645.8181762695313	1300.833374023438	29979.083984375	
198.5529937744141	2460.5	805962.	316.6666564941406	1434.25	29394.083984375	
199.77099609375	2610.583251953125	783910.6875	216.6666717529297	1242.583374023438	31065.083984375	
200.9889984130859	2377.	801190.6875	208.3333282470703	1100.583374023438	27965.75	
202.2070007324219	2568.833251953125	779814.6875	258.3333435058594	1108.916625976563	30154.333984375	
203.4250030517578	2110.	801078.25	266.6666564941406	867.0833129882813	29444.25	
204.6430053710938	3395.083251953125	808167.3125	308.3333435058594	1017.166687011719	29503.083984375	
205.8609924316406	2518.75	825015.4375	141.6666717529297	1042.25	28675.916015625	
207.0789947509766	2452.083251953125	805241.3125	250.	18215.75	27915.833984375	
208.2969970703125	2677.25	788355.3125	258.3333435058594	6523.83349609375	28608.75	
209.5160064697266	2393.666748046875	788916.	291.6666564941406	1284.25	28701.166015625	
210.7339935302734	2385.333251953125	889900.625	341.75	1075.666625976563	28993.	
211.9519958496094	2677.416748046875	794194.	291.6666564941406	1434.25	29201.833984375	
213.1699981689453	4438.75	782640.6875	341.8333435058594	1334.166625976563	31073.5	
214.3880004882813	2677.333251953125	791186.	241.6666717529297	1517.916625976563	32586.333984375	
215.6060028076172	2443.75	828132.	408.4166564941406	1367.416625976563	30798.	
216.8240051269531	2769.083251953125	776827.3125	250.	4426.2998046875	29009.75	
218.0420074462891	6035.5	796278.	300.	1400.75	30965.333984375	
219.2599945068359	2460.333251953125	798341.3125	300.	1134.	29912.	
220.4779968261719	2777.583251953125	795564.6875	291.6666564941406	1701.416625976563	30204.833984375	
221.6970062255859	2251.833251953125	815521.3125	333.3333435058594	1309.333374023438	28667.083984375	
222.9149932861328	24165.5	790366.	175.	1935.083374023438	27689.583984375	
224.1329956054688	2176.666748046875	778754.6875	208.3333282470703	1117.333374023438	30689.416015625	
225.3509979248047	2385.333251953125	795640.0625	216.6666717529297	1067.416625976563	30321.583984375	
226.5690002441406	2335.333251953125	774006.6875	250.	1776.25	28475.416015625	
227.7870025634766	2410.416748046875	756140.6875	166.6666717529297	3304.25	29636.333984375	
229.0050048828125	2602.25	771458.6875	183.3333282470703	1167.416625976563	28500.166015625	
230.2230072021484	2410.333251953125	810062.5625	158.3333282470703	1117.5	29611.583984375	
231.4409942626953	2093.5	761343.3125	175.	1150.666625976563	29151.583984375	
232.6589965820313	2519.	779588.6875	258.4166564941406	1000.5	29494.333984375	
233.8780059814453	2685.75	792390.6875	208.3333282470703	1467.75	30847.5	
235.0959930419922	2927.75	808731.3125	216.6666717529297	2210.5	28892.583984375	
236.3139953613281	2510.416748046875	753944.6875	308.4166564941406	1267.5	29427.416015625	
237.5319976806641	3286.5	821464.	275.	1175.833374023438	28985.	
238.75	2852.583251953125	824461.1875	283.3333435058594	1559.583374023438	28374.583984375	
239.9680023193359	2335.333251953125	803482.1875	308.4166564941406	1159.083374023438	30255.25	
241.1860046386719	2752.25	817016.6875	441.9166564941406	1242.416625976563	29369.	
242.4040069580078	2643.916748046875	798264.	308.3333435058594	1325.916625976563	28733.916015625	
243.6219940185547	2352.	832194.	308.4166564941406	1442.583374023438	33037.16796875	
244.8410034179688	2644.	787947.3125	308.3333435058594	1092.333374023438	27948.5	
246.0590057373047	2677.5	1003526.9375	216.6666717529297	1167.333374023438	30539.083984375	
247.2769927978516	2827.5	789859.3125	542.	1517.75	28475.166015625	
248.4949951171875	22491.251953125	792357.3125	225.	1250.833374023438	29728.	
249.7129974365234	2527.083251953125	798810.	283.3333435058594	1259.166625976563	30555.416015625	
250.9309997558594	2669.	801427.3125	333.4166564941406	1192.333374023438	27998.916015625	
252.1490020751953	2543.833251953125	815928.6875	308.4166564941406	1067.166625976563	29067.916015625	
253.3670043945313	2544.	829534.	341.75	1484.25	28450.	
254.5850067138672	4906.25	816025.3125	325.	1309.166625976563	30939.5	
255.8029937744141	2727.416748046875	784153.3125	608.8333129882813	1467.666625976563	29369.166015625	
257.0220031738281	2652.333251953125	798512.	275.	1084.083374023438	28524.916015625	
258.239990234375	2527.25	785359.3125	425.1666564941406	1334.25	28918.	
259.4580078125	3787.333251953125	800434.	291.6666564941406	1075.666625976563	29402.416015625	
260.6759948730469	2635.666748046875	790826.6875	241.6666717529297	942.1666870117188	29285.333984375	
261.8940124511719	2485.416748046875	794088.	183.3333282470703	1184.083374023438	28600.166015625	
263.1119995117188	2510.333251953125	820945.75	208.3333282470703	1451.	29594.583984375	
264.3299865722656	2452.	789940.6875	225.	1125.666625976563	28926.	
265.5480041503906	2351.916748046875	793983.3125	275.	1050.583374023438	28750.75	
266.7659912109375	2719.	857276.6875	258.3333435058594	1467.75	29794.666015625	
267.9840087890625	2435.25	845070.6875	250.0833282470703	1134.	32661.25	
269.2030029296875	2518.75	804350.	200.	1150.75	29168.75	
270.4209899902344	2627.25	831826.3125	225.	1451.083374023438	30772.916015625	
271.6390075683594	2669.083251953125	897371.4375	216.6666717529297	1225.583374023438	28007.166015625	
272.8569946289063	2635.583251953125	792610.6875	325.	1025.583374023438	29126.333984375	
274.0750122070313	2535.416748046875	800724.	225.	1133.916625976563	29820.166015625	
275.2929992675781	2827.5	829566.5625	283.3333435058594	1158.916625976563	29251.916015625	
276.510986328125	2593.833251953125	813397.3125	233.3333282470703	1300.833374023438	29411.083984375	
277.72900390625	2894.25	800392.	175.	1225.833374023438	28517.083984375	
278.9469909667969	2885.916748046875	900018.1875	233.3333282470703	1376.	29494.25	
280.1659851074219	2635.666748046875	774092.6875	166.6666717529297	1017.166687011719	29260.5	
281.3840026855469	2452.083251953125	788142.	150.	1259.25	29511.333984375	
282.6019897460938	5449.5	794555.3125	175.	975.5	30262.583984375	
283.8200073242188	2593.833251953125	789782.	200.	1184.	30354.75	
285.0379943847656	2360.416748046875	827596.	200.	1342.5	28775.666015625	
286.2560119628906	2585.5	815132.625	250.	1133.916625976563	27656.25	
287.4739990234375	2593.833251953125	842253.75	183.3333282470703	1284.333374023438	30279.833984375	
288.6919860839844	2668.916748046875	778097.3125	200.	1100.583374023438	29702.916015625	
289.9100036621094	2593.916748046875	813047.3125	283.4166564941406	1134.	29168.25	
291.1279907226563	2627.333251953125	808521.8125	300.	1159.	29026.5	
292.3469848632813	2644.	862130.	266.6666564941406	1217.416625976563	29293.583984375	
293.5650024414063	2318.583251953125	852898.5	350.0833435058594	1542.916625976563	31107.25	
294.7829895019531	2143.5	816952.	191.75	1300.75	29302.25	
296.0010070800781	2568.833251953125	779740.6875	283.3333435058594	1300.916625976563	30029.083984375	
297.218994140625	2685.666748046875	815945.125	241.6666717529297	1134.	31324.25	
298.43701171875	2343.5	823126.6875	258.3333435058594	1117.416625976563	27940.5	
299.6549987792969	3027.833251953125	817257.3125	316.6666564941406	1317.5	30229.833984375	
300.8729858398438	2702.416748046875	825416.	208.3333282470703	1083.916625976563	28801.166015625	
302.0910034179688	2418.75	837138.	275.	984.0833129882813	29444.75	
303.3089904785156	2644.083251953125	829332.	333.3333435058594	1100.5	30663.75	
304.5280151367188	2602.166748046875	803190.9375	283.4166564941406	1050.666625976563	30329.75	
305.7460021972656	2218.416748046875	811596.	283.3333435058594	1150.833374023438	31374.166015625	
306.9639892578125	2727.416748046875	806732.	316.75	1142.25	28725.916015625	
308.1820068359375	2735.5	793364.	266.6666564941406	1292.5	29335.333984375	
309.3999938964844	2151.75	784647.3125	450.1666564941406	1184.083374023438	29435.583984375	
310.6180114746094	2285.25	789294.6875	842.4166870117188	1284.083374023438	30897.666015625	
311.8359985351563	2485.5	813824.	291.75	933.9166870117188	28633.25	
313.0539855957031	2343.583251953125	816784.6875	408.5	866.9166870117188	30145.916015625	
314.2720031738281	2135.	775482.6875	308.3333435058594	1159.	28901.166015625	
315.489990234375	2335.166748046875	796310.6875	308.3333435058594	1067.333374023438	29594.5	
316.7090148925781	2285.166748046875	821778.	350.0833435058594	1109.	29485.666015625	
317.927001953125	2360.333251953125	795974.	250.	1033.916625976563	29452.416015625	
319.1449890136719	2076.75	772612.	241.6666717529297	1083.833374023438	30321.25	
320.3630065917969	2385.25	827942.3125	258.4166564941406	1067.333374023438	28809.333984375	
321.5809936523438	2326.916748046875	761095.3125	283.3333435058594	958.8333129882813	28141.166015625	
322.7990112304688	2210.166748046875	793250.	225.	1175.75	29644.75	
324.0169982910156	2301.75	785437.3125	191.6666717529297	1159.083374023438	28450.083984375	
325.2349853515625	2360.25	797859.875	258.3333435058594	975.5	30605.416015625	
326.4530029296875	2210.083251953125	832344.3125	325.0833435058594	1059.	30070.75	
327.6719970703125	2352.	801516.	258.3333435058594	1768.25	29185.333984375	
328.8900146484375	2527.083251953125	789246.	391.75	1184.083374023438	30889.666015625	
330.1080017089844	2410.416748046875	840571.3125	400.0833435058594	1050.833374023438	29661.666015625	
331.3259887695313	2210.25	828686.6875	375.1666564941406	1217.416625976563	29527.5	
332.5440063476563	2435.416748046875	962011.4375	316.75	1075.666625976563	28517.333984375	
333.7619934082031	2310.25	793132.6875	308.3333435058594	1442.75	30622.583984375	
334.9800109863281	2318.75	801070.	400.	1317.666625976563	31408.083984375	
336.197998046875	2543.75	804186.	291.75	1125.75	28149.583984375	
337.4159851074219	2327.	814159.3125	408.5	1125.583374023438	30463.75	
338.6340026855469	2335.333251953125	774664.6875	175.	1033.916625976563	32619.166015625	
339.8529968261719	2126.75	802717.3125	258.4166564941406	1033.916625976563	31165.25	
341.0710144042969	2460.333251953125	786981.3125	233.3333282470703	900.5833129882813	29310.666015625	
342.2890014648438	2110.	785862.6875	233.3333282470703	958.9166870117188	29344.416015625	
343.5069885253906	2368.666748046875	811257.25	141.6666717529297	1150.833374023438	28750.916015625	
344.7250061035156	2468.75	789647.3125	225.	1033.916625976563	29185.75	
345.9429931640625	2310.25	803542.	250.0833282470703	1242.5	29761.25	
347.1610107421875	2460.583251953125	816408.4375	341.75	1000.416687011719	28583.333984375	
348.3789978027344	2493.75	822366.9375	333.3333435058594	1050.583374023438	29611.166015625	
349.5969848632813	2402.	784168.6875	258.3333435058594	958.8333129882813	28491.25	
350.8150024414063	2452.083251953125	785723.3125	333.3333435058594	1175.583374023438	27923.5	
352.0339965820313	2485.416748046875	796293.3125	383.4166564941406	1025.583374023438	30028.833984375	
353.2520141601563	2226.666748046875	772812.6875	325.0833435058594	992.25	29928.75	
354.4700012207031	2443.833251953125	802490.	350.	992.0833129882813	31850.916015625	
355.68798828125	2635.583251953125	796542.	341.75	1267.583374023438	28216.25	
356.906005859375	2618.916748046875	841196.875	333.3333435058594	975.3333129882813	29335.416015625	
358.1239929199219	2393.583251953125	804122.875	383.4166564941406	1192.416625976563	29469.416015625	
359.3420104980469	2927.666748046875	800066.125	258.3333435058594	867.0833129882813	28216.416015625	
360.5599975585938	2326.833251953125	794284.6875	283.3333435058594	1100.666625976563	28132.416015625	
361.7780151367188	2727.5	787432.6875	266.6666564941406	925.5	28901.166015625	
362.9970092773438	2610.666748046875	773838.	191.6666717529297	1008.833312988281	29369.083984375	
364.2149963378906	2068.333251953125	810211.875	341.75	992.1666870117188	29536.25	
365.4330139160156	2368.583251953125	767626.	383.5	775.25	27631.416015625	
366.6510009765625	2577.25	791937.3125	266.6666564941406	783.6666870117188	30129.5	
367.8689880371094	2443.75	773366.6875	191.6666717529297	992.1666870117188	28558.583984375	
369.0870056152344	2627.416748046875	782447.3125	316.75	1017.333312988281	28216.166015625	
370.3049926757813	2193.5	766051.3125	341.75	1109.	28575.416015625	
371.5230102539063	2260.166748046875	800213.3125	416.75	933.75	30797.75	
372.7409973144531	2519.	784623.875	208.3333282470703	1175.75	28308.333984375	
373.9590148925781	2402.083251953125	793316.	275.0833435058594	1000.5	29544.583984375	
375.1780090332031	2468.75	796533.125	241.6666717529297	1025.583374023438	30079.25	
376.39599609375	2118.25	797160.	566.8333129882813	1134.	30613.916015625	
377.614013671875	2243.333251953125	765245.3125	241.6666717529297	967.1666870117188	27606.333984375	
378.8320007324219	2393.583251953125	838462.0625	358.4166564941406	1075.666625976563	28090.5	
380.0499877929688	2276.75	778746.	358.4166564941406	992.25	30572.666015625	
381.2680053710938	2585.583251953125	783889.3125	433.5	1442.666625976563	30471.333984375	
382.4859924316406	2602.25	883520.1875	250.	983.8333129882813	28541.916015625	
383.7040100097656	2135.	789762.3125	291.6666564941406	933.75	27873.583984375	
384.9219970703125	2510.5	850066.25	183.3333282470703	783.5833129882813	28625.25	
386.1400146484375	2293.666748046875	813825.3125	250.	808.6666870117188	28182.5	
387.3590087890625	2343.416748046875	810448.125	241.6666717529297	1050.666625976563	28074.083984375	
388.5769958496094	2560.583251953125	798632.	225.	983.9166870117188	30680.166015625	
389.7950134277344	2485.416748046875	790961.3125	191.6666717529297	1075.5	29427.75	
391.0130004882813	2894.416748046875	801001.3125	258.3333435058594	975.5833129882813	28867.5	
392.2309875488281	2126.75	795207.3125	250.	1184.083374023438	29152.	
393.4490051269531	2160.25	806863.3125	125.	975.5833129882813	28758.833984375	
394.6669921875	2402.083251953125	792242.6875	316.75	1067.25	30413.416015625	
395.885009765625	2435.25	783916.	150.	975.5	29059.75	
397.1029968261719	2218.416748046875	801416.	125.	917.0833129882813	28466.583984375	
398.3210144042969	2468.916748046875	775392.	200.	816.9166870117188	28525.416015625	
399.5400085449219	2201.666748046875	798076.6875	233.3333282470703	958.9166870117188	28926.416015625	
400.7579956054688	2352.	790384.4375	158.3333282470703	883.75	29176.833984375	
401.9760131835938	2476.916748046875	796574.875	150.	1000.416687011719	30505.5	
403.1940002441406	2318.5	785059.3125	216.6666717529297	975.6666870117188	30973.166015625	
404.4119873046875	2293.666748046875	786588.6875	158.3333282470703	967.1666870117188	28140.916015625	
405.6300048828125	2477.166748046875	782882.	200.0833282470703	975.5833129882813	28893.333984375	
406.8479919433594	2543.833251953125	781566.	158.3333282470703	1150.666625976563	28241.166015625	
408.0660095214844	2610.5	785922.	158.3333282470703	1000.5	30246.5	
409.2839965820313	2226.916748046875	766666.	166.6666717529297	1050.666625976563	27973.916015625	
410.5029907226563	2418.666748046875	816505.1875	150.	917.0833129882813	28683.583984375	
411.7210083007813	2235.166748046875	801655.625	258.3333435058594	783.6666870117188	29135.083984375	
412.9389953613281	2018.25	804168.	158.3333282470703	933.9166870117188	29552.583984375	
414.1570129394531	2185.083251953125	767141.3125	141.6666717529297	1050.666625976563	27915.416015625	
415.375	2593.833251953125	795976.6875	225.	958.6666870117188	28399.583984375	
416.5929870605469	2710.75	800308.6875	166.6666717529297	1134.083374023438	29026.416015625	
417.8110046386719	2418.666748046875	779504.0625	183.3333282470703	1075.5	29277.083984375	
419.0289916992188	2501.916748046875	780255.3125	150.	1968.416625976563	31699.833984375	
420.2470092773438	2360.416748046875	791822.6875	150.	1109.	29745.166015625	
421.4649963378906	3261.5	772363.3125	175.	1100.666625976563	28700.833984375	
422.6839904785156	2502.083251953125	759583.125	158.3333282470703	3529.5	28324.583984375	
423.9020080566406	2427.	778292.	158.3333282470703	1993.5	30254.666015625	
425.1199951171875	3454.	797275.3125	141.6666717529297	1150.666625976563	29010.166015625	
426.3380126953125	2143.333251953125	781226.	133.3333282470703	1926.5	31232.25	
427.5559997558594	3386.5	804374.875	225.	1192.416625976563	32369.416015625	
428.7739868164063	2602.333251953125	804950.	208.4166717529297	1192.5	29277.583984375	
429.9920043945313	2277.	781764.	467.	1242.5	30671.916015625	
431.2099914550781	2677.333251953125	781096.	208.3333282470703	1209.333374023438	29261.	
432.4280090332031	5791.5	801659.3125	275.	1175.666625976563	28090.666015625	
433.64599609375	2568.916748046875	823010.	200.	1317.416625976563	29068.416015625	
434.864990234375	2710.5	794650.6875	258.3333435058594	1284.083374023438	28875.583984375	
436.0830078125	2685.75	766610.	158.3333282470703	1534.583374023438	28709.166015625	
437.3009948730469	2660.666748046875	794689.3125	308.4166564941406	1125.666625976563	30547.	
438.5190124511719	2535.5	834618.9375	200.	1267.5	28984.916015625	
439.7369995117188	2911.	786106.6875	350.0833435058594	1275.75	28307.75	
440.9549865722656	2652.166748046875	804921.3125	233.3333282470703	4774.83349609375	28876.333984375	
442.1730041503906	2744.	796760.6875	208.3333282470703	1100.666625976563	29912.083984375	
443.3909912109375	2635.583251953125	804854.6875	241.6666717529297	992.3333129882813	30355.083984375	
444.6090087890625	2360.333251953125	789743.25	250.0833282470703	1150.833374023438	29302.166015625	
445.8280029296875	2902.666748046875	769660.6875	191.6666717529297	1217.416625976563	29469.166015625	
447.0459899902344	2610.583251953125	823534.1875	141.6666717529297	1192.333374023438	30772.583984375	
448.2640075683594	2393.583251953125	824283.8125	158.3333282470703	1033.75	31056.833984375	
449.4819946289063	3269.833251953125	777321.3125	158.3333282470703	1434.333374023438	27723.25	
450.7000122070313	2301.833251953125	780242.6875	191.6666717529297	1250.75	27221.916015625	
451.9179992675781	2635.583251953125	800906.	233.3333282470703	1034.	28425.166015625	
453.135986328125	2226.916748046875	781956.6875	166.6666717529297	325253.34375	30104.75	
454.35400390625	2527.166748046875	809542.6875	166.6666717529297	1100.75	30848.083984375	
455.5719909667969	2310.333251953125	806219.3125	325.0833435058594	1150.666625976563	29870.5	
456.7900085449219	2251.833251953125	794739.3125	208.3333282470703	1292.416625976563	28458.333984375	
458.0090026855469	2544.	809498.	183.3333282470703	1184.083374023438	29786.333984375	
459.2269897460938	2318.666748046875	804547.3125	125.	1209.083374023438	29210.	
460.4450073242188	2343.666748046875	811294.	241.6666717529297	1209.083374023438	30672.833984375	
461.6629943847656	2518.916748046875	783305.3125	191.6666717529297	1042.166625976563	28216.166015625	
462.8810119628906	2518.75	774224.6875	1835.75	1159.	29160.416015625	
464.0989990234375	2668.916748046875	827177.1875	200.	1092.416625976563	28266.25	
465.3169860839844	2435.25	788213.3125	200.	1250.833374023438	31901.333984375	
466.5350036621094	2602.25	821981.3125	208.3333282470703	1042.25	28048.833984375	
467.7529907226563	2327.	791670.6875	208.3333282470703	1067.166625976563	29786.916015625	
468.9710083007813	2435.416748046875	782652.	216.6666717529297	1275.75	29243.75	
470.1900024414063	2377.	780758.6875	208.3333282470703	1058.833374023438	166233.796875	
471.4079895019531	2585.583251953125	815890.25	191.6666717529297	53811.40625	29862.	
472.6260070800781	2468.666748046875	758032.	191.6666717529297	808.75	29327.75	
473.843994140625	2426.916748046875	773794.6875	233.3333282470703	975.5833129882813	29586.5	
475.06201171875	2351.916748046875	789040.6875	133.3333282470703	1058.916625976563	29377.5	
476.2799987792969	2769.166748046875	773249.3125	216.6666717529297	975.4166870117188	28399.833984375	
477.4979858398438	2602.166748046875	784522.6875	125.	1033.833374023438	30363.416015625	
478.7160034179688	2385.333251953125	773612.	183.3333282470703	1117.333374023438	28859.166015625	
479.9339904785156	2502.166748046875	778942.	108.3333358764648	992.25	27096.583984375	
481.1520080566406	2218.416748046875	789650.	175.	967.1666870117188	28826.166015625	
482.3710021972656	2552.333251953125	775994.	208.3333282470703	1008.833312988281	30238.583984375	
483.5889892578125	2560.583251953125	790912.6875	141.6666717529297	1008.916687011719	28182.75	
484.8070068359375	2518.75	784814.6875	166.6666717529297	1084.	28006.916015625	
486.0249938964844	2410.416748046875	770282.	133.3333282470703	1125.583374023438	30948.583984375	
487.2430114746094	2485.416748046875	790235.3125	175.	975.5	28926.416015625	
488.4609985351563	2468.666748046875	789870.	183.3333282470703	975.5	30672.416015625	
489.6789855957031	2218.5	766491.3125	150.	1267.416625976563	31073.333984375	
490.8970031738281	2543.916748046875	775304.	191.6666717529297	1317.666625976563	30187.75	
492.114990234375	2861.083251953125	791262.6875	141.6666717529297	1100.583374023438	29886.916015625	
493.3340148925781	2535.416748046875	797967.6875	191.6666717529297	925.5	30705.916015625	
494.552001953125	2310.166748046875	849841.625	191.6666717529297	1150.583374023438	30998.416015625	
495.7699890136719	2568.916748046875	785660.6875	125.	1025.583374023438	29017.916015625	
496.9880065917969	2293.583251953125	764322.	166.6666717529297	983.9166870117188	29335.833984375	
498.2059936523438	2560.583251953125	782055.3125	175.	1192.333374023438	28725.75	
499.4240112304688	2385.416748046875	788010.	166.6666717529297	1075.5	28942.916015625	
500.6419982910156	2627.166748046875	815867.3125	133.3333282470703	1033.75	29820.	
501.8599853515625	2652.25	786590.6875	383.4166564941406	1117.416625976563	33087.33203125	
503.0780029296875	2560.5	772518.875	283.3333435058594	1200.75	29553.166015625	
504.2959899902344	2635.5	793440.	183.3333282470703	1200.666625976563	29343.916015625	
505.5150146484375	2593.833251953125	799721.3125	283.3333435058594	1184.083374023438	30839.666015625	
506.7330017089844	2168.5	792602.6875	166.6666717529297	1100.583374023438	29017.916015625	
507.9509887695313	2668.916748046875	811824.	341.6666564941406	883.75	29711.333984375	
509.1690063476563	2477.166748046875	790176.	325.	933.75	29494.583984375	
510.3869934082031	2468.833251953125	787600.6875	366.75	1209.083374023438	29736.5	
511.6050109863281	2635.666748046875	765759.3125	150.	1184.083374023438	28851.166015625	
512.822998046875	2360.25	811941.0625	250.0833282470703	1159.083374023438	29611.25	
514.041015625	2418.75	782290.	166.6666717529297	1167.416625976563	29811.916015625	
515.2589721679688	2251.833251953125	782052.6875	150.	1142.333374023438	28951.5	
516.4769897460938	2310.25	785397.25	100.	925.3333129882813	29644.666015625	
517.6959838867188	2310.166748046875	786070.	158.3333282470703	1142.333374023438	29987.916015625	
518.9140014648438	2468.75	786024.	141.6666717529297	875.4166870117188	29110.5	
520.1320190429688	3403.25	772056.6875	191.6666717529297	975.4166870117188	30714.083984375	
521.3499755859375	2435.333251953125	781112.6875	116.6666641235352	1042.166625976563	29410.75	
522.5679931640625	2368.75	775481.3125	216.6666717529297	875.4166870117188	29936.833984375	
523.7860107421875	2502.083251953125	777258.6875	108.3333358764648	1133.833374023438	28541.916015625	
525.0040283203125	2794.083251953125	791784.1875	13726.3330078125	3378.75	29252.083984375	
526.2219848632813	2802.583251953125	773658.6875	241.75	2110.083251953125	29961.916015625	
527.4400024414063	8083.5	779930.6875	475.25	1092.166625976563	30831.25	
528.6589965820313	2677.333251953125	775500.	358.4166564941406	1434.5	30354.75	
529.8770141601563	3061.166748046875	776991.3125	333.3333435058594	1501.	29268.583984375	
531.094970703125	3303.	783041.0625	250.	3011.666748046875	29293.916015625	
532.31298828125	2944.333251953125	789358.6875	200.	1351.	28583.416015625	
533.531005859375	3186.333251953125	782512.	183.3333282470703	1242.416625976563	29468.916015625	
534.7490234375	5231.16650390625	807103.3125	325.	1476.083374023438	28817.666015625	
535.9669799804688	3269.75	835421.9375	275.	1359.25	30279.75	
537.1849975585938	3720.25	801220.	333.3333435058594	1684.666625976563	30196.25	
538.4030151367188	3278.166748046875	827515.3125	525.1666870117188	1534.416625976563	29544.333984375	
539.6209716796875	3570.083251953125	811822.0625	275.	1893.25	29385.916015625	
540.8400268554688	3970.583251953125	812119.3125	333.3333435058594	1275.833374023438	29636.25	
542.0579833984375	3711.833251953125	815434.125	408.3333435058594	1384.333374023438	30446.833984375	
543.2760009765625	3795.333251953125	789294.6875	475.0833435058594	1592.75	28917.666015625	
544.4940185546875	4579.83349609375	809858.6875	333.3333435058594	1901.583374023438	32619.75	
545.7119750976563	3953.916748046875	781374.6875	391.75	1450.916625976563	29093.416015625	
546.9299926757813	3378.083251953125	786938.6875	391.75	1434.333374023438	28850.916015625	
548.1480102539063	3286.416748046875	781674.6875	175.	1517.75	28299.666015625	
549.3660278320313	3686.916748046875	825633.375	250.	1192.416625976563	28124.25	
550.583984375	3737.166748046875	796808.6875	216.6666717529297	1742.916625976563	32268.25	
551.802001953125	4162.58349609375	795016.	116.6666641235352	1442.833374023438	29452.75	
553.02099609375	5188.83349609375	791735.3125	200.	1643.	29252.083984375	
554.239013671875	5990.33349609375	778714.6875	166.6666717529297	1300.75	31917.666015625	
555.4569702148438	4571.41650390625	785666.6875	175.	1392.583374023438	29494.25	
556.6749877929688	7300.33349609375	803984.6875	141.6666717529297	1667.916625976563	30940.416015625	
557.8930053710938	5939.83349609375	815008.	150.	1459.5	28274.583984375	
559.1110229492188	5622.66650390625	781460.6875	141.6666717529297	1426.	28550.583984375	
560.3289794921875	6306.91650390625	782406.	250.	1567.833374023438	30095.666015625	
561.5469970703125	4905.	863199.1875	141.6666717529297	1442.666625976563	29101.666015625	
562.7650146484375	4604.83349609375	838808.125	108.3333358764648	1551.083374023438	28400.333984375	
563.9829711914063	7033.41650390625	785535.8125	183.3333282470703	1593.	29720.166015625	
565.2020263671875	4329.25	831969.25	191.6666717529297	1517.833374023438	29268.333984375	
566.4199829101563	5088.75	831410.3125	141.6666717529297	1459.25	28082.	
567.6380004882813	5656.25	808025.3125	175.	1684.583374023438	29553.	
568.8560180664063	3878.916748046875	834780.4375	258.3333435058594	1292.416625976563	29460.666015625	
570.073974609375	6248.75	806758.6875	125.	1559.583374023438	28901.25	
571.2919921875	4212.41650390625	806042.	100.	1350.916625976563	29001.333984375	
572.510009765625	5572.66650390625	767949.3125	166.6666717529297	1501.166625976563	30605.916015625	
573.72802734375	7266.66650390625	811210.	141.6666717529297	1509.416625976563	29578.083984375	
574.9459838867188	8660.5	818084.	158.3333282470703	2110.083251953125	28842.833984375	
576.1649780273438	11442.6669921875	797950.	150.	2010.	29110.	
577.3829956054688	20806.666015625	830034.8125	191.6666717529297	1542.916625976563	29477.75	
578.6010131835938	10872.	807196.	158.3333282470703	1951.583374023438	30923.5	
579.8189697265625	16706.75	820528.	158.3333282470703	1601.166625976563	29460.583984375	
581.0369873046875	9236.75	789014.5625	175.	1484.333374023438	29602.583984375	
582.2550048828125	7917.58349609375	805990.6875	116.6666641235352	1450.916625976563	28458.333984375	
583.4730224609375	9930.9169921875	774112.	158.3333282470703	2519.	29786.833984375	
584.6909790039063	5297.33349609375	769761.25	108.3333358764648	1442.583374023438	26461.666015625	
585.9089965820313	6423.75	838410.625	133.3333282470703	1417.666625976563	30204.5	
587.1270141601563	4312.66650390625	807598.	133.3333282470703	1234.166625976563	27205.083984375	
588.3460083007813	3836.916748046875	797368.	125.	1601.25	28157.75	
589.5640258789063	39696.16015625	808889.125	141.75	1467.666625976563	30104.333984375	
590.781982421875	4045.75	784617.3125	208.3333282470703	1868.25	27898.5	
592.	3328.	797280.	183.3333282470703	8515.5	29042.916015625	
593.218017578125	4004.083251953125	790897.3125	166.6666717529297	1008.75	29653.083984375	
594.4359741210938	2894.25	792484.6875	125.	2452.25	29569.916015625	
595.6539916992188	3119.583251953125	778812.6875	191.6666717529297	2118.666748046875	29677.833984375	
596.8720092773438	2877.5	769184.	208.3333282470703	1501.166625976563	28725.416015625	
598.0900268554688	2986.083251953125	770786.0625	266.6666564941406	2193.5	29377.5	
599.3079833984375	2894.25	793676.	200.	1317.416625976563	28667.	
600.5269775390625	4304.91650390625	877356.	300.	1334.25	28934.75	
601.7449951171875	3086.166748046875	780134.6875	233.3333282470703	1776.333374023438	29603.083984375	
602.9630126953125	3745.25	796766.	241.6666717529297	1959.75	29319.416015625	
604.1810302734375	2977.75	793592.6875	508.6666564941406	1451.083374023438	28157.833984375	
605.3989868164063	3770.75	769413.3125	250.	1618.	29937.5	
606.6170043945313	3294.75	782860.	308.3333435058594	1075.5	28642.333984375	
607.8350219726563	2535.666748046875	770174.6875	283.3333435058594	1426.	29235.416015625	
609.052978515625	2785.833251953125	806794.6875	183.3333282470703	1375.916625976563	29702.833984375	
610.27099609375	2535.416748046875	779109.3125	441.9166564941406	1634.583374023438	29577.833984375	
611.489990234375	3136.333251953125	815000.125	250.	5920.33349609375	29260.333984375	
612.7080078125	2552.166748046875	841585.1875	191.6666717529297	1209.083374023438	29218.75	
613.926025390625	2335.25	816193.5625	141.6666717529297	1676.25	28951.166015625	
615.1439819335938	2543.833251953125	795051.3125	175.	1551.166625976563	28917.833984375	
616.3619995117188	2535.5	812348.6875	125.	2260.25	29945.666015625	
617.5800170898438	2802.333251953125	782664.	200.	1484.333374023438	28750.833984375	
618.7979736328125	2852.666748046875	796902.	100.	1809.75	28408.083984375	
620.0159912109375	2685.583251953125	795506.6875	216.6666717529297	2953.333251953125	29619.333984375	
621.2340087890625	2735.833251953125	788955.3125	150.	2310.25	28667.333984375	
622.4520263671875	2702.333251953125	818426.1875	108.3333358764648	1209.166625976563	28767.416015625	
623.6710205078125	2560.416748046875	807458.6875	391.8333435058594	1300.833374023438	29452.416015625	
624.8889770507813	2635.75	790334.	150.	1793.166625976563	28174.5	
626.1069946289063	2410.25	768462.6875	383.5	1350.833374023438	29594.666015625	
627.3250122070313	2869.166748046875	836758.875	133.3333282470703	1150.666625976563	29185.	
628.5430297851563	2318.5	784734.6875	125.	2452.666748046875	29285.333984375	
629.760986328125	2810.916748046875	826654.	116.6666641235352	1617.833374023438	28959.916015625	
630.97900390625	3227.916748046875	820282.	83.33333587646484	2026.75	30605.833984375	
632.197021484375	2702.166748046875	807009.8125	191.75	2185.25	29285.333984375	
633.4149780273438	4604.75	819726.6875	266.75	3303.416748046875	29812.166015625	
634.6329956054688	3019.416748046875	779584.	300.	2502.166748046875	28968.	
635.8519897460938	3219.833251953125	782712.6875	208.3333282470703	2510.416748046875	30129.	
637.0700073242188	3211.25	796580.6875	266.6666564941406	6593.66650390625	28316.	
638.2880249023438	3403.166748046875	839938.6875	225.	3929.083251953125	27614.666015625	
639.5059814453125	4638.41650390625	786590.	225.	2318.5	29719.833984375	
640.7239990234375	3720.25	833025.9375	258.3333435058594	2468.75	29402.333984375	
641.9420166015625	3378.083251953125	777840.6875	275.	2952.833251953125	27823.25	
643.1599731445313	3102.75	775150.	183.3333282470703	2785.75	29828.666015625	
644.3779907226563	3369.833251953125	805794.875	158.3333282470703	3311.583251953125	36628.	
645.5960083007813	3795.333251953125	808614.8125	258.3333435058594	2418.75	28733.916015625	
646.8140258789063	2652.5	803589.3125	216.6666717529297	4774.08349609375	31675.083984375	
648.0330200195313	2702.416748046875	859239.1875	233.3333282470703	3821.5	28466.583984375	
649.2509765625	2677.416748046875	773811.3125	200.	1734.666625976563	30513.916015625	
650.468994140625	2861.083251953125	823382.6875	158.4166717529297	4264.16650390625	28734.083984375	
651.68701171875	2710.666748046875	804764.6875	166.6666717529297	1484.583374023438	28683.916015625	
652.905029296875	2660.666748046875	802079.3125	150.	1959.916625976563	29753.583984375	
654.1229858398438	6259.5	805053.125	116.6666641235352	5408.5	29511.166015625	
655.3410034179688	3520.	1050783.5	233.3333282470703	2543.833251953125	29427.666015625	
656.5590209960938	3194.666748046875	825444.25	166.6666717529297	2060.	29034.583984375	
657.7769775390625	3386.583251953125	836893.375	191.6666717529297	1909.833374023438	28683.75	
658.9959716796875	2902.5	795096.	208.3333282470703	2977.916748046875	31626.166015625	
660.2139892578125	2777.416748046875	797665.3125	133.3333282470703	1843.083374023438	28825.833984375	
661.4320068359375	3102.916748046875	789301.3125	166.6666717529297	1617.833374023438	28901.25	
662.6500244140625	3753.666748046875	785458.6875	166.6666717529297	1617.833374023438	30697.75	
663.8679809570313	3495.083251953125	797099.3125	125.	1409.416625976563	29535.666015625	
665.0859985351563	2877.666748046875	822319.5	141.6666717529297	1759.75	28349.666015625	
666.3040161132813	3236.416748046875	811281.9375	266.6666564941406	1834.75	27514.25	
667.52197265625	2702.333251953125	852971.3125	175.	2585.75	28726.	
668.739990234375	3395.	818457.3125	358.4166564941406	1484.5	27940.333984375	
669.9580078125	3119.583251953125	794490.	241.6666717529297	1809.916625976563	29210.666015625	
671.177001953125	3111.25	786928.	225.	5124.75	30046.166015625	
672.39501953125	3770.5	808613.3125	241.6666717529297	1484.333374023438	29285.416015625	
673.6129760742188	3253.166748046875	815698.	350.0833435058594	1501.083374023438	30931.25	
674.8309936523438	4396.66650390625	824307.625	308.4166564941406	1701.25	29018.083984375	
676.0490112304688	3177.916748046875	919687.125	275.0833435058594	2310.416748046875	28399.583984375	
677.2670288085938	3186.5	778348.6875	325.	2444.	29511.	
678.4849853515625	4129.66650390625	809215.3125	375.0833435058594	2093.333251953125	30229.75	
679.7030029296875	3211.333251953125	806846.6875	283.3333435058594	3979.333251953125	29594.75	
680.9210205078125	3228.	804369.3125	308.3333435058594	2268.666748046875	29202.666015625	
682.1389770507813	3177.916748046875	818249.3125	375.	2310.25	36523.41796875	
683.3579711914063	3820.5	809412.	266.6666564941406	3253.25	29761.75	
684.5759887695313	3261.333251953125	843860.375	283.3333435058594	2293.583251953125	29419.166015625	
685.7940063476563	3411.583251953125	858071.	233.3333282470703	3720.75	29803.416015625	
687.0120239257813	3745.25	849052.6875	3305.833251953125	2869.25	30681.083984375	
688.22998046875	3395.	844332.6875	291.75	2160.25	30439.	
689.447998046875	3094.5	855280.6875	233.3333282470703	2602.5	141289.765625	
690.666015625	2986.	827908.	400.0833435058594	2143.333251953125	28909.5	
691.8839721679688	4496.33349609375	868152.6875	200.	1826.333374023438	28776.083984375	
693.1019897460938	3344.75	848024.	300.	1918.25	28993.083984375	
694.3209838867188	3862.25	895659.3125	283.3333435058594	1668.	30254.75	
695.5390014648438	2669.083251953125	868134.6875	275.	2151.75	28316.166015625	
696.7570190429688	3044.416748046875	862313.3125	191.6666717529297	2018.25	29619.833984375	
697.9749755859375	3111.083251953125	967575.375	283.3333435058594	1926.75	28776.083984375	
699.1929931640625	2927.666748046875	896077.3125	542.	1359.25	29469.083984375	
700.4110107421875	2644.	848636.	283.3333435058594	1409.333374023438	28308.166015625	
701.6290283203125	3311.416748046875	830860.	216.6666717529297	1409.333374023438	28959.583984375	
702.8469848632813	2869.416748046875	945619.1875	100.	1442.666625976563	29494.833984375	
704.0650024414063	3979.25	1024438.5	266.75	2836.5	29920.666015625	
705.2830200195313	2293.416748046875	875253.75	191.6666717529297	1309.166625976563	31925.916015625	
706.5020141601563	2593.833251953125	846753.4375	258.4166564941406	1225.666625976563	29452.666015625	
707.719970703125	3019.583251953125	832912.6875	125.	1217.416625976563	28282.833984375	
708.93798828125	3094.666748046875	826656.6875	150.	1067.25	31650.5	
710.156005859375	2485.416748046875	900543.4375	191.6666717529297	1317.583374023438	30337.833984375	
711.3740234375	2235.166748046875	805130.	191.6666717529297	1442.583374023438	29251.666015625	
712.5919799804688	2819.25	843520.6875	225.	1275.75	29360.75	
713.8099975585938	2385.5	833120.	183.3333282470703	1376.	30347.	
715.0280151367188	2535.416748046875	801736.6875	333.4166564941406	1175.666625976563	28383.333984375	
716.2459716796875	2527.083251953125	858581.6875	350.	1292.5	29636.75	
717.4639892578125	2944.083251953125	841477.3125	350.	2944.833251953125	28550.416015625	
718.6829833984375	2935.916748046875	858898.9375	250.	1859.666625976563	30363.166015625	
719.9010009765625	15464.4169921875	883481.75	341.6666564941406	1985.	28850.833984375	
721.1190185546875	2927.666748046875	835712.6875	250.	2560.833251953125	29694.666015625	
722.3369750976563	2702.25	851048.	200.	2335.416748046875	28842.833984375	
723.5549926757813	3753.666748046875	808526.	358.4166564941406	1818.083374023438	28977.166015625	
724.7730102539063	2602.083251953125	805552.	316.75	1651.166625976563	29210.25	
725.9910278320313	3011.	796072.6875	158.3333282470703	2368.833251953125	30204.916015625	
727.208984375	3036.166748046875	830576.	258.3333435058594	2143.5	30012.5	
728.427001953125	3002.75	833252.	308.4166564941406	2352.166748046875	28700.583984375	
729.64501953125	2994.5	846264.25	191.6666717529297	2093.333251953125	29285.25	
730.864013671875	3294.75	822424.	191.6666717529297	2043.333374023438	27756.583984375	
732.0819702148438	2794.083251953125	843017.3125	150.	3570.333251953125	29962.25	
733.2999877929688	3119.5	846103.3125	225.	2034.916625976563	28483.583984375	
734.5180053710938	2869.333251953125	858010.6875	266.6666564941406	2619.166748046875	29009.666015625	
735.7360229492188	2660.666748046875	925359.625	383.4166564941406	2285.083251953125	29786.75	
736.9539794921875	2643.916748046875	930723.6875	333.3333435058594	2110.083251953125	28692.5	
738.1719970703125	3945.666748046875	880049.375	250.	1667.916625976563	28667.083984375	
739.3900146484375	3252.916748046875	869237.3125	283.3333435058594	1768.	30513.75	
740.6079711914063	2819.25	856470.	366.75	2068.416748046875	29043.75	
741.8270263671875	2568.916748046875	817913.3125	466.8333435058594	2185.083251953125	29678.	
743.0449829101563	4037.5	817945.3125	308.4166564941406	2235.25	29928.75	
744.2630004882813	2860.833251953125	841784.	408.3333435058594	1934.833374023438	29043.5	
745.4810180664063	2785.75	820077.3125	241.6666717529297	2210.25	30355.25	
746.698974609375	3169.5	830964.8125	325.	1742.916625976563	28976.833984375	
747.9169921875	3061.	866114.6875	336.4545593261719	19532.833984375	29653.25	
749.135009765625	3152.916748046875	920849.1875	233.3333282470703	2619.083251953125	29971.	
750.35302734375	3328.25	841965.	358.3333435058594	2276.916748046875	28274.666015625	
751.5709838867188	4379.58349609375	840242.6875	383.4166564941406	2068.5	29895.583984375	
752.7890014648438	2777.5	849424.625	300.	2368.666748046875	28967.75	
754.0079956054688	3528.333251953125	835844.	350.0833435058594	4346.5	31760.666015625	
755.2260131835938	3303.	835886.6875	241.6666717529297	1734.583374023438	28182.833984375	
756.4439697265625	3470.083251953125	792981.3125	241.6666717529297	2076.75	31641.666015625	
757.6619873046875	2777.416748046875	794869.3125	275.	21139.791015625	30622.25	
758.8800048828125	3703.666748046875	814191.3125	208.3333282470703	2727.666748046875	28925.916015625	
760.0980224609375	3019.416748046875	864960.125	175.	3286.833251953125	27622.833984375	
761.3159790039063	3227.833251953125	819198.	283.4166564941406	2085.083251953125	29143.583984375	
762.5339965820313	2727.416748046875	914876.75	291.6666564941406	2827.583251953125	28625.333984375	
763.7520141601563	10075.8330078125	848884.6875	216.6666717529297	2510.5	28375.	
764.969970703125	3478.333251953125	842522.6875	275.	2352.	28734.5	
766.1890258789063	3695.416748046875	816420.4375	225.	3253.	29544.833984375	
767.406982421875	2543.833251953125	867730.0625	258.3333435058594	2694.083251953125	28032.25	
768.625	9080.1669921875	846094.6875	266.75	2577.166748046875	29393.916015625	
769.843017578125	2510.333251953125	902708.3125	266.6666564941406	1951.583374023438	29720.583984375	
771.0609741210938	3795.333251953125	950158.25	150.	3144.75	28558.5	
772.2789916992188	2577.166748046875	851200.6875	291.75	2452.166748046875	29251.833984375	
773.4970092773438	2643.916748046875	828061.3125	225.	6343.91650390625	28792.25	
774.7150268554688	2694.083251953125	853901.3125	241.6666717529297	1934.833374023438	29920.833984375	
775.9329833984375	2861.	823972.	191.6666717529297	2852.666748046875	28450.083984375	
777.1519775390625	4012.583251953125	848201.875	208.3333282470703	2460.583251953125	28040.666015625	
778.3699951171875	3236.333251953125	858792.	300.	4313.58349609375	29159.666015625	
779.5880126953125	2802.5	852220.	291.6666564941406	3286.583251953125	31249.083984375	
780.8060302734375	2785.666748046875	792970.8125	341.75	2552.416748046875	30079.333984375	
782.0239868164063	3103.	810017.1875	525.3333129882813	3562.	29903.5	
783.2420043945313	3328.083251953125	873897.3125	508.5	4138.41650390625	29945.833984375	
784.4600219726563	2860.75	837520.6875	350.	3194.916748046875	29712.083984375	
785.677978515625	7179.16650390625	861599.3125	383.4166564941406	3261.166748046875	30087.916015625	
786.89599609375	3979.	873361.3125	466.75	12014.5	27631.5	
788.114013671875	2944.416748046875	830533.3125	325.	2669.	29101.416015625	
789.3330078125	2885.75	835200.6875	358.4166564941406	2827.583251953125	28892.75	
790.551025390625	2785.75	841414.6875	333.3333435058594	2719.	29126.75	
791.7689819335938	3787.25	881016.3125	525.0833129882813	3077.916748046875	29202.416015625	
792.9869995117188	4204.16650390625	1066369.5	316.6666564941406	2652.333251953125	30797.833984375	
794.2050170898438	3636.75	927649.	591.8333129882813	4037.666748046875	28157.916015625	
795.4229736328125	3353.	923777.375	283.4166564941406	2786.	29009.75	
796.6409912109375	2719.083251953125	977993.5	416.75	3628.666748046875	29878.666015625	
797.8590087890625	2543.75	837810.6875	516.8333129882813	5872.	29402.166015625	
799.0770263671875	3002.5	915145.4375	325.0833435058594	2769.333251953125	28667.333984375	
800.2949829101563	2810.75	853670.	341.6666564941406	3211.333251953125	31282.	
801.5139770507813	2810.75	881104.6875	441.6666564941406	3929.166748046875	30447.	
802.7319946289063	3186.333251953125	897590.6875	250.	2151.916748046875	27079.833984375	
803.9500122070313	2752.416748046875	881795.25	291.6666564941406	2460.5	31240.75	
805.1680297851563	2610.583251953125	999594.75	408.3333435058594	3478.5	29051.5	
806.385986328125	2911.	870768.375	258.3333435058594	2385.416748046875	28901.25	
807.60400390625	2410.333251953125	843130.	241.6666717529297	2185.083251953125	28215.916015625	
808.822021484375	4780.41650390625	805998.	266.6666564941406	1743.	29369.083984375	
810.0399780273438	5592.08349609375	840676.	266.6666564941406	1993.333374023438	28842.666015625	
811.2579956054688	2827.5	836490.6875	275.0833435058594	2126.75	28625.666015625	
812.4760131835938	2610.666748046875	812256.6875	175.	2385.666748046875	28759.416015625	
813.6950073242188	2944.25	834702.	266.6666564941406	1542.833374023438	28424.583984375	
814.9130249023438	2819.25	811056.	141.6666717529297	2026.583374023438	29160.	
816.1309814453125	2752.333251953125	814594.	225.	1818.083374023438	30070.583984375	
817.3489990234375	2860.916748046875	874595.5625	233.3333282470703	1609.5	28542.333984375	
818.5670166015625	2894.25	874989.5625	241.6666717529297	1809.75	29060.	
819.7849731445313	2869.333251953125	845158.6875	283.3333435058594	2168.666748046875	28349.833984375	
821.0029907226563	3169.583251953125	924418.875	250.	1884.666625976563	28416.75	
822.2210083007813	2502.166748046875	800186.	216.75	61857.67578125	28767.583984375	
823.4390258789063	3161.25	932546.375	250.	1709.75	28091.166015625	
824.6580200195313	3478.25	827008.	175.	2068.25	29018.25	
825.8759765625	3837.	859295.3125	258.3333435058594	3337.	30446.916015625	
827.093994140625	3428.166748046875	832733.3125	200.	2118.333251953125	28834.333984375	
828.31201171875	3920.75	804698.6875	116.6666641235352	2285.166748046875	29151.583984375	
829.530029296875	2744.083251953125	829748.0625	200.	2285.416748046875	29227.083984375	
830.7479858398438	2635.583251953125	920896.125	225.	2852.666748046875	29302.25	
831.9660034179688	2852.583251953125	792481.3125	275.0833435058594	2101.75	29319.	
833.1840209960938	5248.33349609375	811753.5	208.3333282470703	18790.666015625	29143.5	
834.4019775390625	2819.25	843407.3125	191.6666717529297	1984.916625976563	31023.5	
835.6199951171875	2902.583251953125	869294.	225.	3278.333251953125	27773.583984375	
836.8389892578125	3536.75	850510.6875	275.	2101.833251953125	29068.25	
838.0570068359375	3219.5	826076.6875	250.	2335.416748046875	27889.833984375	
839.2750244140625	3803.666748046875	810263.3125	183.3333282470703	2143.333251953125	30062.416015625	
840.4929809570313	3520.166748046875	851144.1875	200.	1976.583374023438	27313.916015625	
841.7109985351563	3236.25	864834.6875	275.	1943.25	29377.666015625	
842.9290161132813	3361.5	867259.3125	258.3333435058594	1701.166625976563	28717.666015625	
844.14697265625	3344.666748046875	885246.9375	191.6666717529297	2118.416748046875	29009.833984375	
845.364990234375	3136.25	872545.8125	216.6666717529297	2151.833251953125	29552.833984375	
846.5830078125	5372.66650390625	825590.6875	233.3333282470703	1993.333374023438	28358.083984375	
847.801025390625	3002.75	889666.875	208.3333282470703	3721.	29327.333984375	
849.02001953125	3002.583251953125	901060.	358.4166564941406	1659.5	30998.416015625	
850.2379760742188	3136.25	850569.3125	275.	2043.25	30931.416015625	
851.4559936523438	3328.	846632.	275.	1492.666625976563	28358.25	
852.6740112304688	6894.	840812.	333.3333435058594	1651.166625976563	29402.583984375	
853.8920288085938	4262.91650390625	846949.3125	250.	1801.5	28232.416015625	
855.1099853515625	18438.916015625	853366.	216.6666717529297	1910.	29185.333984375	
856.3280029296875	4379.5	827758.6875	250.	1425.916625976563	31149.166015625	
857.5460205078125	10184.1669921875	862193.3125	200.	1834.75	28709.25	
858.7639770507813	3336.5	830790.	233.3333282470703	1317.5	28759.25	
859.9829711914063	2935.916748046875	835939.3125	150.	1759.583374023438	28800.916015625	
861.2009887695313	3311.416748046875	795952.6875	166.6666717529297	1309.25	29018.	
862.4190063476563	11912.9169921875	805278.	241.6666717529297	1617.916625976563	28742.333984375	
863.6370239257813	2785.666748046875	825273.25	333.4166564941406	2944.583251953125	29937.333984375	
864.85498046875	12038.75	819214.	250.0833282470703	1325.916625976563	27196.75	
866.072998046875	3962.833251953125	822938.	216.6666717529297	1476.166625976563	28992.666015625	
867.291015625	2927.666748046875	849777.125	258.3333435058594	1901.5	28400.	
868.5089721679688	2735.666748046875	840421.0625	275.	1526.083374023438	31407.916015625	
869.7269897460938	2627.083251953125	834622.	316.6666564941406	2352.083251953125	30213.25	
870.9450073242188	2902.5	815453.3125	366.75	1742.833374023438	27731.583984375	
872.1640014648438	3378.083251953125	850737.	366.6666564941406	4414.25	29711.416015625	
873.3820190429688	4471.41650390625	889632.4375	383.3333435058594	11907.1669921875	29068.166015625	
874.5999755859375	5197.16650390625	866359.	350.0833435058594	3970.583251953125	30062.833984375	
875.8179931640625	5213.83349609375	836126.	541.8333129882813	9115.9169921875	28533.333984375	
877.0360107421875	6874.41650390625	913244.5	358.3333435058594	43699.58203125	29126.75	
878.2540283203125	7308.58349609375	826841.3125	375.0833435058594	4221.16650390625	30948.333984375	
879.4719848632813	6432.25	1411011.875	366.6666564941406	2935.916748046875	29360.583984375	
880.6900024414063	63957.734375	875642.4375	266.6666564941406	3636.666748046875	29068.333984375	
881.9080200195313	5647.83349609375	889630.9375	283.3333435058594	59617.31640625	30990.	
883.1259765625	6984.91650390625	854929.	425.0833435058594	5223.5	29252.	
884.344970703125	3386.583251953125	814436.6875	200.	2485.583251953125	29277.166015625	
885.56298828125	3995.666748046875	829112.6875	241.6666717529297	12449.5830078125	29486.166015625	
886.781005859375	4279.33349609375	807892.625	316.75	1759.583374023438	29385.666015625	
887.9990234375	5547.75	816775.5625	266.6666564941406	2268.583251953125	29527.833984375	
889.2169799804688	4346.08349609375	840216.6875	308.3333435058594	1851.5	29594.75	
890.4349975585938	4496.41650390625	820852.	266.6666564941406	4648.41650390625	28959.916015625	
891.6530151367188	3411.5	824572.6875	191.6666717529297	1793.	29010.	
892.8709716796875	3386.666748046875	803026.6875	216.6666717529297	1651.25	29260.166015625	
894.0889892578125	4070.833251953125	820151.75	208.3333282470703	3454.166748046875	28558.583984375	
895.3070068359375	3369.916748046875	892643.3125	141.6666717529297	1859.916625976563	28475.083984375	
896.5260009765625	3152.833251953125	853287.3125	225.	1893.166625976563	28918.583984375	
897.7440185546875	4980.75	828530.6875	291.6666564941406	1834.75	28884.416015625	
898.9619750976563	4580.75	883124.4375	125.	2852.666748046875	28533.583984375	
900.1799926757813	2543.916748046875	801246.	275.	2685.666748046875	28241.25	
901.3980102539063	2852.666748046875	817902.625	475.25	3863.25	29502.916015625	
902.6160278320313	2552.166748046875	795907.3125	241.6666717529297	1476.	29928.833984375	
903.833984375	3762.	831183.6875	158.3333282470703	1701.416625976563	29970.833984375	
905.052001953125	2886.083251953125	781389.3125	191.6666717529297	1400.916625976563	28040.583984375	
906.27001953125	2835.833251953125	814573.25	150.	2076.833251953125	29502.583984375	
907.489013671875	4104.25	806603.75	959.1666870117188	1601.25	29202.083984375	
908.7069702148438	3920.5	794612.	408.4166564941406	5282.33349609375	29519.333984375	
909.9249877929688	5506.25	797547.3125	233.3333282470703	2418.75	30731.25	
911.1430053710938	4679.83349609375	801368.6875	275.	2819.083251953125	29954.333984375	
912.3610229492188	7433.41650390625	877807.5625	1000.5	6515.75	29636.333984375	
913.5789794921875	19880.75	827716.	825.4166870117188	12349.75	29862.333984375	
914.7969970703125	37306.33203125	881444.6875	1634.916625976563	15079.5830078125	29837.416015625	
916.0150146484375	40499.83203125	886996.	1593.	17084.833984375	33824.83203125	
917.2329711914063	34282.25	876295.3125	1292.583374023438	30495.	31299.083984375	
918.4509887695313	31400.666015625	878672.1875	1826.916625976563	15533.8330078125	31350.	
919.6699829101563	35666.	849854.6875	900.5	27272.416015625	29118.25	
920.8880004882813	29913.25	888574.6875	992.1666870117188	13459.75	31350.083984375	
922.1060180664063	31250.5	890009.3125	1075.75	10096.4169921875	28917.916015625	
923.323974609375	26156.	887459.3125	1317.666625976563	9779.0830078125	31165.916015625	
924.5419921875	23306.666015625	954495.1875	758.75	5839.75	28951.	
925.760009765625	19079.25	919236.5	650.25	7383.75	31476.	
926.97802734375	12507.6669921875	902923.3125	491.75	4421.	30262.416015625	
928.1959838867188	15463.75	901949.4375	850.4166870117188	4980.16650390625	33739.83203125	
929.4140014648438	71102.	904048.	967.25	3978.833251953125	31592.	
930.6320190429688	12553.75	931569.3125	692.	3887.333251953125	28859.916015625	
931.8510131835938	10864.4169921875	930956.	758.5833129882813	20272.833984375	32201.833984375	
933.0689697265625	8025.91650390625	896114.	783.6666870117188	2819.166748046875	29979.5	
934.2869873046875	7884.41650390625	922444.0625	441.75	3336.416748046875	29736.916015625	
935.5050048828125	12751.5	947858.4375	458.3333435058594	3895.75	29001.5	
936.7230224609375	7200.	909851.3125	566.9166870117188	3236.5	28759.416015625	
937.9409790039063	5314.08349609375	913790.625	858.75	3019.583251953125	29201.833984375	
939.1589965820313	5397.33349609375	931985.3125	458.3333435058594	1843.	28842.666015625	
940.3770141601563	10088.5830078125	959065.3125	775.3333129882813	2151.75	29018.25	
941.594970703125	4863.33349609375	942933.3125	458.5833435058594	1926.5	28441.25	
942.8140258789063	4830.08349609375	933520.75	575.1666870117188	1859.75	29394.333984375	
944.031982421875	4170.83349609375	905352.	683.6666870117188	5141.25	29369.5	
945.25	4254.58349609375	900882.	466.75	1818.	27965.666015625	
946.468017578125	6676.33349609375	966141.25	525.1666870117188	1843.083374023438	28600.666015625	
947.6859741210938	4270.91650390625	896183.3125	558.6666870117188	1959.75	28408.083984375	
948.9039916992188	3611.75	930780.625	408.4166564941406	1642.833374023438	28483.5	
950.1220092773438	3211.333251953125	932694.6875	425.0833435058594	1901.416625976563	27581.333984375	
951.3400268554688	3636.75	882033.3125	308.4166564941406	1876.5	27505.666015625	
952.5579833984375	6785.5	885829.3125	391.75	1492.833374023438	28918.166015625	
953.7760009765625	3561.666748046875	914498.625	425.0833435058594	1334.25	27740.083984375	
954.9949951171875	3294.666748046875	938768.6875	375.	1501.25	29962.333984375	
956.2130126953125	3470.083251953125	917258.6875	483.4166564941406	1167.5	29862.416015625	
957.4310302734375	2877.666748046875	899065.3125	341.6666564941406	1417.583374023438	28967.583984375	
958.6489868164063	3036.083251953125	986458.	291.6666564941406	1159.	28917.916015625	
959.8670043945313	3178.	921702.6875	366.75	1259.166625976563	28065.416015625	
961.0850219726563	3319.75	919980.6875	1484.833374023438	1534.416625976563	28800.666015625	
962.302978515625	2886.	913150.8125	358.3333435058594	1584.583374023438	29001.416015625	
963.52099609375	2877.583251953125	940135.625	892.25	1576.083374023438	30914.666015625	
964.739013671875	2819.166748046875	913745.3125	508.4166564941406	1592.833374023438	29160.333984375	
965.9569702148438	2894.25	957803.3125	641.9166870117188	1584.5	30205.166015625	
967.176025390625	2493.75	909581.3125	750.3333129882813	1200.666625976563	30121.333984375	
968.3939819335938	3745.416748046875	962769.3125	583.5	1659.666625976563	30589.	
969.6119995117188	2543.833251953125	947915.3125	558.5	1659.5	29945.416015625	
970.8300170898438	2785.833251953125	935712.6875	550.0833129882813	5510.41650390625	31876.	
972.0479736328125	2861.	915671.3125	883.9166870117188	2936.583251953125	32301.833984375	
973.2659912109375	2927.583251953125	928517.3125	550.1666870117188	1459.333374023438	29294.	
974.4840087890625	3128.	954141.3125	533.4166870117188	1325.75	30179.833984375	
