Trace for Mass:	Na23(LR)	Mg25(LR)	Cu63(LR)	Pb208(LR)	Sn118(LR)
Resolution:	Low	Low	Low	Low	Low
					
Time	Intensity	Intensity	Intensity	Intensity	Intensity
[sec]	[cps]	[cps]	[cps]	[cps]	[cps]

1.25	96403.	1726.5	3828.833251953125	867.25	500.0833435058594	
2.497999906539917	89063.5	900.5	3178.	808.6666870117188	575.	
3.746000051498413	81672.	1100.5	1768.	800.3333129882813	333.3333435058594	
4.99399995803833	81928.5	975.25	3778.916748046875	708.5833129882813	550.1666870117188	
6.242000102996826	111957.5	2026.75	3369.916748046875	816.9166870117188	525.	
7.489999771118164	99648.	1025.75	2218.416748046875	800.3333129882813	500.0833435058594	
8.73799991607666	133759.5	2552.	3929.083251953125	1259.083374023438	416.75	
9.986000061035156	226793.	2552.25	5614.41650390625	1133.916625976563	541.75	
11.23400020599365	227314.	5531.	5172.08349609375	816.8333129882813	666.75	
12.48200035095215	300964.	3904.	7526.08349609375	1217.416625976563	658.6666870117188	
13.73099994659424	192033.	3778.75	7634.08349609375	1175.75	416.6666564941406	
14.97900009155273	345176.21875	4780.	7208.66650390625	967.0833129882813	441.8333435058594	
16.22699928283691	215792.	2952.5	5923.08349609375	983.6666870117188	425.	
17.47500038146973	222558.	3878.75	5706.16650390625	1484.333374023438	483.3333435058594	
18.72299957275391	248312.	5781.	10589.1669921875	1392.666625976563	441.6666564941406	
19.97100067138672	443374.6875	5881.25	12502.6669921875	1067.333374023438	625.1666870117188	
21.2189998626709	321267.375	6457.	6924.66650390625	1234.083374023438	550.0833129882813	
22.46699905395508	272411.	5480.75	7808.91650390625	1350.916625976563	458.4166564941406	
23.71500015258789	364622.0625	6532.	7066.41650390625	1300.916625976563	375.	
24.96299934387207	342354.	5806.25	7968.	1092.416625976563	466.6666564941406	
26.21100044250488	339922.0625	6707.5	6064.91650390625	1150.75	416.6666564941406	
27.45999908447266	486942.28125	5180.25	6991.08349609375	1042.25	425.	
28.70800018310547	300353.	5280.5	10747.8330078125	1350.833374023438	416.75	
29.95599937438965	285690.	7633.75	8042.5	1008.916687011719	583.3333129882813	
31.20400047302246	306448.	8084.25	8468.5	1058.833374023438	375.0833435058594	
32.45199966430664	410926.	9912.	10764.25	1084.083374023438	466.6666564941406	
33.70000076293945	303277.	27168.	15715.4169921875	1017.166687011719	550.	
34.94800186157227	929838.	11014.	15898.8330078125	1142.333374023438	583.5	
36.19599914550781	519581.4375	7859.	11641.3330078125	1159.	641.8333129882813	
37.44400024414063	285682.	6682.25	8026.16650390625	1050.583374023438	683.5	
38.69200134277344	480353.8125	15225.25	9104.	1392.666625976563	625.1666870117188	
39.93999862670898	324976.	7233.25	6590.66650390625	1100.5	433.3333435058594	
41.18899917602539	765174.9375	6482.25	7083.5	850.4166870117188	566.8333129882813	
42.4370002746582	255883.453125	5505.75	6398.91650390625	1175.666625976563	566.8333129882813	
43.68500137329102	229787.	10088.	5297.25	983.8333129882813	408.3333435058594	
44.93299865722656	277450.	4204.	5982.08349609375	867.0833129882813	633.5	
46.18099975585938	294406.	7258.25	6074.	925.5	416.6666564941406	
47.42900085449219	207757.	6908.	6241.91650390625	775.4166870117188	525.	
48.67699813842773	245257.	4754.75	6449.83349609375	983.8333129882813	600.	
49.92499923706055	534856.8125	5355.75	4805.25	1050.666625976563	450.0833435058594	
51.17300033569336	231642.	10664.5	5523.08349609375	1342.583374023438	500.0833435058594	
52.42100143432617	203858.125	6883.	4704.83349609375	1267.666625976563	583.3333129882813	
53.66899871826172	203573.	5380.75	5430.91650390625	816.9166870117188	483.4166564941406	
54.91799926757813	337105.	5956.25	7844.08349609375	1075.583374023438	433.3333435058594	
56.16600036621094	303259.09375	20451.5	3428.416748046875	950.4166870117188	558.4166870117188	
57.41400146484375	399884.09375	4880.5	3878.833251953125	1117.25	391.6666564941406	
58.6619987487793	274576.	6081.75	4588.	875.4166870117188	541.75	
59.90999984741211	203776.	4804.75	9956.8330078125	1058.916625976563	475.	
61.15800094604492	219180.	6632.75	7794.5	1134.083374023438	633.4166870117188	
62.40599822998047	439585.	3904.	6324.16650390625	1250.916625976563	550.0833129882813	
63.65399932861328	286851.0625	5731.25	4604.83349609375	775.1666870117188	541.75	
64.90200042724609	309631.71875	4729.75	7684.91650390625	1033.916625976563	450.	
66.15000152587891	213762.	7383.5	5280.75	942.0833129882813	458.3333435058594	
67.39800262451172	338628.09375	4154.	5063.91650390625	1142.25	533.5	
68.64700317382813	291702.625	3453.25	7626.91650390625	950.5	433.3333435058594	
69.89499664306641	218677.	3678.5	5456.08349609375	1234.166625976563	566.9166870117188	
71.14299774169922	280508.	12593.	4221.	1000.333312988281	450.0833435058594	
72.39099884033203	779256.6875	3228.	5656.33349609375	942.25	566.75	
73.63899993896484	1689688.125	3503.25	4538.	808.6666870117188	558.5	
74.88700103759766	545250.125	4029.	4087.416748046875	867.0833129882813	533.4166870117188	
76.13500213623047	732022.75	4304.5	4830.	825.25	641.9166870117188	
77.38300323486328	194571.	9363.25	8177.33349609375	867.	391.6666564941406	
78.63099670410156	454042.0625	5430.75	3077.666748046875	942.25	591.8333129882813	
79.87899780273438	243306.453125	10815.75	3044.416748046875	1000.666687011719	400.0833435058594	
81.12699890136719	226941.	17788.75	5089.91650390625	875.3333129882813	625.0833129882813	
82.37599945068359	236145.	4329.25	3161.333251953125	925.6666870117188	366.6666564941406	
83.62400054931641	1748041.375	5331.	4262.5	1025.5	533.4166870117188	
84.87200164794922	827784.25	3903.75	3828.833251953125	1192.333374023438	583.5	
86.12000274658203	296489.8125	4204.5	3728.666748046875	958.8333129882813	466.75	
87.36799621582031	336498.	4855.25	4196.	1501.25	533.5	
88.61599731445313	414439.125	7959.75	4621.66650390625	1451.083374023438	433.4166564941406	
89.86399841308594	355868.	5505.75	5072.5	1225.833374023438	600.1666870117188	
91.11199951171875	445746.53125	4754.75	3895.5	1150.75	683.5833129882813	
92.36000061035156	307497.	7057.75	4821.66650390625	1367.5	458.4166564941406	
93.60800170898438	1133946.75	4679.75	3912.333251953125	1242.583374023438	591.8333129882813	
94.85600280761719	336464.3125	4805.	5932.5	1350.833374023438	658.5	
96.10500335693359	382431.40625	5130.5	6048.75	1467.75	550.0833129882813	
97.35299682617188	434100.8125	12241.25	5272.5	900.4166870117188	475.	
98.60099792480469	353039.	9962.5	3828.75	992.1666870117188	516.75	
99.8489990234375	377779.875	5631.	3319.833251953125	1067.25	625.0833129882813	
101.0970001220703	358060.5	5931.25	2977.916748046875	1100.666625976563	541.75	
102.3450012207031	479898.375	4930.	3478.25	1150.75	483.4166564941406	
103.5930023193359	617999.3125	4704.75	3720.25	1100.666625976563	600.0833129882813	
104.8410034179688	951091.625	4404.25	6816.33349609375	1275.833374023438	375.	
106.088996887207	1351320.875	5380.75	4054.083251953125	1050.583374023438	541.6666870117188	
107.3369979858398	571319.125	5881.5	7452.08349609375	1059.	541.8333129882813	
108.5849990844727	414696.	6957.75	3903.833251953125	858.6666870117188	400.0833435058594	
109.8339996337891	385767.28125	4029.	4396.08349609375	1033.916625976563	583.4166870117188	
111.0820007324219	369426.375	3278.	4162.5	842.	441.75	
112.3300018310547	363766.	5330.5	5147.25	1000.583312988281	608.4166870117188	
113.5780029296875	550900.375	9789.	4421.25	1250.833374023438	558.5	
114.8259963989258	394007.65625	6508.	5072.16650390625	792.0833129882813	516.75	
116.0739974975586	364705.3125	4004.	4137.5	1083.916625976563	583.4166870117188	
117.3219985961914	371949.25	5130.5	5322.41650390625	1159.	516.8333129882813	
118.5699996948242	914888.75	6583.	6583.08349609375	1351.	566.9166870117188	
119.818000793457	532498.125	6432.	5864.83349609375	7996.	425.0833435058594	
121.0660018920898	1644206.375	6281.75	5497.66650390625	1292.416625976563	441.6666564941406	
122.3140029907227	1097621.125	5480.75	8753.0830078125	1943.333374023438	541.75	
123.5630035400391	530795.375	7058.	8043.75	1225.916625976563	525.1666870117188	
124.8109970092773	1012856.875	5681.25	6457.08349609375	1601.166625976563	558.3333129882813	
126.0589981079102	487856.	6282.	7491.91650390625	1776.416625976563	400.	
127.306999206543	588134.	6056.5	12627.9169921875	1008.916687011719	525.	
128.5549926757813	621914.125	4980.25	7133.25	1092.333374023438	516.6666870117188	
129.8029937744141	606178.4375	7609.5	8861.1669921875	1242.416625976563	583.4166870117188	
131.0509948730469	635034.6875	4429.25	15896.75	1367.583374023438	500.0833435058594	
132.2989959716797	929185.0625	7534.25	7367.	933.9166870117188	466.75	
133.5469970703125	442773.0625	6832.5	6048.25	1426.	566.8333129882813	
134.7949981689453	2469247.	8109.5	13860.4169921875	2210.5	491.75	
136.0429992675781	589035.125	6532.	7291.5	917.1666870117188	608.4166870117188	
137.2920074462891	852322.5625	6056.5	8168.75	1242.583374023438	533.3333129882813	
138.5399932861328	1779019.625	5355.5	9519.8330078125	1067.166625976563	475.0833435058594	
139.7879943847656	1045900.9375	6632.5	13362.5	1033.916625976563	600.0833129882813	
141.0359954833984	693907.125	4955.25	14999.4169921875	1150.583374023438	483.4166564941406	
142.2839965820313	556282.125	30463.75	7801.	1225.75	575.1666870117188	
143.5319976806641	586539.75	10689.	9470.	1150.666625976563	658.4166870117188	
144.7799987792969	651980.9375	10162.5	11807.4169921875	1100.75	575.0833129882813	
146.0279998779297	1174205.75	5581.	9044.75	1400.916625976563	550.0833129882813	
147.2760009765625	718516.0625	6957.75	8042.5	1234.166625976563	441.6666564941406	
148.5240020751953	379776.375	7658.75	18703.916015625	1109.083374023438	425.	
149.7720031738281	569192.5	12316.25	11725.4169921875	1117.333374023438	525.0833129882813	
151.02099609375	497225.6875	6632.5	12034.0830078125	1351.	658.4166870117188	
152.2689971923828	822601.5625	7658.75	9370.	1667.916625976563	516.75	
153.5169982910156	1540844.75	8184.25	21153.25	1434.416625976563	616.75	
154.7649993896484	466704.	7032.75	17865.25	1601.083374023438	558.5	
156.0130004882813	441472.4375	7683.75	20610.333984375	1184.	533.4166870117188	
157.2610015869141	734335.4375	4554.5	10054.8330078125	1300.833374023438	475.0833435058594	
158.5090026855469	849338.875	15900.25	12058.5	1351.	566.75	
159.7570037841797	481710.	13370.75	11266.1669921875	1517.833374023438	683.5833129882813	
161.0050048828125	419602.	8560.25	8827.4169921875	1200.833374023438	616.8333129882813	
162.2530059814453	454685.875	5606.	8526.75	1067.25	550.0833129882813	
163.5010070800781	618844.	5455.75	8768.9169921875	1167.25	425.0833435058594	
164.75	454633.75	6732.5	10196.25	1150.666625976563	441.6666564941406	
165.9980010986328	365296.	6357.	9253.75	1868.333374023438	675.1666870117188	
167.2460021972656	584250.375	7032.75	8051.33349609375	1517.833374023438	458.5	
168.4940032958984	344790.	4855.	8969.4169921875	1342.583374023438	525.1666870117188	
169.7420043945313	414472.5625	6933.25	7876.	1426.083374023438	516.6666870117188	
170.9900054931641	581269.75	14296.	20497.416015625	1267.583374023438	408.3333435058594	
172.2380065917969	368447.	12166.25	6223.5	1392.666625976563	516.8333129882813	
173.4859924316406	439605.09375	7358.25	27712.333984375	1050.666625976563	533.3333129882813	
174.7339935302734	466788.8125	7408.5	7108.25	925.3333129882813	616.8333129882813	
175.9819946289063	483609.5	8735.25	8703.1669921875	1117.333374023438	466.75	
177.2299957275391	426074.	7508.5	23818.25	1751.333374023438	441.6666564941406	
178.47900390625	470190.	9236.25	10713.8330078125	1375.833374023438	616.75	
179.7270050048828	952120.875	9261.	12342.75	1759.916625976563	483.4166564941406	
180.9750061035156	617766.75	10162.5	9403.3330078125	3095.166748046875	525.0833129882813	
182.2230072021484	1278318.25	6933.	11149.	2093.333251953125	591.9166870117188	
183.4709930419922	629464.	8835.5	9470.25	2101.916748046875	475.0833435058594	
184.718994140625	367461.5625	9711.75	7817.41650390625	1451.	533.4166870117188	
185.9669952392578	423121.375	17303.25	10305.0830078125	1092.25	566.75	
187.2149963378906	415006.	12316.5	10780.5830078125	1350.916625976563	541.6666870117188	
188.4629974365234	574805.3125	8685.25	8159.75	1251.	508.3333435058594	
189.7109985351563	441722.9375	13568.25	9261.1669921875	1267.416625976563	466.6666564941406	
190.9589996337891	676951.9375	13643.75	13200.9169921875	1709.5	458.3333435058594	
192.2079925537109	383943.3125	7484.	10130.0830078125	1693.166625976563	525.0833129882813	
193.4559936523438	571683.8125	8059.5	9787.9169921875	1284.083374023438	533.4166870117188	
194.7039947509766	545425.	7809.	7834.25	1751.416625976563	491.75	
195.9519958496094	318963.5	12591.5	19983.083984375	1909.833374023438	641.75	
197.1999969482422	730133.5	8334.5	9930.25	1367.75	425.0833435058594	
198.447998046875	423106.6875	22216.5	8359.8330078125	1401.	533.4166870117188	
199.6959991455078	652171.5	10462.75	10304.3330078125	1659.5	633.4166870117188	
200.9440002441406	448677.78125	11640.25	8068.	1292.5	500.	
202.1920013427734	779349.5	15899.5	21799.166015625	1759.666625976563	558.3333129882813	
203.4400024414063	421944.	12816.75	8961.1669921875	1275.916625976563	533.4166870117188	
204.6880035400391	451866.	12716.5	17034.166015625	1325.833374023438	583.5	
205.9369964599609	376232.	10112.25	13455.4169921875	1075.5	408.3333435058594	
207.1849975585938	2708845.5	44535.5	7583.83349609375	1234.166625976563	533.5	
208.4329986572266	354261.125	33997.5	9086.5	1275.666625976563	500.	
209.6809997558594	880494.9375	15500.25	24783.416015625	1367.666625976563	566.8333129882813	
210.9290008544922	379334.	15548.	8276.3330078125	1192.416625976563	475.	
212.177001953125	424546.21875	21360.75	15081.9169921875	1250.75	550.	
213.4250030517578	819748.75	14971.5	12367.3330078125	1042.333374023438	450.0833435058594	
214.6730041503906	577461.4375	33391.	15472.75	1008.916687011719	500.0833435058594	
215.9210052490234	362295.125	8860.5	9203.3330078125	942.0833129882813	508.4166564941406	
217.1690063476563	493998.21875	22718.25	9787.25	1183.916625976563	550.	
218.4170074462891	622229.25	20155.75	10554.8330078125	917.25	550.0833129882813	
219.6660003662109	714244.8125	17375.25	9712.0830078125	1359.25	575.	
220.9140014648438	377852.09375	20381.75	7174.66650390625	1192.5	591.75	
222.1620025634766	1153365.	15646.5	9003.	1242.583374023438	641.8333129882813	
223.4100036621094	693555.	22942.	15297.3330078125	1609.583374023438	408.3333435058594	
224.6580047607422	375895.	18227.75	9254.3330078125	1292.5	550.0833129882813	
225.906005859375	397290.	17351.25	16672.5	1000.5	616.6666870117188	
227.1540069580078	1101982.25	12116.	7233.66650390625	1034.	575.1666870117188	
228.4019927978516	631098.25	12215.5	5205.58349609375	1300.833374023438	533.4166870117188	
229.6499938964844	294948.	26701.25	4287.58349609375	1058.833374023438	441.6666564941406	
230.8979949951172	863142.3125	12215.75	6465.5	1083.833374023438	541.75	
232.14599609375	720435.1875	20806.25	11559.8330078125	908.8333129882813	666.9166870117188	
233.3950042724609	835310.375	24866.5	7174.91650390625	1083.916625976563	416.6666564941406	
234.6430053710938	2395722.5	26018.75	5589.25	1109.	491.75	
235.8910064697266	398368.	23613.	8086.25	1125.666625976563	383.3333435058594	
237.1390075683594	499712.375	18176.5	6415.5	1050.666625976563	475.0833435058594	
238.3869934082031	364413.75	20881.75	5522.83349609375	942.25	641.75	
239.6349945068359	408068.	17499.75	6800.5	1042.25	691.75	
240.8829956054688	316755.	30016.25	4496.25	1008.833312988281	475.	
242.1309967041016	367879.	30867.5	6382.33349609375	1058.833374023438	591.6666870117188	
243.3789978027344	332547.5	16323.75	4688.08349609375	1184.	566.75	
244.6269989013672	287717.	24293.25	6123.41650390625	1067.25	583.5	
245.875	330426.	10087.25	4396.	1317.5	566.6666870117188	
247.1239929199219	872111.625	9536.	7284.58349609375	1225.833374023438	416.6666564941406	
248.3719940185547	590112.5625	28780.25	7970.25	1267.416625976563	466.75	
249.6199951171875	946064.	17801.	6808.5	1250.75	725.25	
250.8679962158203	307812.	38166.5	13478.5830078125	1142.166625976563	541.6666870117188	
252.1159973144531	322662.6875	24815.5	5839.58349609375	1676.25	566.75	
253.3639984130859	329682.	18377.5	10731.6669921875	1559.416625976563	400.	
254.6119995117188	363709.09375	18804.25	6223.5	1434.166625976563	425.	
255.8600006103516	249020.	29605.25	10412.5830078125	1234.083374023438	625.0833129882813	
257.1080017089844	794819.875	27805.75	5589.5	1309.166625976563	625.0833129882813	
258.3559875488281	221788.	28440.25	4079.083251953125	1225.833374023438	500.	
259.60400390625	487705.15625	33601.25	5664.5	1267.583374023438	550.0833129882813	
260.8529968261719	272563.	11689.5	4905.16650390625	1092.333374023438	458.3333435058594	
262.1010131835938	281323.	22823.	5514.33349609375	1117.25	491.6666564941406	
263.3489990234375	182445.	15597.25	5739.66650390625	1050.666625976563	416.6666564941406	
264.5969848632813	211552.	22361.25	3887.166748046875	1234.166625976563	425.0833435058594	
265.8450012207031	186314.	16323.	3945.5	1034.	516.6666870117188	
267.0929870605469	309009.125	17224.5	3536.583251953125	950.4166870117188	525.0833129882813	
268.3410034179688	271766.	15546.5	6257.08349609375	1067.333374023438	450.0833435058594	
269.5889892578125	295013.	21358.5	10811.	833.6666870117188	458.4166564941406	
270.8370056152344	257063.	32510.5	7343.	1084.	616.8333129882813	
272.0849914550781	225197.	20180.75	8929.6669921875	925.4166870117188	658.3333129882813	
273.3330078125	248796.	42208.5	8460.75	1133.916625976563	541.8333129882813	
274.5809936523438	239328.	39158.75	5906.41650390625	1100.833374023438	625.0833129882813	
275.8299865722656	357117.375	25143.5	14801.0830078125	1042.25	558.3333129882813	
277.0780029296875	366253.75	32512.75	11482.25	1000.583312988281	475.	
278.3259887695313	256129.	24991.75	7291.83349609375	1242.5	591.8333129882813	
279.5740051269531	221545.	21507.75	8720.8330078125	1134.083374023438	566.75	
280.8219909667969	199515.0625	46894.5	12420.	1109.	608.5	
282.0700073242188	295050.	28428.75	6257.08349609375	1467.666625976563	391.6666564941406	
283.3179931640625	195469.84375	30780.25	7667.75	1108.916625976563	600.	
284.5660095214844	431376.34375	35080.	5814.83349609375	1067.166625976563	541.6666870117188	
285.8139953613281	192507.	22936.	10806.5830078125	1042.333374023438	533.4166870117188	
287.06201171875	813421.25	39591.	11174.0830078125	1000.5	566.8333129882813	
288.3099975585938	551660.4375	67385.75	12068.4169921875	1250.75	516.75	
289.5589904785156	252913.25	30737.	7225.	975.5	633.4166870117188	
290.8070068359375	374355.03125	36250.	8243.3330078125	1017.083312988281	591.9166870117188	
292.0549926757813	439244.875	42742.5	7700.83349609375	858.75	516.6666870117188	
293.3030090332031	268802.	66913.5	11646.5	1200.75	433.3333435058594	
294.5509948730469	538835.5625	29928.25	10498.5	1058.833374023438	466.6666564941406	
295.7990112304688	439786.75	22860.75	6674.33349609375	1059.	575.25	
297.0469970703125	497476.75	180647.125	6273.58349609375	908.8333129882813	600.0833129882813	
298.2950134277344	186475.	19330.25	3620.166748046875	1109.	650.1666870117188	
299.5429992675781	288449.96875	19754.75	8997.9169921875	959.	516.75	
300.7909851074219	272932.	34318.	6899.5	1100.583374023438	416.6666564941406	
302.0390014648438	207917.	35895.	13341.75	883.75	683.5	
303.2879943847656	264555.	44529.75	7492.16650390625	841.9166870117188	508.3333435058594	
304.5360107421875	320274.65625	23913.5	5998.41650390625	933.8333129882813	491.6666564941406	
305.7839965820313	587396.75	38747.	6807.91650390625	1067.25	550.	
307.0320129394531	247002.	32886.25	8159.91650390625	883.75	466.75	
308.2799987792969	226033.	24816.	7550.66650390625	942.1666870117188	500.0833435058594	
309.5280151367188	245779.	43633.5	16270.9169921875	1050.5	575.0833129882813	
310.7760009765625	211609.	26523.5	9195.6669921875	925.5	500.0833435058594	
312.0239868164063	215903.	22385.5	6657.58349609375	908.75	508.5	
313.2720031738281	261902.25	29153.	10247.6669921875	1059.	566.6666870117188	
314.5199890136719	256236.453125	36851.75	9010.8330078125	1058.833374023438	575.0833129882813	
315.7680053710938	533404.625	15521.	7108.25	983.75	583.5	
317.0169982910156	307358.78125	46911.5	9503.75	883.6666870117188	625.1666870117188	
318.2650146484375	586283.625	24266.5	15009.5	1208.916625976563	583.4166870117188	
319.5130004882813	398363.03125	20283.25	8810.6669921875	1042.333374023438	425.	
320.760986328125	734843.	77076.2109375	12419.5	850.3333129882813	483.3333435058594	
322.0090026855469	285049.	41910.	13026.5	867.	466.6666564941406	
323.2569885253906	187552.	17726.	13604.5	1509.583374023438	625.1666870117188	
324.5050048828125	272186.	18730.25	12142.0830078125	833.8333129882813	575.	
325.7529907226563	780218.5625	17702.75	22513.583984375	850.25	683.5	
327.0010070800781	544585.8125	16198.	10029.25	1000.5	516.6666870117188	
328.2489929199219	207819.	30793.25	11123.5	950.4166870117188	525.0833129882813	
329.4970092773438	189847.	12491.	8351.6669921875	933.75	591.8333129882813	
330.7460021972656	189737.	11915.	10967.25	1000.416687011719	516.8333129882813	
331.9939880371094	190687.	19884.25	9712.8330078125	1083.833374023438	683.5833129882813	
333.2420043945313	231807.5	8685.25	10330.0830078125	1084.083374023438	458.3333435058594	
334.489990234375	202333.	8134.5	14922.25	1209.083374023438	575.0833129882813	
335.7380065917969	268033.28125	18757.75	14710.	2786.416748046875	525.	
336.9859924316406	487772.75	13094.25	24463.666015625	1050.416625976563	491.6666564941406	
338.2340087890625	213248.	18407.75	19378.833984375	1334.166625976563	566.75	
339.4819946289063	258609.	12792.5	10499.6669921875	1559.5	466.6666564941406	
340.7300109863281	253931.59375	8835.25	10541.25	1059.083374023438	566.8333129882813	
341.9779968261719	160521.	19062.5	11190.	1960.333374023438	575.1666870117188	
343.2260131835938	326502.625	13619.5	9732.4169921875	1668.	575.0833129882813	
344.4750061035156	186847.	12266.75	15265.8330078125	2043.5	541.75	
345.7229919433594	302562.4375	27554.5	9170.1669921875	1359.25	441.6666564941406	
346.9710083007813	182007.609375	8860.5	6006.83349609375	1317.5	466.6666564941406	
348.218994140625	221991.	14820.75	7300.66650390625	1159.	408.3333435058594	
349.4670104980469	474696.9375	12416.75	9855.6669921875	1342.666625976563	425.	
350.7149963378906	251678.	14745.5	12651.0830078125	3236.916748046875	541.6666870117188	
351.9630126953125	219098.5	11039.	9789.0830078125	1117.25	583.4166870117188	
353.2109985351563	184673.	39057.5546875	10940.3330078125	934.	550.0833129882813	
354.4590148925781	472753.96875	17425.5	8935.8330078125	1242.5	583.4166870117188	
355.7070007324219	185818.	14094.25	14370.	967.25	575.0833129882813	
356.9549865722656	233474.	76432.75	14336.6669921875	1133.916625976563	466.6666564941406	
358.2040100097656	240845.	14018.75	17994.5	1309.166625976563	516.8333129882813	
359.4519958496094	346174.	17550.	40615.16796875	1275.833374023438	508.5	
360.7000122070313	231522.21875	15046.25	16642.25	1142.416625976563	641.6666870117188	
361.947998046875	385255.8125	23764.25	14336.4169921875	1167.333374023438	591.8333129882813	
363.1960144042969	201777.	73765.25	19126.666015625	1417.5	558.5	
364.4440002441406	228468.	22261.25	39011.58203125	1117.333374023438	466.75	
365.6919860839844	312059.5625	23969.	23846.75	1509.416625976563	433.3333435058594	
366.9400024414063	314918.21875	14218.75	15597.0830078125	1017.25	483.3333435058594	
368.18798828125	324623.03125	16097.25	53225.02734375	1183.833374023438	566.75	
369.4360046386719	322290.53125	18877.75	28761.666015625	1184.083374023438	550.0833129882813	
370.6839904785156	203036.5	56261.40625	36461.91796875	1159.083374023438	658.5833129882813	
371.9330139160156	175057.	35815.	11890.4169921875	1292.583374023438	666.9166870117188	
373.1809997558594	275307.	23592.25	20405.083984375	1092.333374023438	575.0833129882813	
374.4289855957031	192036.	19554.25	17969.666015625	1017.166687011719	533.3333129882813	
375.677001953125	194584.	40983.5	13810.75	1142.416625976563	550.1666870117188	
376.9249877929688	310769.59375	10338.	13478.0830078125	1092.416625976563	608.5	
378.1730041503906	299755.	31948.75	17418.833984375	900.4166870117188	550.25	
379.4209899902344	267164.5	18753.	22586.5	975.5833129882813	600.0833129882813	
380.6690063476563	196960.	28411.75	19472.5	933.6666870117188	500.	
381.9169921875	324419.0625	16773.75	12542.9169921875	1109.	516.6666870117188	
383.1650085449219	207327.	15446.	16209.0830078125	1008.833312988281	533.4166870117188	
384.4129943847656	324297.3125	32326.25	22840.083984375	1267.583374023438	616.9166870117188	
385.6619873046875	221625.	15572.5	16591.833984375	1083.833374023438	383.3333435058594	
386.9100036621094	162191.	16225.	6415.41650390625	992.	566.8333129882813	
388.1579895019531	572067.5	19159.	7558.75	808.5833129882813	683.5833129882813	
389.406005859375	277226.03125	10888.25	8368.4169921875	1184.083374023438	466.8333435058594	
390.6539916992188	349034.28125	16248.	15392.	883.6666870117188	550.1666870117188	
391.9020080566406	291954.4375	16223.5	8018.08349609375	1050.5	491.8333435058594	
393.1499938964844	216282.	27986.75	7851.75	1075.583374023438	500.0833435058594	
394.3980102539063	172169.	15071.5	9379.0830078125	1058.75	600.1666870117188	
395.64599609375	246484.8125	45042.	6999.75	850.25	575.1666870117188	
396.8940124511719	183523.	13694.25	5422.41650390625	850.3333129882813	416.6666564941406	
398.1419982910156	277532.375	15471.75	6215.08349609375	1008.666687011719	483.3333435058594	
399.3909912109375	156765.	22062.25	11654.6669921875	1058.916625976563	383.3333435058594	
400.6390075683594	178425.21875	21964.25	10591.5830078125	1025.5	383.4166564941406	
401.8869934082031	478121.5	28402.5	5080.25	1092.333374023438	458.3333435058594	
403.135009765625	131713.5	22612.	8568.8330078125	950.5833129882813	541.75	
404.3829956054688	187302.	19656.75	5823.	908.75	516.75	
405.6310119628906	126476.	10162.5	5264.	883.6666870117188	541.8333129882813	
406.8789978027344	411965.40625	19154.5	3837.	875.4166870117188	450.	
408.1270141601563	131662.5	11439.5	22721.814453125	917.0833129882813	366.6666564941406	
409.375	174449.5	14644.75	4988.58349609375	1033.916625976563	616.8333129882813	
410.6229858398438	225321.	10237.75	5789.66650390625	933.9166870117188	458.3333435058594	
411.8710021972656	156735.	14572.	4638.16650390625	875.5	416.6666564941406	
413.1199951171875	112100.5	12141.	6925.91650390625	992.1666870117188	525.0833129882813	
414.3680114746094	243770.78125	34170.5	3720.25	942.25	516.6666870117188	
415.6159973144531	657188.0625	7032.75	4813.5	875.4166870117188	625.1666870117188	
416.864013671875	149075.5	5230.5	3336.416748046875	725.	441.75	
418.1119995117188	147567.	12319.75	3570.166748046875	892.0833129882813	500.0833435058594	
419.3599853515625	152165.5	5631.	2952.666748046875	817.	575.25	
420.6080017089844	151709.5	6107.	5481.58349609375	825.1666870117188	566.8333129882813	
421.8559875488281	112493.	5105.5	3294.666748046875	1025.666625976563	500.0833435058594	
423.10400390625	209792.	7057.75	3470.	900.5	408.3333435058594	
424.3519897460938	129023.5	6081.75	2760.75	967.1666870117188	608.5	
425.6000061035156	143427.5	3503.5	6375.08349609375	942.0833129882813	466.75	
426.8489990234375	115687.	3178.	2610.583251953125	975.5833129882813	575.0833129882813	
428.0969848632813	150025.	5255.75	4329.58349609375	833.75	491.75	
429.3450012207031	144980.40625	5505.75	6265.75	992.0833129882813	533.4166870117188	
430.5929870605469	306189.0625	82030.40625	4846.75	1017.25	641.6666870117188	
431.8410034179688	188935.	9812.	4279.33349609375	1000.583312988281	650.1666870117188	
433.0889892578125	247855.	14572.	11046.6669921875	1100.583374023438	483.4166564941406	
434.3370056152344	304071.0625	7308.25	4212.58349609375	950.6666870117188	650.1666870117188	
435.5849914550781	365563.59375	10513.25	7192.5	1017.25	550.1666870117188	
436.8330078125	234618.6875	8936.	9301.1669921875	1042.083374023438	583.4166870117188	
438.0809936523438	2863370.5	9336.25	5907.	975.5833129882813	375.	
439.3290100097656	341511.59375	6432.	5806.41650390625	1017.166687011719	575.0833129882813	
440.5780029296875	255457.	20961.25	7960.5	817.	508.5	
441.8259887695313	273734.	8309.75	4429.58349609375	741.8333129882813	400.	
443.0740051269531	421058.5625	7784.	4754.83349609375	1092.333374023438	625.25	
444.3219909667969	411821.6875	19262.25	5606.16650390625	1050.75	558.3333129882813	
445.5700073242188	622527.625	6907.75	6390.91650390625	1008.916687011719	466.6666564941406	
446.8179931640625	424698.53125	5205.5	4588.	750.1666870117188	550.	
448.0660095214844	759693.875	4304.25	3853.916748046875	992.1666870117188	408.4166564941406	
449.3139953613281	438217.75	14095.5	3261.416748046875	1100.666625976563	608.4166870117188	
450.56201171875	892588.25	4454.5	3895.416748046875	967.25	583.4166870117188	
451.8099975585938	236932.	6782.5	5105.41650390625	892.25	533.5	
453.0580139160156	334423.96875	11867.25	6885.25	933.75	425.	
454.3070068359375	301450.75	7859.75	14944.	1025.416625976563	483.3333435058594	
455.5549926757813	321206.	8309.5	15283.75	1192.5	616.75	
456.8030090332031	581306.0625	6783.	4679.75	933.75	658.5	
458.0509948730469	338098.	153389.1875	4663.08349609375	1142.25	583.4166870117188	
459.2990112304688	335674.	8910.5	12237.5830078125	1184.166625976563	583.3333129882813	
460.5469970703125	641825.6875	17658.	5489.16650390625	1292.583374023438	491.6666564941406	
461.7950134277344	748093.9375	8084.25	4079.083251953125	892.	808.75	
463.0429992675781	406079.09375	14345.5	7717.66650390625	1234.166625976563	608.4166870117188	
464.2909851074219	1627851.25	38279.5	5088.83349609375	1109.	600.0833129882813	
465.5390014648438	717073.25	5581.25	5138.83349609375	958.6666870117188	525.	
466.7869873046875	265781.	9312.	7333.58349609375	917.1666870117188	500.0833435058594	
468.0360107421875	325431.	8585.25	6924.83349609375	1017.166687011719	566.6666870117188	
469.2839965820313	573692.1875	6006.25	6131.91650390625	883.8333129882813	416.8333435058594	
470.5320129394531	560589.625	10338.25	7368.75	1342.75	516.75	
471.7799987792969	511855.0625	11664.75	4563.	1050.666625976563	625.0833129882813	
473.0280151367188	306930.6875	3953.75	7309.08349609375	1084.083374023438	566.75	
474.2760009765625	307039.75	7784.25	4888.41650390625	917.	500.0833435058594	
475.5239868164063	499712.5	5305.5	4246.08349609375	733.5	458.3333435058594	
476.7720031738281	1031101.1875	21235.25	5147.16650390625	892.0833129882813	583.4166870117188	
478.0199890136719	208139.	5706.	5105.5	892.0833129882813	391.6666564941406	
479.2680053710938	255351.8125	4504.75	3953.833251953125	892.0833129882813	491.6666564941406	
480.5159912109375	497847.59375	4204.	11742.1669921875	850.4166870117188	558.4166870117188	
481.7650146484375	303264.	8485.5	15612.4169921875	892.0833129882813	700.1666870117188	
483.0130004882813	265251.	6407.	4020.75	775.4166870117188	550.0833129882813	
484.260986328125	443074.9375	9711.75	7302.33349609375	908.9166870117188	491.6666564941406	
485.5090026855469	299465.40625	3603.5	5155.41650390625	958.8333129882813	516.6666870117188	
486.7569885253906	497201.875	13347.	7618.75	1000.5	666.8333129882813	
488.0050048828125	761097.75	6607.5	4705.16650390625	1075.416625976563	541.6666870117188	
489.2529907226563	909431.125	8309.75	4212.83349609375	942.0833129882813	591.8333129882813	
490.5010070800781	258649.	5681.25	3244.833251953125	1000.75	600.	
491.7489929199219	518252.8125	6907.75	7117.25	900.5833129882813	558.4166870117188	
492.9970092773438	235523.	4479.5	4604.75	833.75	608.4166870117188	
494.2449951171875	265009.	5180.75	5806.66650390625	800.3333129882813	600.0833129882813	
495.4939880371094	338432.	6783.	8830.75	1017.333312988281	458.4166564941406	
496.7420043945313	257023.53125	7358.25	4938.5	908.75	591.75	
497.989990234375	315295.25	9711.75	17821.583984375	933.75	491.75	
499.2380065917969	317119.8125	7583.5	6757.91650390625	825.3333129882813	400.	
500.4859924316406	394936.40625	11339.25	8854.5830078125	1025.5	500.	
501.7340087890625	496336.78125	10413.	6015.08349609375	1075.666625976563	425.	
502.9819946289063	660408.8125	9561.5	10025.8330078125	958.8333129882813	616.6666870117188	
504.2300109863281	333103.	8284.75	6582.33349609375	1067.25	483.4166564941406	
505.4779968261719	294722.	6031.5	8920.4169921875	1100.666625976563	550.0833129882813	
506.7260131835938	359304.90625	10162.5	7275.41650390625	1033.916625976563	600.1666870117188	
507.9739990234375	388021.9375	6707.5	7884.33349609375	1042.25	575.1666870117188	
509.2229919433594	350523.0625	22441.75	6782.58349609375	1025.75	466.75	
510.4710083007813	322402.96875	10363.25	6340.91650390625	842.0833129882813	583.5	
511.718994140625	299064.	9662.25	8544.8330078125	967.1666870117188	583.5	
512.9669799804688	370951.75	9261.75	6949.5	1159.	591.8333129882813	
514.2150268554688	265614.	9461.25	8519.	1317.583374023438	525.0833129882813	
515.4630126953125	312205.5	8335.75	5414.33349609375	1184.	608.5	
516.7109985351563	831683.625	8410.	12034.9169921875	967.0833129882813	600.1666870117188	
517.958984375	317288.	7884.25	6465.75	1092.333374023438	583.5	
519.2069702148438	351442.	10688.5	4821.83349609375	1000.666687011719	533.3333129882813	
520.4550170898438	1216236.625	14300.	5848.08349609375	1175.666625976563	750.25	
521.7030029296875	372854.	9461.5	10005.3330078125	1009.083312988281	583.3333129882813	
522.9520263671875	494387.0625	9185.75	7491.91650390625	1526.083374023438	558.4166870117188	
524.2000122070313	254362.	14170.75	6206.66650390625	1334.333374023438	500.0833435058594	
525.447998046875	359276.	13844.5	7233.08349609375	1434.5	500.	
526.6959838867188	833159.875	14544.75	7392.08349609375	1709.666625976563	483.3333435058594	
527.9439697265625	889416.25	10212.5	6382.08349609375	1125.75	633.4166870117188	
529.1920166015625	329165.8125	9511.25	10530.0830078125	1217.416625976563	583.4166870117188	
530.4400024414063	465458.21875	13218.	11119.5830078125	1267.583374023438	500.1666564941406	
531.68798828125	322581.	11789.75	7817.58349609375	1617.916625976563	533.4166870117188	
532.9359741210938	648576.	10062.25	14513.0830078125	1267.5	566.75	
534.1840209960938	610680.75	13092.25	9945.75	1150.666625976563	658.6666870117188	
535.4320068359375	671125.5625	13643.25	9052.6669921875	1267.416625976563	575.0833129882813	
536.6810302734375	445367.875	9311.	24301.833984375	1133.916625976563	466.6666564941406	
537.9290161132813	418122.	9686.5	31998.40625	833.5833129882813	533.3333129882813	
539.177001953125	827053.75	20130.25	10121.0830078125	1250.833374023438	483.3333435058594	
540.4249877929688	505177.875	10988.5	10079.3330078125	1134.083374023438	491.8333435058594	
541.6729736328125	375332.	13919.	14203.5830078125	1058.833374023438	633.5	
542.9210205078125	655985.5625	15120.5	15852.75	1334.166625976563	433.3333435058594	
544.1690063476563	410957.6875	33617.5	10454.5830078125	1576.166625976563	733.75	
545.4169921875	551305.8125	11690.	13276.75	1434.416625976563	475.	
546.6649780273438	463787.6875	22888.25	15640.0830078125	1209.083374023438	650.1666870117188	
547.9130249023438	920193.9375	25800.25	14027.4169921875	1275.75	633.4166870117188	
549.1610107421875	636536.	15121.5	13987.	1200.666625976563	691.8333129882813	
550.4099731445313	921570.5	25124.5	28003.833984375	1567.75	625.1666870117188	
551.6580200195313	505263.6875	11639.5	13760.9169921875	1375.833374023438	633.4166870117188	
552.906005859375	614554.6875	12591.5	10880.8330078125	1409.333374023438	641.8333129882813	
554.1539916992188	377342.875	22012.75	16242.4169921875	1159.083374023438	500.0833435058594	
555.4019775390625	412282.375	11439.5	10771.8330078125	5451.91650390625	633.5833129882813	
556.6500244140625	670042.75	12716.5	22136.5	1292.5	591.9166870117188	
557.8980102539063	682621.5	12015.5	28589.40625	1626.166625976563	575.0833129882813	
559.14599609375	308263.	12040.75	16469.666015625	1926.416625976563	758.6666870117188	
560.3939819335938	366643.	12692.25	18730.	1217.416625976563	575.0833129882813	
561.6420288085938	231499.	8685.75	22709.416015625	1275.666625976563	491.75	
562.8900146484375	577454.3125	8234.5	11132.0830078125	1242.416625976563	650.25	
564.1389770507813	964146.1875	8559.75	17225.833984375	1309.25	525.0833129882813	
565.3870239257813	577957.5625	10513.25	18233.333984375	1284.25	733.5	
566.635009765625	395710.1875	27181.	9519.9169921875	1259.166625976563	583.5	
567.8829956054688	241981.	14019.	10681.5830078125	2085.166748046875	541.6666870117188	
569.1309814453125	304265.28125	5906.5	7625.5	1042.083374023438	650.0833129882813	
570.3790283203125	309218.	5055.	13604.5830078125	1943.416625976563	550.0833129882813	
571.6270141601563	513936.875	7759.	11401.5	1100.75	750.1666870117188	
572.875	438500.5625	14395.5	8168.25	1242.416625976563	575.1666870117188	
574.1229858398438	457745.84375	7658.5	8134.83349609375	1117.5	483.3333435058594	
575.3709716796875	415706.21875	5606.	7617.41650390625	1075.666625976563	691.8333129882813	
576.6190185546875	211279.	13247.25	8811.	1209.083374023438	366.6666564941406	
577.8679809570313	192798.640625	8735.25	13228.6669921875	1184.166625976563	491.6666564941406	
579.1160278320313	311262.84375	7383.25	6674.33349609375	1242.333374023438	516.6666870117188	
580.364013671875	241463.	11590.5	6524.	1300.75	425.	
581.6119995117188	186649.	9011.75	5280.83349609375	1409.416625976563	500.	
582.8599853515625	206089.	5506.	16899.25	1117.333374023438	425.0833435058594	
584.1079711914063	221202.375	14750.5	6073.58349609375	883.6666870117188	433.4166564941406	
585.3560180664063	210537.9375	6356.75	7049.83349609375	1426.	541.8333129882813	
586.60400390625	310101.09375	6957.5	7252.	1075.583374023438	525.	
587.8519897460938	267117.4375	4855.	7936.16650390625	1225.833374023438	625.0833129882813	
589.0999755859375	177519.	6357.	7684.5	1083.75	408.3333435058594	
590.3480224609375	223875.	3828.75	8561.25	1292.416625976563	425.	
591.5969848632813	323594.125	5305.75	17935.916015625	925.5833129882813	666.75	
592.844970703125	241107.53125	6081.75	7233.41650390625	1033.833374023438	525.0833129882813	
594.093017578125	242060.6875	7158.	8602.25	1142.333374023438	541.6666870117188	
595.3410034179688	228381.	6407.	27702.583984375	1209.083374023438	600.0833129882813	
596.5889892578125	208117.	7133.25	8134.66650390625	1050.75	508.4166564941406	
597.8369750976563	352760.9375	8435.	16461.416015625	967.25	608.5833129882813	
599.0850219726563	366630.21875	5781.	10673.5830078125	1117.166625976563	558.4166870117188	
600.3330078125	307978.	5906.5	9127.5830078125	1058.916625976563	525.0833129882813	
601.5809936523438	301725.	5480.5	8543.5	1008.833312988281	433.3333435058594	
602.8289794921875	246904.	6106.5	9954.75	917.0833129882813	633.4166870117188	
604.0770263671875	223127.	5556.	5514.33349609375	1651.333374023438	575.0833129882813	
605.3259887695313	299952.	4254.25	5747.91650390625	1317.583374023438	500.	
606.573974609375	845328.5	17134.75	8160.25	1492.916625976563	516.75	
607.822021484375	843770.1875	8611.25	6532.5	1000.5	416.6666564941406	
609.0700073242188	260706.	4679.75	9783.3330078125	1142.416625976563	616.75	
610.3179931640625	408661.28125	3203.	5564.41650390625	1767.916625976563	550.0833129882813	
611.5659790039063	408195.65625	3928.75	7083.25	1359.25	550.	
612.8140258789063	198074.	14521.25	6315.41650390625	1384.25	516.75	
614.06201171875	243968.	13999.5	5839.58349609375	1342.583374023438	475.	
615.3099975585938	430286.71875	10666.5	6682.58349609375	1184.083374023438	500.0833435058594	
616.5579833984375	301327.5625	4980.	4779.91650390625	1050.583374023438	483.4166564941406	
617.8060302734375	242028.	4629.75	9541.4169921875	983.8333129882813	558.4166870117188	
619.0549926757813	185594.	4654.5	5564.5	1117.333374023438	491.75	
620.302978515625	203929.	3153.	4771.58349609375	1000.5	516.6666870117188	
621.551025390625	208632.	2577.25	4604.75	1175.666625976563	558.5	
622.7990112304688	182398.	7810.	4262.66650390625	1109.	500.	
624.0469970703125	232339.	3453.5	4579.58349609375	892.0833129882813	441.6666564941406	
625.2949829101563	356632.4375	3478.25	3837.	1067.25	408.3333435058594	
626.5430297851563	204271.	3979.	4195.83349609375	925.4166870117188	500.0833435058594	
627.791015625	221265.	3203.	4688.25	1250.916625976563	550.0833129882813	
629.0390014648438	202774.	3328.	3528.333251953125	1259.083374023438	525.0833129882813	
630.2869873046875	263562.1875	8961.25	5013.66650390625	1033.916625976563	516.6666870117188	
631.5349731445313	248995.	5981.5	5614.66650390625	1342.666625976563	483.3333435058594	
632.7839965820313	379975.125	5005.5	4004.	1067.25	516.75	
634.031982421875	415704.03125	6757.5	12175.6669921875	1442.666625976563	566.75	
635.280029296875	285688.	6181.75	6106.91650390625	1601.25	475.	
636.5280151367188	197977.	6632.75	7560.	1092.25	416.6666564941406	
637.7760009765625	185400.	8510.25	7610.	1134.083374023438	575.0833129882813	
639.0239868164063	240955.	5731.25	4437.91650390625	1484.416625976563	575.1666870117188	
640.27197265625	191835.	5931.75	13113.6669921875	1167.333374023438	575.0833129882813	
641.52001953125	337425.78125	6582.25	5889.83349609375	1284.166625976563	658.4166870117188	
642.7680053710938	241769.	7208.25	4663.25	1659.5	583.4166870117188	
644.0159912109375	235297.	5681.5	5214.66650390625	1234.25	475.0833435058594	
645.2639770507813	664028.5	4204.25	6775.08349609375	1175.833374023438	541.8333129882813	
646.5130004882813	190601.	8160.25	4337.83349609375	2135.166748046875	491.6666564941406	
647.760986328125	167476.	4229.25	5990.08349609375	1284.25	558.3333129882813	
649.0089721679688	262386.	6357.	6200.33349609375	1392.583374023438	441.6666564941406	
650.2570190429688	205458.	7759.5	4379.41650390625	1409.166625976563	425.	
651.5050048828125	188660.	5305.75	5581.66650390625	1593.	608.5	
652.7529907226563	221740.	4154.	3862.25	1784.916625976563	550.1666870117188	
654.0009765625	297389.125	5881.5	3937.333251953125	1067.333374023438	558.5	
655.2490234375	209233.578125	3103.	4430.	1083.916625976563	416.6666564941406	
656.4970092773438	446072.875	5406.	6885.08349609375	1142.416625976563	508.5	
657.7449951171875	185152.	10113.25	6124.33349609375	1250.75	483.4166564941406	
658.9929809570313	197182.	5230.75	8097.25	1425.833374023438	516.6666870117188	
660.2420043945313	274903.	4780.	5147.58349609375	1058.833374023438	625.1666870117188	
661.489990234375	237567.	5305.75	7450.33349609375	1342.583374023438	566.8333129882813	
662.7379760742188	233709.	8259.75	9303.4169921875	2085.25	500.0833435058594	
663.9860229492188	346274.	5681.	8586.4169921875	2110.	516.8333129882813	
665.2340087890625	211062.	10188.25	5405.75	1409.166625976563	608.5	
666.4819946289063	547549.3125	5756.25	8169.16650390625	1526.	500.0833435058594	
667.72998046875	250623.	5731.25	6758.	1259.	616.6666870117188	
668.97802734375	269696.	7233.25	10130.5830078125	1526.	600.0833129882813	
670.2260131835938	423298.71875	12842.	4604.66650390625	1275.916625976563	550.1666870117188	
671.4739990234375	298872.	4329.25	4779.91650390625	1417.5	566.8333129882813	
672.7219848632813	290232.	5455.75	6583.58349609375	1717.833374023438	516.75	
673.9710083007813	276352.	4103.75	6507.33349609375	2243.583251953125	591.75	
675.218994140625	276170.875	6882.5	8301.6669921875	1751.25	658.5833129882813	
676.4669799804688	365829.8125	7984.75	5456.	2385.416748046875	575.	
677.7150268554688	473632.625	4004.	4646.5	1359.25	733.5	
678.9630126953125	310990.84375	3453.	7201.33349609375	1534.416625976563	550.	
680.2109985351563	480193.40625	4079.25	9212.8330078125	1784.583374023438	550.0833129882813	
681.458984375	771982.5625	16128.	4930.16650390625	1634.416625976563	475.	
682.7069702148438	337592.40625	4304.25	19238.166015625	1576.25	433.3333435058594	
683.9550170898438	506232.90625	3403.	4204.08349609375	1367.666625976563	541.8333129882813	
685.2030029296875	221988.	4654.75	3970.75	1501.166625976563	525.0833129882813	
686.4509887695313	307396.	3979.	5622.75	1901.5	450.	
687.698974609375	623232.0625	4529.5	2835.916748046875	1300.833374023438	650.1666870117188	
688.947998046875	353193.	5080.75	4421.41650390625	1350.833374023438	583.5	
690.1959838867188	431522.5	6583.25	4554.91650390625	1384.25	366.6666564941406	
691.4439697265625	392165.4375	4003.75	3386.5	1033.916625976563	466.6666564941406	
692.6920166015625	350711.1875	4679.75	3528.5	1158.833374023438	491.6666564941406	
693.9400024414063	370164.875	2927.75	4063.	1259.166625976563	358.3333435058594	
695.18798828125	301241.	3228.	4296.	1184.083374023438	416.6666564941406	
696.4359741210938	261804.	3853.5	3711.833251953125	1209.166625976563	558.4166870117188	
697.6840209960938	272441.	3178.	10942.75	1234.083374023438	550.0833129882813	
698.9320068359375	263749.	3177.75	3820.416748046875	1484.25	583.4166870117188	
700.1799926757813	369465.625	3903.75	4229.25	992.4166870117188	550.0833129882813	
701.427978515625	264842.	4004.	2794.25	1000.583312988281	583.4166870117188	
702.677001953125	374208.	3954.	3419.916748046875	1325.916625976563	475.	
703.9249877929688	407239.3125	5556.	3053.	1033.75	566.75	
705.1729736328125	315810.	4479.75	2568.833251953125	1125.833374023438	450.0833435058594	
706.4210205078125	166583.	3953.75	2201.833251953125	1000.5	641.9166870117188	
707.6690063476563	252360.	4229.5	4171.	1384.333374023438	433.4166564941406	
708.9169921875	240544.	3002.5	3228.166748046875	892.0833129882813	491.75	
710.1649780273438	231748.	5731.25	2936.	2176.833251953125	600.1666870117188	
711.4130249023438	324570.	3578.5	4154.25	1259.166625976563	558.4166870117188	
712.6610107421875	305117.46875	3453.5	7083.91650390625	10046.3330078125	441.75	
713.9089965820313	265305.	3103.	3786.833251953125	1676.333374023438	525.0833129882813	
715.156982421875	267653.	3628.5	4054.083251953125	1901.5	575.1666870117188	
716.406005859375	240486.375	5430.75	4796.83349609375	1359.416625976563	716.8333129882813	
717.6539916992188	459156.5625	4154.	5932.5	2143.5	541.75	
718.9019775390625	214700.78125	9889.25	3628.583251953125	2093.25	541.6666870117188	
720.1500244140625	298182.	3303.	4930.25	2218.416748046875	383.3333435058594	
721.3980102539063	289461.	3803.5	3753.666748046875	1442.583374023438	475.	
722.64599609375	223069.	2902.5	2827.666748046875	2635.75	458.3333435058594	
723.8939819335938	301157.	4304.5	3211.5	1626.166625976563	658.4166870117188	
725.1420288085938	336704.	2427.25	4087.416748046875	1626.25	500.	
726.3900146484375	351188.875	3853.75	3503.333251953125	1684.583374023438	516.6666870117188	
727.6380004882813	368887.4375	5330.75	3611.75	1684.5	566.6666870117188	
728.885986328125	674610.125	6057.25	3252.916748046875	1367.5	583.5	
730.135009765625	1170544.25	4780.25	3328.166748046875	1484.5	458.3333435058594	
731.3829956054688	311461.625	4404.25	4871.75	1609.5	658.5833129882813	
732.6309814453125	259873.5625	6532.75	3461.75	1492.666625976563	583.4166870117188	
733.8790283203125	298650.	5230.75	5965.66650390625	1225.666625976563	391.6666564941406	
735.1270141601563	287764.	2727.5	5381.75	1292.416625976563	600.0833129882813	
736.375	267425.	3953.75	3361.416748046875	1567.916625976563	575.0833129882813	
737.6229858398438	354810.65625	4329.5	3127.916748046875	1376.	758.75	
738.8709716796875	350112.	3978.75	3236.333251953125	1451.	500.1666564941406	
740.1190185546875	286926.	4279.5	3553.5	1267.5	516.75	
741.3670043945313	282880.	4654.75	3787.083251953125	1359.25	625.1666870117188	
742.614990234375	436457.78125	5756.75	4421.41650390625	1300.916625976563	441.6666564941406	
743.864013671875	252915.	3954.	3353.25	1225.833374023438	550.0833129882813	
745.1119995117188	361980.	3253.	4529.75	1935.166625976563	458.3333435058594	
746.3599853515625	290554.	3403.25	3761.833251953125	1392.75	458.3333435058594	
747.6079711914063	293322.	6131.5	6133.25	1225.916625976563	583.4166870117188	
748.8560180664063	485241.1875	4104.25	3670.166748046875	1459.333374023438	700.1666870117188	
750.10400390625	612166.875	4129.25	4404.58349609375	1626.25	558.4166870117188	
751.3519897460938	306837.	9263.25	6457.83349609375	1350.833374023438	483.4166564941406	
752.5999755859375	395419.78125	2852.75	5030.41650390625	1284.083374023438	566.75	
753.8480224609375	200556.	2602.	4679.83349609375	1526.	475.	
755.0960083007813	250402.	4554.5	5431.08349609375	1901.5	541.6666870117188	
756.343994140625	321980.	3753.75	3169.5	1284.166625976563	541.8333129882813	
757.593017578125	202891.	3053.	3344.833251953125	2185.416748046875	383.3333435058594	
758.8410034179688	246633.	10763.75	4788.41650390625	1184.083374023438	491.75	
760.0889892578125	309527.6875	5030.25	3937.25	1701.25	650.25	
761.3369750976563	309906.	5130.25	3995.666748046875	4122.33349609375	500.	
762.5850219726563	223104.	3954.	3920.5	1509.416625976563	550.1666870117188	
763.8330078125	222194.	4254.5	4020.833251953125	1217.416625976563	641.75	
765.0809936523438	278270.	6632.5	7445.58349609375	2193.666748046875	591.75	
766.3289794921875	520681.375	3703.5	3561.833251953125	1701.333374023438	475.0833435058594	
767.5770263671875	427176.125	5130.25	3595.166748046875	1267.5	425.	
768.8250122070313	326589.84375	5580.75	3495.	1684.666625976563	641.8333129882813	
770.072998046875	220860.	4755.	3595.166748046875	1184.083374023438	425.	
771.322021484375	273862.	10340.5	2969.416748046875	1793.083374023438	600.	
772.5700073242188	175653.28125	3078.	5281.25	1259.166625976563	566.6666870117188	
773.8179931640625	182178.015625	2677.	3144.583251953125	1417.583374023438	491.6666564941406	
775.0659790039063	382979.28125	6106.75	3904.	1567.833374023438	683.4166870117188	
776.3140258789063	235086.	5555.75	5347.66650390625	3244.916748046875	525.0833129882813	
777.56201171875	189710.	4779.75	4596.41650390625	4488.16650390625	575.25	
778.8099975585938	227395.	11342.	5772.91650390625	3737.083251953125	491.6666564941406	
780.0579833984375	313303.0625	4905.	8394.0830078125	12454.	575.0833129882813	
781.3060302734375	471027.9375	16956.75	9631.25	3687.083251953125	483.3333435058594	
782.5540161132813	647825.	9762.	19107.75	5090.	575.0833129882813	
783.802001953125	353610.	8460.	6774.33349609375	3203.25	691.9166870117188	
785.051025390625	265124.	6957.75	6006.75	2243.416748046875	550.0833129882813	
786.2990112304688	270575.	5731.25	5998.5	2210.25	483.3333435058594	
787.5469970703125	350876.	4604.75	3953.916748046875	1701.166625976563	508.3333435058594	
788.7949829101563	188043.84375	6381.75	6098.66650390625	1734.5	625.25	
790.0430297851563	334912.15625	5205.5	4462.83349609375	1684.583374023438	550.0833129882813	
791.291015625	205581.453125	3703.5	3778.583251953125	1742.916625976563	441.75	
792.5390014648438	277154.40625	3678.5	5005.16650390625	1934.75	600.1666870117188	
793.7869873046875	184593.	4704.75	4704.75	1818.083374023438	583.4166870117188	
795.0349731445313	187782.	4579.5	4170.83349609375	1617.833374023438	516.6666870117188	
796.2830200195313	212677.	6307.	5323.16650390625	2001.583374023438	516.75	
797.531005859375	207529.	3603.25	7986.33349609375	1267.333374023438	400.	
798.780029296875	244573.	3853.5	3903.75	1275.916625976563	516.75	
800.0280151367188	227395.78125	4104.25	7225.75	1092.25	575.1666870117188	
801.2760009765625	714894.875	5406.	4387.75	1150.583374023438	375.	
802.5239868164063	257876.	3153.25	7692.91650390625	1284.166625976563	491.75	
803.77197265625	1871535.75	3778.75	4763.58349609375	1476.083374023438	616.8333129882813	
805.02001953125	251077.	4004.	4471.25	1367.5	500.0833435058594	
806.2680053710938	243261.	3728.5	7200.41650390625	2010.083374023438	591.75	
807.5159912109375	236091.75	3152.75	5155.33349609375	1467.666625976563	566.8333129882813	
808.7639770507813	270537.	3528.25	5247.16650390625	1300.916625976563	458.3333435058594	
810.0120239257813	322752.125	14354.	7726.41650390625	1659.583374023438	608.5833129882813	
811.260009765625	236064.	4079.	4387.83349609375	1200.75	608.5	
812.5089721679688	241953.	4379.25	4129.16650390625	1426.	608.4166870117188	
813.7570190429688	264483.	7383.75	7834.41650390625	1567.833374023438	650.1666870117188	
815.0050048828125	175645.	3854.	10504.5	1943.333374023438	533.3333129882813	
816.2529907226563	309472.	9386.75	5230.66650390625	1267.5	433.3333435058594	
817.5009765625	303293.	4429.25	9713.9169921875	1526.166625976563	616.75	
818.7490234375	307250.	3503.	5180.33349609375	1242.416625976563	575.0833129882813	
819.9970092773438	263601.71875	7134.25	6466.91650390625	1568.	541.75	
821.2449951171875	353243.71875	2952.75	5781.83349609375	1209.	466.6666564941406	
822.4929809570313	204946.	3878.5	14958.8330078125	1275.916625976563	458.4166564941406	
823.7410278320313	188302.	3453.5	4271.08349609375	1083.833374023438	533.3333129882813	
824.989013671875	290998.59375	2852.25	4079.166748046875	1075.583374023438	541.6666870117188	
826.2379760742188	227157.	3528.5	5373.41650390625	1184.166625976563	583.5	
827.4860229492188	308395.375	2727.	7268.58349609375	992.25	500.1666564941406	
828.7340087890625	685746.0625	8837.75	4622.	1425.916625976563	575.1666870117188	
829.9819946289063	388903.15625	7409.25	6332.16650390625	1234.166625976563	541.75	
831.22998046875	306323.8125	4054.	8017.58349609375	1300.916625976563	541.6666870117188	
832.47802734375	374333.71875	4404.5	14261.8330078125	1542.666625976563	583.5	
833.7260131835938	349444.	6407.5	15146.0830078125	1934.833374023438	583.3333129882813	
834.9739990234375	405170.875	3178.	19308.25	2018.416625976563	566.6666870117188	
836.2219848632813	370626.125	3253.	20343.083984375	1484.333374023438	608.5833129882813	
837.469970703125	326106.3125	3152.75	17440.666015625	1300.75	458.3333435058594	
838.718017578125	250519.	4630.	11682.4169921875	1250.75	491.75	
839.9669799804688	762341.75	2552.	22055.833984375	1409.333374023438	591.75	
841.2150268554688	298025.	4254.25	9720.75	1517.666625976563	600.0833129882813	
842.4630126953125	280569.	2602.	7325.25	1476.	516.6666870117188	
843.7109985351563	294131.	5030.25	6457.33349609375	1442.583374023438	491.6666564941406	
844.958984375	458791.	3653.5	8284.8330078125	1826.416625976563	408.3333435058594	
846.2069702148438	271835.	7484.75	11432.25	2769.416748046875	600.	
847.4550170898438	261626.	3928.75	9378.1669921875	2535.583251953125	583.3333129882813	
848.7030029296875	306683.1875	3077.75	6749.25	3027.833251953125	591.75	
849.9509887695313	209860.	3653.5	7834.16650390625	2352.083251953125	566.8333129882813	
851.198974609375	311905.21875	7910.	9060.9169921875	1526.083374023438	591.8333129882813	
852.447021484375	269072.	4104.	9503.8330078125	2252.	541.6666870117188	
853.6959838867188	237720.	3929.	15128.9169921875	1885.	725.25	
854.9439697265625	270273.	5030.	7542.08349609375	3002.916748046875	433.3333435058594	
856.1920166015625	422483.375	4079.	8427.1669921875	1684.666625976563	625.	
857.4400024414063	326037.	3954.	8836.0830078125	1926.5	683.5833129882813	
858.68798828125	266650.	3778.75	9203.3330078125	1250.75	558.4166870117188	
859.9359741210938	423585.5	3703.5	6640.66650390625	1617.833374023438	633.4166870117188	
861.1840209960938	222015.5	4004.	8886.	1818.	600.25	
862.4320068359375	426113.6875	5180.5	15051.4169921875	1434.333374023438	441.6666564941406	
863.6799926757813	275671.	4404.5	10012.1669921875	1459.416625976563	666.9166870117188	
864.927978515625	309857.	5456.	12627.6669921875	1826.5	508.3333435058594	
866.176025390625	279863.	6106.75	10095.6669921875	1492.75	550.	
867.4249877929688	355384.	5481.	16575.916015625	1425.916625976563	641.8333129882813	
868.6729736328125	350151.4375	5280.5	13835.5	2043.25	600.0833129882813	
869.9210205078125	280039.	6281.75	18396.5	1893.25	725.25	
871.1690063476563	426874.40625	4029.	16399.75	1784.583374023438	700.1666870117188	
872.4169921875	417408.75	4329.5	15196.5830078125	2060.083251953125	633.5	
873.6649780273438	578176.6875	11142.75	22042.25	3336.583251953125	591.75	
874.9130249023438	238150.	5305.5	16848.916015625	2118.416748046875	575.0833129882813	
876.1610107421875	237480.	4754.75	18511.333984375	2468.833251953125	583.5	
877.4089965820313	322473.	4679.75	25949.916015625	3011.25	558.4166870117188	
878.656982421875	259513.	4003.75	16314.5	3253.416748046875	550.0833129882813	
879.905029296875	451949.125	3303.	14870.9169921875	2827.666748046875	508.4166564941406	
881.1539916992188	532290.0625	4379.25	17969.5	2260.333251953125	533.3333129882813	
882.4019775390625	222935.	2927.75	18471.5	2101.666748046875	683.5	
883.6500244140625	186002.	4029.	13836.3330078125	1801.333374023438	400.	
884.8980102539063	238578.	4780.	12750.4169921875	1684.583374023438	633.5	
886.14599609375	325960.75	4429.25	15957.5	1684.666625976563	541.6666870117188	
887.3939819335938	251620.	3603.5	10162.5	1934.916625976563	483.4166564941406	
888.6420288085938	401292.	4154.25	10513.1669921875	4296.08349609375	575.0833129882813	
889.8900146484375	464866.1875	4554.75	11348.	2018.166625976563	566.75	
891.1380004882813	345599.	5405.75	10487.8330078125	20026.25	675.0833129882813	
892.385986328125	369375.5	4604.75	14688.3330078125	2043.333374023438	483.3333435058594	
893.6339721679688	407638.4375	5080.25	16371.75	1884.916625976563	608.5	
894.8829956054688	338193.75	4028.75	13329.0830078125	2852.5	483.4166564941406	
896.1309814453125	269615.	7033.25	11264.5	2435.583251953125	516.6666870117188	
897.3790283203125	361128.3125	3778.75	11415.5830078125	2110.166748046875	508.5	
898.6270141601563	321201.	11493.75	11398.9169921875	1826.416625976563	583.4166870117188	
899.875	251811.	4930.	11064.5830078125	1968.25	633.4166870117188	
901.1229858398438	596474.6875	4704.75	73008.0078125	1918.083374023438	650.1666870117188	
902.3709716796875	481993.40625	8761.5	10998.	2051.75	666.75	
903.6190185546875	238800.	5706.25	8843.8330078125	2627.416748046875	475.0833435058594	
904.8670043945313	350582.	4554.75	15681.0830078125	2335.25	541.6666870117188	
906.114990234375	239832.	8235.25	22366.083984375	2176.833251953125	650.3333129882813	
907.3629760742188	390342.65625	9036.5	19565.5	2660.583251953125	533.4166870117188	
908.6119995117188	281341.	5180.5	12491.6669921875	3036.166748046875	466.75	
909.8599853515625	318068.	5280.5	15617.1669921875	2911.	591.6666870117188	
911.1079711914063	466262.	7758.75	15990.0830078125	2827.666748046875	683.4166870117188	
912.3560180664063	350571.	6532.25	25396.083984375	20856.	583.3333129882813	
913.60400390625	620012.4375	7559.	11247.6669921875	3428.583251953125	641.8333129882813	
914.8519897460938	320058.	4604.5	15730.5	2552.	583.4166870117188	
916.0999755859375	462536.875	4529.75	12224.5830078125	2510.5	433.3333435058594	
917.3480224609375	453051.	5981.5	38105.5	2084.916748046875	575.0833129882813	
918.5960083007813	341134.	5480.75	13159.5830078125	2318.75	683.4166870117188	
919.843994140625	318189.	6407.	12499.5	2343.666748046875	541.75	
921.0919799804688	471608.	6206.75	28776.666015625	2777.333251953125	908.75	
922.3410034179688	457526.	6181.5	16951.166015625	2185.25	625.	
923.5889892578125	934991.125	6582.25	16106.0830078125	2335.416748046875	683.4166870117188	
924.8369750976563	531042.	6456.75	21911.166015625	2126.833251953125	566.75	
926.0850219726563	469383.34375	11915.25	14561.3330078125	1943.083374023438	558.4166870117188	
927.3330078125	547759.0625	5105.5	17241.75	2110.083251953125	441.75	
928.5809936523438	477602.	9161.	19713.666015625	1943.083374023438	625.0833129882813	
929.8289794921875	519779.3125	10688.	17358.666015625	2327.083251953125	717.0833129882813	
931.0770263671875	467416.375	6807.5	16699.333984375	1851.416625976563	541.75	
932.3250122070313	925801.375	7984.	20900.166015625	2151.833251953125	508.4166564941406	
933.572998046875	560308.375	6056.25	17375.666015625	2785.833251953125	383.3333435058594	
934.8209838867188	608361.8125	5706.	20273.916015625	5030.41650390625	725.3333129882813	
936.0700073242188	494678.1875	6432.25	17468.416015625	4613.16650390625	491.6666564941406	
937.3179931640625	902568.625	9111.25	21453.166015625	5213.83349609375	583.4166870117188	
938.5659790039063	341003.0625	13970.	16824.75	5856.58349609375	725.1666870117188	
939.8140258789063	509684.25	5856.25	15388.9169921875	6774.75	675.25	
941.06201171875	529576.125	9336.5	15571.75	3670.166748046875	533.5	
942.3099975585938	540806.	7684.25	16865.583984375	3737.083251953125	433.3333435058594	
943.5579833984375	531464.4375	6983.	20860.25	2493.916748046875	541.6666870117188	
944.8060302734375	331679.	5205.75	20833.166015625	9503.0830078125	550.0833129882813	
946.0540161132813	432503.75	7408.5	25280.166015625	2652.416748046875	700.1666870117188	
947.302001953125	331501.	5180.5	19300.5	2168.5	533.4166870117188	
948.5499877929688	335182.	5180.5	28328.416015625	1943.25	641.8333129882813	
949.7990112304688	410389.6875	5130.5	17817.666015625	2819.25	658.4166870117188	
951.0469970703125	639168.875	7558.75	36428.5	2660.833251953125	608.5	
952.2949829101563	374500.	3929.	15630.25	1676.333374023438	558.3333129882813	
953.5430297851563	302176.	4980.	33972.16796875	1876.25	466.75	
954.791015625	363286.	5681.	21552.833984375	1776.333374023438	425.	
956.0390014648438	354049.5625	6782.5	20005.416015625	2869.583251953125	550.0833129882813	
957.2869873046875	266684.	5431.	25145.5	2101.583251953125	658.5	
958.5349731445313	348778.	5105.25	22779.916015625	3253.083251953125	483.4166564941406	
959.7830200195313	345605.3125	5856.5	27197.666015625	2001.583374023438	491.6666564941406	
961.031005859375	275358.	5631.	33303.16796875	3203.	508.4166564941406	
962.2789916992188	267158.	21297.	26903.583984375	2351.916748046875	583.3333129882813	
963.5280151367188	255464.	5430.75	40205.16796875	2744.083251953125	641.75	
964.7760009765625	283970.	6231.5	37493.	2544.	591.8333129882813	
966.0239868164063	428517.5	4754.75	42314.83203125	2969.416748046875	633.4166870117188	
967.27197265625	632356.	4254.	41401.08203125	2452.25	675.1666870117188	
968.52001953125	354634.	3328.25	34960.91796875	2193.583251953125	575.	
969.7680053710938	253291.	4779.75	30596.5	1951.583374023438	616.75	
971.0159912109375	408739.40625	6282.25	30240.25	1968.333374023438	625.	
972.2639770507813	331261.	4129.	44155.33203125	1392.583374023438	600.0833129882813	
973.5120239257813	302130.	4579.75	26587.25	2068.333251953125	400.	
974.760009765625	265148.	5656.	28413.666015625	2978.	450.	
976.0079956054688	295688.	7709.25	29712.5	1309.166625976563	575.0833129882813	
977.2570190429688	286815.	7383.5	28702.916015625	1325.916625976563	550.1666870117188	
978.5050048828125	272523.	5456.	26228.75	1567.583374023438	558.5	
979.7529907226563	322439.	4254.25	27398.083984375	1367.5	450.0833435058594	
981.0009765625	380916.4375	5205.25	22503.166015625	1676.333374023438	691.8333129882813	
982.2490234375	365446.	3778.5	22753.416015625	1684.583374023438	583.4166870117188	
983.4970092773438	366491.40625	5505.75	27531.583984375	1626.166625976563	541.75	
984.7449951171875	393245.09375	3953.75	23103.666015625	1442.583374023438	591.75	
985.9929809570313	367136.	6131.75	25269.	1526.083374023438	550.	
987.2410278320313	437310.25	4680.	27136.666015625	1384.25	433.3333435058594	
988.489013671875	547512.5625	4054.	22975.083984375	1542.75	550.0833129882813	
989.7369995117188	337194.	3553.25	17521.75	1451.	466.6666564941406	
990.9860229492188	207484.203125	3303.25	14035.8330078125	1417.75	566.8333129882813	
992.2340087890625	268540.53125	3127.75	13823.5830078125	1192.5	525.	
993.4819946289063	169952.	2627.	8894.1669921875	1042.25	408.3333435058594	
994.72998046875	156824.5	3303.	8635.4169921875	1384.25	625.1666870117188	
995.97802734375	155789.5	2126.5	10397.	1159.	633.5	
997.2260131835938	354236.4375	2327.	9221.1669921875	1142.416625976563	383.3333435058594	
998.4739990234375	105938.	1926.75	6148.41650390625	825.3333129882813	475.	
