Trace for Mass:	Na23(LR)	Mg25(LR)	Cu63(LR)	Pb208(LR)	Sn118(LR)
Resolution:	Low	Low	Low	Low	Low
					
Time	Intensity	Intensity	Intensity	Intensity	Intensity
[sec]	[cps]	[cps]	[cps]	[cps]	[cps]

1.25	197769.	13467.75	5364.08349609375	816.9166870117188	842.	
2.497999906539917	181755.	16248.	4996.91650390625	716.75	650.1666870117188	
3.746000051498413	174912.	14294.25	4404.41650390625	725.1666870117188	892.	
4.99399995803833	174029.	12666.25	5188.91650390625	742.0833129882813	750.3333129882813	
6.242000102996826	176077.	13968.5	4554.58349609375	650.1666870117188	783.75	
7.489999771118164	174409.	11889.75	4079.	716.8333129882813	691.75	
8.73799991607666	172413.	8935.5	3853.75	700.3333129882813	516.6666870117188	
9.986000061035156	175416.	9285.75	4129.	725.1666870117188	791.9166870117188	
11.23499965667725	173855.	10588.25	3536.666748046875	700.25	683.5833129882813	
12.48299980163574	175470.	9661.5	4037.25	817.0833129882813	725.1666870117188	
13.73099994659424	172694.	9060.5	3678.5	675.0833129882813	733.6666870117188	
14.97900009155273	176254.	11716.25	3937.166748046875	758.5833129882813	942.0833129882813	
16.22699928283691	190163.	12167.	4204.25	750.3333129882813	566.75	
17.47500038146973	187617.	8660.25	3361.5	1034.	800.3333129882813	
18.72299957275391	175567.	8084.25	3478.25	658.5	691.6666870117188	
19.97100067138672	180770.	9186.	4087.5	683.5	766.8333129882813	
21.2189998626709	177821.	8960.5	4337.66650390625	633.5	666.9166870117188	
22.46699905395508	204652.	9186.	3870.5	775.4166870117188	675.25	
23.71500015258789	198932.	7533.75	3394.833251953125	817.0833129882813	816.9166870117188	
24.9640007019043	182185.	8409.75	3811.916748046875	658.5833129882813	708.6666870117188	
26.21199989318848	193781.	8935.5	3803.666748046875	683.5833129882813	758.6666870117188	
27.45999908447266	177665.	8159.5	8030.33349609375	817.	750.1666870117188	
28.70800018310547	178558.	7909.	3753.666748046875	1167.5	875.4166870117188	
29.95599937438965	185923.	9386.	4780.25	658.5833129882813	633.4166870117188	
31.20400047302246	187920.	7909.	3845.5	791.9166870117188	933.8333129882813	
32.45199966430664	184912.	10989.	3353.166748046875	1551.25	867.1666870117188	
33.70000076293945	223646.	8685.	3837.083251953125	766.9166870117188	700.1666870117188	
34.94800186157227	194026.	8084.25	3912.25	766.8333129882813	750.3333129882813	
36.19599914550781	188042.	9236.	3670.083251953125	625.	733.5833129882813	
37.44400024414063	259884.125	29937.75	3628.416748046875	2845.333251953125	800.3333129882813	
38.69300079345703	193747.	12643.	3253.083251953125	633.4166870117188	800.25	
39.94100189208984	271077.65625	6607.25	3495.083251953125	675.3333129882813	725.1666870117188	
41.18899917602539	224608.	7809.	3520.	833.75	783.5833129882813	
42.4370002746582	202169.	6932.5	3812.083251953125	708.5833129882813	817.	
43.68500137329102	232747.	7483.5	4004.	625.	691.8333129882813	
44.93299865722656	185770.	7884.	3553.416748046875	708.5833129882813	783.6666870117188	
46.18099975585938	203720.	8034.25	3428.25	716.9166870117188	783.6666870117188	
47.42900085449219	189102.	9185.5	3928.833251953125	758.5833129882813	750.25	
48.67699813842773	190619.	7007.75	3745.25	842.	708.5833129882813	
49.92499923706055	199514.	7683.5	3828.666748046875	775.3333129882813	2377.666748046875	
51.17300033569336	188347.	7433.5	3570.166748046875	716.9166870117188	741.9166870117188	
52.42200088500977	229992.	7207.75	3778.666748046875	775.0833129882813	875.4166870117188	
53.66999816894531	236868.	7808.75	3778.666748046875	750.3333129882813	833.75	
54.91799926757813	444584.78125	10337.75	4112.33349609375	758.5833129882813	675.25	
56.16600036621094	1739737.	7833.75	3887.166748046875	775.3333129882813	717.	
57.41400146484375	1139182.75	10938.5	4429.41650390625	967.1666870117188	700.1666870117188	
58.6619987487793	974160.125	9761.75	4846.75	1434.416625976563	942.1666870117188	
59.90999984741211	1918371.25	11464.75	4020.5	758.6666870117188	783.5833129882813	
61.15800094604492	854183.5625	8860.25	4654.75	741.9166870117188	716.9166870117188	
62.40599822998047	819148.375	24615.25	4404.5	691.8333129882813	2795.333251953125	
63.65399932861328	2787977.	16197.75	4913.41650390625	641.8333129882813	716.9166870117188	
64.90200042724609	1573721.25	14670.5	6057.41650390625	850.4166870117188	842.	
66.1510009765625	926286.3125	15947.	4429.66650390625	775.0833129882813	725.25	
67.39900207519531	3822548.5	15872.75	4763.25	775.25	775.3333129882813	
68.64700317382813	2976070.25	15020.25	4980.25	867.	742.	
69.89499664306641	621010.375	26225.25	4663.08349609375	650.1666870117188	775.3333129882813	
71.14299774169922	542140.6875	14821.25	4179.16650390625	4868.08349609375	816.9166870117188	
72.39099884033203	480141.6875	29694.	4538.08349609375	483.3333435058594	650.1666870117188	
73.63899993896484	780844.6875	39753.5	4746.41650390625	725.25	716.9166870117188	
74.88700103759766	685707.25	19782.	5505.83349609375	783.8333129882813	825.25	
76.13500213623047	438498.15625	15472.5	4696.5	833.5833129882813	875.3333129882813	
77.38300323486328	366304.	17652.	4487.91650390625	783.5833129882813	842.	
78.63099670410156	311783.	20256.25	5163.83349609375	775.3333129882813	708.4166870117188	
79.87999725341797	555670.75	9085.75	4855.08349609375	725.25	750.25	
81.12799835205078	320209.	12266.	4913.5	808.5833129882813	658.5	
82.37599945068359	299808.	16072.75	5288.91650390625	742.	908.8333129882813	
83.62400054931641	299155.	12491.25	4546.16650390625	917.0833129882813	758.5	
84.87200164794922	356870.3125	9536.5	4387.75	775.25	908.6666870117188	
86.12000274658203	441235.40625	11890.	8011.25	716.8333129882813	750.25	
87.36799621582031	370153.6875	24492.	4354.41650390625	808.75	675.0833129882813	
88.61599731445313	446065.	9486.5	3745.25	675.25	992.1666870117188	
89.86399841308594	520672.15625	11440.	4354.25	725.25	691.75	
91.11199951171875	299222.34375	13844.25	4487.91650390625	925.5833129882813	725.25	
92.36000061035156	225660.84375	10863.5	5355.75	733.5833129882813	833.6666870117188	
93.60900115966797	216844.	10888.5	5664.75	625.1666870117188	908.75	
94.85700225830078	302509.	8510.	4663.08349609375	766.9166870117188	800.4166870117188	
96.10500335693359	334252.	9686.75	4179.25	925.5833129882813	908.6666870117188	
97.35299682617188	3352098.25	49383.	5914.91650390625	1284.083374023438	875.3333129882813	
98.60099792480469	814664.9375	26258.	12498.25	883.8333129882813	808.5833129882813	
99.8489990234375	627652.375	16749.	6382.16650390625	775.25	1342.666625976563	
101.0970001220703	1850202.25	18953.	8527.0830078125	1334.	1100.75	
102.3450012207031	1078374.875	40246.5	9411.9169921875	1033.916625976563	842.	
103.5930023193359	474496.5625	26820.25	9353.25	1184.	883.8333129882813	
104.8410034179688	438439.75	24021.25	17359.916015625	825.25	2419.166748046875	
106.088996887207	766056.3125	23464.5	41104.60546875	1025.5	950.5	
107.3379974365234	401566.	19730.75	8845.1669921875	1175.75	850.5	
108.5859985351563	1648238.5	18955.75	7892.75	1392.583374023438	1084.	
109.8339996337891	278672.0625	42776.75	5364.	4639.83349609375	717.	
111.0820007324219	919198.125	11789.75	5339.	691.8333129882813	2227.583251953125	
112.3300018310547	602790.875	25345.	5055.08349609375	833.5	808.5833129882813	
113.5780029296875	334450.59375	15322.75	5505.91650390625	733.5833129882813	792.	
114.8259963989258	288609.	134192.140625	6491.08349609375	700.1666870117188	917.1666870117188	
116.0739974975586	407483.4375	15772.25	5864.83349609375	775.3333129882813	733.5833129882813	
117.3219985961914	379978.34375	10913.25	6256.91650390625	725.25	800.1666870117188	
118.5699996948242	260684.	12817.	6716.16650390625	817.0833129882813	750.3333129882813	
119.818000793457	308122.	10863.25	4679.75	875.5	691.9166870117188	
121.0670013427734	900089.375	10763.25	5689.41650390625	816.9166870117188	1209.166625976563	
122.3150024414063	625517.	11289.25	5147.08349609375	766.9166870117188	817.	
123.5630035400391	342814.3125	208594.96875	5397.41650390625	708.5833129882813	883.75	
124.8109970092773	601843.4375	10738.5	5397.58349609375	983.8333129882813	908.6666870117188	
126.0589981079102	433020.375	10337.75	4863.5	708.5833129882813	825.3333129882813	
127.306999206543	230309.03125	8059.25	5072.08349609375	4792.16650390625	666.8333129882813	
128.5549926757813	281743.	9937.	7568.91650390625	683.4166870117188	1075.583374023438	
129.8029937744141	229885.	8509.75	6031.5	575.1666870117188	767.	
131.0509948730469	601168.875	8985.5	3937.166748046875	750.1666870117188	958.6666870117188	
132.2989959716797	473833.28125	12241.75	4446.33349609375	808.6666870117188	708.5	
133.5469970703125	617584.	8835.5	3753.666748046875	558.4166870117188	792.	
134.7960052490234	744918.0625	7608.75	3970.583251953125	616.6666870117188	767.	
136.0440063476563	418463.75	11013.75	4037.416748046875	791.9166870117188	841.9166870117188	
137.2920074462891	256927.	10963.5	4137.41650390625	1759.833374023438	750.3333129882813	
138.5399932861328	197530.	11940.25	4204.08349609375	1017.25	825.4166870117188	
139.7879943847656	253789.921875	13919.5	4371.16650390625	1000.5	825.3333129882813	
141.0359954833984	1623196.	9686.75	4796.75	792.0833129882813	833.75	
142.2839965820313	214447.	8310.	3778.75	900.3333129882813	700.25	
143.5319976806641	228785.	12841.75	4821.66650390625	767.	608.4166870117188	
144.7799987792969	307659.875	9431.83984375	3953.833251953125	925.3333129882813	766.9166870117188	
146.0279998779297	257279.921875	9761.75	4246.	875.3333129882813	842.	
147.2760009765625	412113.03125	18433.25	5147.25	958.6666870117188	775.3333129882813	
148.5249938964844	610742.5	14946.	4379.33349609375	691.8333129882813	850.3333129882813	
149.7729949951172	566202.875	12265.75	4179.08349609375	733.5833129882813	783.5833129882813	
151.02099609375	274571.	9110.5	4321.08349609375	1084.	800.25	
152.2689971923828	268680.6875	23777.	3953.75	658.4166870117188	741.75	
153.5169982910156	200545.	10838.25	3878.666748046875	833.6666870117188	833.5833129882813	
154.7649993896484	210768.	8334.75	4045.75	933.8333129882813	683.5	
156.0130004882813	1672650.25	12992.5	4195.83349609375	725.3333129882813	783.5833129882813	
157.2610015869141	342577.46875	10563.25	3995.666748046875	817.	1376.083374023438	
158.5090026855469	235882.	8985.5	3895.5	825.3333129882813	675.25	
159.7570037841797	200589.	8234.5	4112.41650390625	2527.75	691.9166870117188	
161.0050048828125	187784.25	6557.5	4529.75	2202.25	692.	
162.2539978027344	210843.	9035.75	3912.166748046875	708.5	775.25	
163.5019989013672	212833.	8084.	3945.583251953125	842.	758.5	
164.75	188857.	11013.75	4170.83349609375	675.1666870117188	883.75	
165.9980010986328	256399.	9586.75	3912.166748046875	925.5833129882813	816.9166870117188	
167.2460021972656	194108.	10913.5	3645.083251953125	800.3333129882813	792.0833129882813	
168.4940032958984	267499.	7383.25	4079.083251953125	750.25	816.8333129882813	
169.7420043945313	271808.59375	10588.	3878.833251953125	1684.833374023438	875.5	
170.9900054931641	237794.984375	8635.25	5581.33349609375	1317.583374023438	750.3333129882813	
172.2380065917969	194048.3125	15448.	4195.91650390625	733.5833129882813	858.6666870117188	
173.4859924316406	237433.	11991.	4070.75	750.25	825.4166870117188	
174.7339935302734	230341.	9211.25	3978.833251953125	4466.58349609375	833.6666870117188	
175.9830017089844	313616.03125	9135.75	6516.	666.75	858.6666870117188	
177.2310028076172	321664.53125	9060.75	5547.75	583.5	741.9166870117188	
178.47900390625	225302.	10512.75	4162.5	800.25	725.25	
179.7270050048828	223809.	9010.5	5163.91650390625	750.3333129882813	675.0833129882813	
180.9750061035156	205800.	7759.	4871.66650390625	675.25	816.9166870117188	
182.2230072021484	218249.	9862.	4095.75	975.5	833.75	
183.4709930419922	211570.	8810.5	3945.583251953125	500.	883.6666870117188	
184.718994140625	303916.6875	10087.25	3979.	716.8333129882813	716.75	
185.9669952392578	211433.	9336.25	4220.91650390625	1025.666625976563	850.4166870117188	
187.2149963378906	205245.	8735.25	4354.41650390625	658.3333129882813	825.4166870117188	
188.4629974365234	180845.	11515.5	3778.666748046875	675.1666870117188	691.8333129882813	
189.7120056152344	180971.	10287.5	3770.333251953125	850.1666870117188	766.9166870117188	
190.9600067138672	211097.96875	7633.5	7410.08349609375	700.1666870117188	800.3333129882813	
192.2079925537109	204029.	7784.	3561.666748046875	741.8333129882813	825.3333129882813	
193.4559936523438	192876.	8885.75	3303.166748046875	833.5833129882813	858.8333129882813	
194.7039947509766	963941.75	7683.75	5339.08349609375	783.6666870117188	666.75	
195.9519958496094	230349.	8334.5	3803.833251953125	750.1666870117188	575.1666870117188	
197.1999969482422	224981.	8034.	5330.66650390625	758.5833129882813	933.75	
198.447998046875	375004.3125	7583.5	5080.58349609375	808.75	850.25	
199.6959991455078	1582991.875	19935.75	6173.66650390625	758.5833129882813	700.0833129882813	
200.9440002441406	220412.	12691.5	4521.08349609375	758.5	808.5833129882813	
202.1920013427734	2735814.5	9737.	3945.5	1000.416687011719	675.1666870117188	
203.4409942626953	898883.3125	9311.	4805.08349609375	675.25	808.75	
204.6889953613281	227559.	9261.	3953.833251953125	608.5	808.6666870117188	
205.9369964599609	287978.09375	12065.25	4663.25	692.	683.4166870117188	
207.1849975585938	193359.	10763.25	6232.08349609375	641.9166870117188	850.4166870117188	
208.4329986572266	201719.	12566.5	4629.83349609375	658.5	841.9166870117188	
209.6809997558594	236935.	9662.	5439.75	716.8333129882813	608.4166870117188	
210.9290008544922	205960.	9561.5	7102.75	666.8333129882813	783.75	
212.177001953125	238382.	9336.25	3862.25	891.9166870117188	675.1666870117188	
213.4250030517578	190849.	9060.5	4605.	658.5833129882813	867.0833129882813	
214.6730041503906	255774.	13168.25	4337.58349609375	633.5	758.5	
215.9210052490234	189978.	11915.25	4070.666748046875	583.5	833.6666870117188	
217.1699981689453	316605.8125	8184.5	3820.416748046875	641.75	791.9166870117188	
218.4179992675781	236816.9375	23929.5	4070.583251953125	833.6666870117188	708.5	
219.6660003662109	231724.	9586.5	3770.25	750.1666870117188	825.3333129882813	
220.9140014648438	1589438.125	9386.25	3878.75	750.25	650.1666870117188	
222.1620025634766	300938.03125	9461.25	5088.75	658.5833129882813	842.0833129882813	
223.4100036621094	184131.	9185.75	4120.75	817.	716.9166870117188	
224.6580047607422	194224.	8084.	30481.646484375	658.3333129882813	725.3333129882813	
225.906005859375	184710.34375	33204.25	3970.5	783.5833129882813	683.5833129882813	
227.1540069580078	269651.	14571.	3795.416748046875	883.8333129882813	867.0833129882813	
228.4019927978516	184791.	7233.	3703.5	641.75	600.1666870117188	
229.6499938964844	218920.	7558.5	3486.666748046875	825.3333129882813	850.4166870117188	
230.8990020751953	189356.	9085.75	3828.833251953125	583.5	700.3333129882813	
232.1470031738281	182848.	12016.75	4847.	625.0833129882813	850.4166870117188	
233.3950042724609	193274.	6882.75	4029.166748046875	550.0833129882813	775.1666870117188	
234.6430053710938	248192.5	7909.	4012.25	608.4166870117188	733.5833129882813	
235.8910064697266	181983.	8659.75	3486.583251953125	725.1666870117188	650.1666870117188	
237.1390075683594	406858.1875	7833.75	4195.75	775.25	700.25	
238.3869934082031	203983.	7057.75	3578.5	700.25	842.0833129882813	
239.6349945068359	239513.	8284.75	4562.91650390625	691.75	758.5833129882813	
240.8829956054688	389291.8125	12117.25	7812.41650390625	716.9166870117188	725.1666870117188	
242.1309967041016	264381.	9185.75	4304.41650390625	600.1666870117188	758.4166870117188	
243.3789978027344	232601.	11514.75	4479.58349609375	583.5	675.25	
244.6280059814453	230926.	9961.75	4463.	533.4166870117188	716.8333129882813	
245.8760070800781	302281.	9361.25	4354.41650390625	683.4166870117188	808.5	
247.1239929199219	247529.	11089.5	7669.75	616.8333129882813	758.6666870117188	
248.3719940185547	308192.78125	12492.	6023.58349609375	725.4166870117188	716.9166870117188	
249.6199951171875	210765.140625	8660.	4079.083251953125	633.5	892.	
250.8679962158203	354862.75	11414.5	4546.33349609375	842.	658.6666870117188	
252.1159973144531	383694.375	8435.	4638.08349609375	683.5833129882813	908.6666870117188	
253.3639984130859	316485.	10763.25	5431.08349609375	825.3333129882813	666.9166870117188	
254.6119995117188	203107.	13342.25	4721.5	675.25	658.4166870117188	
255.8600006103516	235355.	14971.	5915.	733.5833129882813	766.9166870117188	
257.1080017089844	223792.	28615.75	4070.583251953125	792.	733.75	
258.3569946289063	330254.15625	20912.	5756.33349609375	483.4166564941406	725.3333129882813	
259.6050109863281	208175.	17827.	4546.41650390625	733.6666870117188	733.5833129882813	
260.8529968261719	396658.84375	12440.75	6032.41650390625	600.1666870117188	791.9166870117188	
262.1010131835938	225563.890625	73448.671875	9953.3330078125	925.5	666.9166870117188	
263.3489990234375	237917.	10387.75	4788.25	692.	716.9166870117188	
264.5969848632813	191287.	13893.5	4437.83349609375	591.6666870117188	775.3333129882813	
265.8450012207031	216711.	10262.5	4696.58349609375	591.8333129882813	675.0833129882813	
267.0929870605469	306797.1875	11915.25	3803.583251953125	758.75	733.5833129882813	
268.3410034179688	302150.53125	11614.75	5722.83349609375	616.75	791.9166870117188	
269.5889892578125	375762.	12366.	4972.08349609375	633.5	850.3333129882813	
270.8370056152344	958758.8125	9261.	3678.583251953125	600.25	883.8333129882813	
272.0859985351563	196386.	12591.25	4488.08349609375	575.	741.8333129882813	
273.3340148925781	198393.	26433.5	4321.08349609375	875.3333129882813	625.0833129882813	
274.5820007324219	242431.	10738.	4287.75	708.6666870117188	666.9166870117188	
275.8299865722656	290776.15625	19083.75	5005.33349609375	675.1666870117188	842.0833129882813	
277.0780029296875	424188.53125	10137.25	50047.875	641.9166870117188	825.4166870117188	
278.3259887695313	335242.4375	9336.	3912.166748046875	725.1666870117188	833.6666870117188	
279.5740051269531	204988.875	21115.	4588.08349609375	600.1666870117188	625.0833129882813	
280.8219909667969	202517.	11414.75	5005.25	708.5833129882813	883.6666870117188	
282.0700073242188	223358.	9085.5	4846.75	958.9166870117188	850.25	
283.3179931640625	241691.578125	26335.25	6866.83349609375	700.25	750.3333129882813	
284.5660095214844	439834.375	10938.5	5097.	641.8333129882813	833.5833129882813	
285.8150024414063	242176.	11714.75	6273.75	866.8333129882813	825.3333129882813	
287.06298828125	595345.6875	9386.25	5430.83349609375	616.8333129882813	1025.583374023438	
288.3110046386719	286730.	12291.25	5097.	842.0833129882813	825.25	
289.5589904785156	341059.	12616.5	6949.91650390625	983.9166870117188	700.25	
290.8070068359375	1342490.875	56628.11328125	4955.41650390625	633.5	733.5833129882813	
292.0549926757813	523302.4375	11690.	5113.66650390625	625.	733.75	
293.3030090332031	337254.28125	18027.25	23498.5	625.0833129882813	800.5	
294.5509948730469	239693.	10913.25	4729.91650390625	675.1666870117188	792.0833129882813	
295.7990112304688	605705.1875	18603.75	4512.83349609375	783.75	766.9166870117188	
297.0469970703125	579533.	7608.5	6032.41650390625	641.75	842.0833129882813	
298.2950134277344	476178.0625	13469.	5706.5	1109.	892.1666870117188	
299.5440063476563	424053.09375	8810.5	4112.5	892.0833129882813	758.6666870117188	
300.7919921875	383098.9375	29925.	4387.66650390625	691.8333129882813	716.9166870117188	
302.0400085449219	266931.	9336.25	9426.4169921875	575.1666870117188	875.4166870117188	
303.2879943847656	309462.8125	9135.5	4788.58349609375	867.0833129882813	633.5	
304.5360107421875	436520.15625	9561.75	3670.166748046875	666.75	733.75	
305.7839965820313	1578102.875	15572.	4087.416748046875	616.8333129882813	725.1666870117188	
307.0320129394531	288529.	23723.75	6432.58349609375	716.9166870117188	616.6666870117188	
308.2799987792969	247576.	9611.75	6658.83349609375	583.3333129882813	917.3333129882813	
309.5280151367188	234453.	11589.5	4746.75	1451.	791.9166870117188	
310.7760009765625	199566.	11365.	3419.75	541.75	775.3333129882813	
312.0239868164063	244482.265625	9436.5	4195.91650390625	716.9166870117188	558.3333129882813	
313.2730102539063	241697.	8960.5	4037.333251953125	641.9166870117188	733.5	
314.52099609375	198451.	10963.5	4170.83349609375	783.75	700.25	
315.7690124511719	230673.	19611.	4129.	683.5	917.25	
317.0169982910156	278040.	9686.75	3637.	700.25	691.8333129882813	
318.2650146484375	506286.4375	195795.953125	4780.16650390625	984.	883.6666870117188	
319.5130004882813	208580.	10613.25	6224.58349609375	858.75	691.9166870117188	
320.760986328125	323548.	22937.25	3962.25	583.5	716.9166870117188	
322.0090026855469	240213.	25446.75	4037.416748046875	708.5	750.25	
323.2569885253906	195044.	8584.75	3945.583251953125	875.4166870117188	950.5	
324.5050048828125	204113.	9260.75	3403.166748046875	758.5	842.	
325.7529907226563	197933.	48223.25	4120.75	650.1666870117188	817.	
327.0020141601563	231418.	11715.	3553.416748046875	725.1666870117188	767.	
328.25	233462.	10713.	3378.166748046875	1050.583374023438	783.5833129882813	
329.4979858398438	211252.3125	9386.25	3970.583251953125	817.	783.6666870117188	
330.7460021972656	194991.	9135.75	4763.58349609375	575.0833129882813	633.4166870117188	
331.9939880371094	194531.109375	9862.	3770.416748046875	842.	675.1666870117188	
333.2420043945313	190853.	10037.5	3978.833251953125	500.1666564941406	758.5833129882813	
334.489990234375	190884.	8485.	3928.916748046875	716.9166870117188	725.25	
335.7380065917969	214980.	10287.5	3778.75	675.0833129882813	775.4166870117188	
336.9859924316406	240567.	11314.5	4721.58349609375	1159.083374023438	850.3333129882813	
338.2340087890625	269034.	11614.75	3953.916748046875	625.1666870117188	758.5833129882813	
339.4819946289063	273523.	9962.	3878.666748046875	742.	825.3333129882813	
340.7309875488281	291256.	10437.75	4813.66650390625	783.6666870117188	892.0833129882813	
341.97900390625	376673.5625	13920.5	4137.58349609375	925.5833129882813	691.8333129882813	
343.2269897460938	244985.	9186.	3987.166748046875	675.25	808.5	
344.4750061035156	225103.28125	10963.5	4404.5	825.25	867.	
345.7229919433594	1036232.75	36697.25	5422.75	758.5833129882813	775.3333129882813	
346.9710083007813	272978.125	9311.25	4337.91650390625	808.6666870117188	658.4166870117188	
348.218994140625	252182.	11539.5	4304.33349609375	783.5833129882813	800.25	
349.4670104980469	229799.	9987.	3820.333251953125	583.4166870117188	867.0833129882813	
350.7149963378906	233550.	9861.75	4671.66650390625	775.25	842.	
351.9630126953125	209566.328125	10212.25	5389.5	842.0833129882813	892.	
353.2109985351563	225328.	12466.	4704.91650390625	583.4166870117188	658.5833129882813	
354.4599914550781	203689.	9161.	4204.25	917.0833129882813	733.5833129882813	
355.7080078125	209935.	10963.75	3561.75	825.4166870117188	758.5833129882813	
356.9559936523438	236800.	7758.75	3970.666748046875	600.0833129882813	917.0833129882813	
358.2040100097656	208542.	9336.25	4746.58349609375	491.8333435058594	833.6666870117188	
359.4519958496094	193756.	8935.5	4087.166748046875	892.1666870117188	808.6666870117188	
360.7000122070313	211850.	15449.	3745.25	950.6666870117188	883.75	
361.947998046875	916133.4375	7934.25	5448.33349609375	666.75	741.9166870117188	
363.1960144042969	404992.40625	9586.5	3553.416748046875	700.3333129882813	775.3333129882813	
364.4440002441406	240706.	8284.5	3687.	892.3333129882813	933.9166870117188	
365.6919860839844	472194.21875	8660.	3695.166748046875	775.4166870117188	783.75	
366.9400024414063	237452.	8234.5	4304.41650390625	908.75	683.4166870117188	
368.18798828125	221170.	12141.25	4621.58349609375	608.5833129882813	800.3333129882813	
369.43701171875	201160.	8885.5	10943.3330078125	950.5	900.6666870117188	
370.6849975585938	240743.	14096.	3453.25	675.1666870117188	741.75	
371.9330139160156	242955.	7183.25	3703.5	775.25	741.9166870117188	
373.1809997558594	262626.03125	6732.25	13973.4169921875	1634.916625976563	741.9166870117188	
374.4289855957031	237619.	6932.75	4421.25	950.4166870117188	692.	
375.677001953125	294012.25	8485.	3870.416748046875	691.8333129882813	683.5833129882813	
376.9249877929688	277195.75	7558.25	3336.5	575.1666870117188	750.25	
378.1730041503906	260173.	7709.	3787.	725.1666870117188	783.5833129882813	
379.4209899902344	593387.25	7633.5	3787.	575.0833129882813	650.1666870117188	
380.6690063476563	487650.	7007.75	3628.5	591.9166870117188	817.0833129882813	
381.9169921875	216479.	7558.5	3895.5	591.9166870117188	791.8333129882813	
383.1659851074219	209706.	7233.	3870.5	733.6666870117188	683.5833129882813	
384.4140014648438	215990.	7533.5	3586.75	633.5	700.1666870117188	
385.6619873046875	229645.	8610.25	3353.083251953125	616.8333129882813	908.8333129882813	
386.9100036621094	211718.	5231.	4329.16650390625	1209.	733.5833129882813	
388.1579895019531	192349.	6557.	3428.25	583.4166870117188	791.75	
389.406005859375	190873.	6632.25	4504.66650390625	591.9166870117188	650.1666870117188	
390.6539916992188	206249.	11465.5	4079.166748046875	775.4166870117188	691.8333129882813	
391.9020080566406	309014.	11515.25	3394.833251953125	717.	625.0833129882813	
393.1499938964844	191934.	7483.5	3486.666748046875	958.8333129882813	992.1666870117188	
394.3980102539063	359810.3125	11490.	6058.08349609375	2845.416748046875	867.0833129882813	
395.64599609375	209364.	10438.25	3978.916748046875	575.	950.5	
396.8949890136719	203455.28125	10863.75	3753.666748046875	691.8333129882813	758.75	
398.1430053710938	227729.	9711.75	5622.91650390625	625.1666870117188	716.8333129882813	
399.3909912109375	219833.	7583.5	4763.5	575.1666870117188	725.3333129882813	
400.6390075683594	307791.40625	6958.	4145.83349609375	450.1666564941406	641.75	
401.8869934082031	288078.625	10713.75	5380.91650390625	591.75	675.25	
403.135009765625	249142.	8810.25	3812.083251953125	716.9166870117188	775.3333129882813	
404.3829956054688	222513.	7208.25	6400.33349609375	1484.416625976563	600.1666870117188	
405.6310119628906	242039.671875	8584.75	3878.833251953125	950.5	591.8333129882813	
406.8789978027344	375891.53125	8084.25	4654.83349609375	792.	800.25	
408.1270141601563	222447.	8134.25	4020.666748046875	625.25	758.5833129882813	
409.375	217979.	7533.25	3953.916748046875	666.8333129882813	775.1666870117188	
410.6239929199219	203815.	7258.	4421.25	825.3333129882813	700.25	
411.8720092773438	223299.	9110.75	4137.5	691.75	783.6666870117188	
413.1199951171875	222780.	8635.	3962.166748046875	1735.	758.8333129882813	
414.3680114746094	234737.	10639.	4913.66650390625	608.5	791.9166870117188	
415.6159973144531	203703.	8209.5	5330.83349609375	1434.583374023438	691.8333129882813	
416.864013671875	221609.	9686.5	4946.83349609375	583.5	800.3333129882813	
418.1119995117188	215613.	8059.	4805.	950.5	641.8333129882813	
419.3599853515625	240721.	9787.	3645.25	675.25	833.6666870117188	
420.6080017089844	264241.	9136.	4037.333251953125	1509.583374023438	783.6666870117188	
421.8559875488281	230674.	7533.5	14391.25	658.5	775.25	
423.10400390625	253735.	11240.25	3778.666748046875	741.8333129882813	508.3333435058594	
424.3529968261719	232360.	7934.25	3887.166748046875	666.8333129882813	783.6666870117188	
425.6010131835938	463344.3125	7258.25	4329.41650390625	775.4166870117188	867.	
426.8489990234375	221009.	9161.	6709.58349609375	658.4166870117188	716.8333129882813	
428.0969848632813	297502.5625	8334.5	4513.	917.25	958.8333129882813	
429.3450012207031	227022.	11314.5	4095.75	583.4166870117188	691.8333129882813	
430.5929870605469	215150.	8059.25	3920.583251953125	783.5833129882813	716.9166870117188	
431.8410034179688	300894.	8334.75	4221.	533.5	875.3333129882813	
433.0889892578125	253143.	8134.25	3861.916748046875	641.75	750.25	
434.3370056152344	273277.	11314.25	4471.16650390625	650.1666870117188	792.	
435.5849914550781	265441.	7733.75	3962.25	600.	708.5	
436.8330078125	235229.	7733.75	8767.1669921875	608.3333129882813	750.25	
438.0820007324219	231490.46875	7608.75	4045.833251953125	583.5	742.	
439.3299865722656	292706.	7733.75	5623.	566.75	733.5833129882813	
440.5780029296875	252998.	7984.25	4554.75	550.1666870117188	833.6666870117188	
441.8259887695313	460215.5625	7959.25	4880.25	641.75	808.6666870117188	
443.0740051269531	235011.	7633.75	5631.16650390625	833.6666870117188	783.6666870117188	
444.3219909667969	268912.	7733.75	4354.33349609375	600.0833129882813	817.0833129882813	
445.5700073242188	362550.71875	9861.75	4997.08349609375	733.5833129882813	775.3333129882813	
446.8179931640625	470500.90625	8434.5	3770.333251953125	833.8333129882813	742.	
448.0660095214844	295816.	7909.	3987.25	750.3333129882813	650.0833129882813	
449.3139953613281	251462.	7233.	5448.25	758.6666870117188	825.3333129882813	
450.56201171875	367248.	6557.25	3653.333251953125	691.75	800.25	
451.8110046386719	271906.	7984.25	3553.416748046875	666.9166870117188	783.6666870117188	
453.0589904785156	256923.	7283.25	4521.16650390625	625.0833129882813	833.5833129882813	
454.3070068359375	368829.	7433.25	4204.16650390625	708.6666870117188	1008.833312988281	
455.5549926757813	371839.375	8535.	4254.16650390625	766.9166870117188	700.25	
456.8030090332031	394034.	7909.	5698.08349609375	666.9166870117188	683.6666870117188	
458.0509948730469	250374.	9836.5	4637.91650390625	716.8333129882813	908.9166870117188	
459.2990112304688	289482.25	10287.5	6224.83349609375	483.3333435058594	683.5833129882813	
460.5469970703125	276639.	9486.5	18665.416015625	775.3333129882813	750.1666870117188	
461.7950134277344	365913.375	9762.	4796.66650390625	741.9166870117188	633.3333129882813	
463.0429992675781	227716.	14345.25	4287.75	658.4166870117188	858.75	
464.2909851074219	369333.	8485.	4988.75	533.4166870117188	925.4166870117188	
465.5400085449219	275789.	9411.25	4187.5	566.6666870117188	792.1666870117188	
466.7879943847656	1037446.	9837.	4104.16650390625	858.8333129882813	708.5	
468.0360107421875	352079.1875	11941.5	5013.83349609375	758.6666870117188	783.75	
469.2839965820313	435828.0625	9536.5	8336.5	725.3333129882813	808.5833129882813	
470.5320129394531	303331.	10237.25	6507.66650390625	625.1666870117188	716.9166870117188	
471.7799987792969	293721.	10037.25	6257.	700.25	716.9166870117188	
473.0280151367188	343832.	26846.	4646.41650390625	817.0833129882813	758.5833129882813	
474.2760009765625	374242.9375	10988.5	8029.25	691.8333129882813	666.75	
475.5239868164063	1038833.375	9161.	11201.9169921875	483.3333435058594	750.4166870117188	
476.7720031738281	384236.	7683.75	41895.8125	641.8333129882813	750.4166870117188	
478.0199890136719	279107.	20366.5	4396.08349609375	633.5	833.5833129882813	
479.2690124511719	1193230.125	8509.5	14877.75	525.	783.5833129882813	
480.5169982910156	255934.	9311.	39615.71875	1150.666625976563	608.4166870117188	
481.7650146484375	484079.15625	16974.75	10206.3330078125	733.5833129882813	708.5833129882813	
483.0130004882813	3343082.	9486.5	5581.16650390625	1033.916625976563	725.1666870117188	
484.260986328125	494258.1875	9010.75	14603.	591.75	733.5	
485.5090026855469	422797.75	12341.25	7993.	808.5833129882813	808.75	
486.7569885253906	425597.	10938.75	5764.5	1551.25	691.8333129882813	
488.0050048828125	343626.	10488.	6499.	1008.833312988281	808.6666870117188	
489.2529907226563	1258721.25	10362.5	6040.	616.6666870117188	967.0833129882813	
490.5010070800781	275709.	13067.	7867.91650390625	700.3333129882813	733.6666870117188	
491.7489929199219	335045.46875	10212.75	5355.66650390625	816.9166870117188	700.0833129882813	
492.9979858398438	543841.3125	9085.5	11765.3330078125	1092.333374023438	875.3333129882813	
494.2460021972656	325138.	19182.25	5756.08349609375	2068.833251953125	867.0833129882813	
495.4939880371094	305015.	13668.	12987.1669921875	958.8333129882813	942.0833129882813	
496.7420043945313	335952.	8985.25	5873.	808.5833129882813	750.1666870117188	
497.989990234375	340290.	17099.75	14721.4169921875	908.9166870117188	5277.75	
499.2380065917969	419077.1875	16676.	7109.25	775.4166870117188	758.5	
500.4859924316406	979862.75	9836.75	15170.75	850.1666870117188	792.0833129882813	
501.7340087890625	514098.5625	80335.3359375	22473.25	842.	958.9166870117188	
502.9819946289063	348436.	8560.25	5547.66650390625	733.5	708.5833129882813	
504.2300109863281	342327.	11790.5	7943.	867.	641.8333129882813	
505.4779968261719	301159.	9736.75	5472.58349609375	550.0833129882813	675.3333129882813	
506.7269897460938	271231.	10838.5	4646.41650390625	900.4166870117188	967.1666870117188	
507.9750061035156	249400.	12191.5	6424.58349609375	616.75	658.5833129882813	
509.2229919433594	270681.	7433.25	8547.0830078125	1868.583374023438	900.4166870117188	
510.4710083007813	283155.	7959.	19133.595703125	591.75	691.9166870117188	
511.718994140625	472640.5625	8384.75	4287.66650390625	1392.75	867.0833129882813	
512.9669799804688	618048.9375	7984.	5088.75	508.4166564941406	791.9166870117188	
514.2150268554688	242808.	9235.75	21100.123046875	1192.416625976563	758.6666870117188	
515.4630126953125	361172.	10112.5	4930.16650390625	775.25	775.5	
516.7109985351563	333931.28125	9136.	4337.66650390625	700.1666870117188	625.	
517.958984375	232351.	8535.	5356.33349609375	650.1666870117188	708.5	
519.2069702148438	267377.	9336.5	4638.08349609375	666.75	625.1666870117188	
520.4559936523438	276152.	10863.5	5055.33349609375	967.1666870117188	775.25	
521.7039794921875	240081.	8184.5	5180.66650390625	700.25	825.3333129882813	
522.9520263671875	479986.46875	7859.	5422.41650390625	675.0833129882813	883.5833129882813	
524.2000122070313	236481.4375	21914.5	12040.	850.3333129882813	750.1666870117188	
525.447998046875	328667.75	9511.25	4195.83349609375	566.75	750.25	
526.6959838867188	398336.8125	7633.5	4429.41650390625	608.5	792.0833129882813	
527.9439697265625	268080.59375	7708.75	3519.916748046875	817.	733.5833129882813	
529.1920166015625	413475.21875	10688.25	3970.583251953125	1058.833374023438	792.0833129882813	
530.4400024414063	355639.	9436.	4112.25	842.0833129882813	908.6666870117188	
531.68798828125	559476.4375	11965.25	3636.833251953125	608.4166870117188	675.1666870117188	
532.9359741210938	360736.15625	11464.75	3528.333251953125	541.75	666.8333129882813	
534.1849975585938	228233.	11014.25	4237.5	550.	616.6666870117188	
535.4329833984375	268468.	8735.	3636.75	608.4166870117188	1225.75	
536.6810302734375	298225.	11189.25	3853.75	675.25	825.4166870117188	
537.9290161132813	326676.	7834.	4763.58349609375	566.75	683.5833129882813	
539.177001953125	294406.46875	8209.5	4312.75	466.6666564941406	650.0833129882813	
540.4249877929688	251907.	8660.	4563.16650390625	591.75	666.8333129882813	
541.6729736328125	215091.	9987.25	3737.	458.3333435058594	733.5	
542.9210205078125	265156.	8509.75	3953.833251953125	425.	867.	
544.1690063476563	318405.125	11439.5	4196.	558.3333129882813	641.8333129882813	
545.4169921875	251593.	9436.	45878.1328125	583.5	708.5	
546.6649780273438	391981.1875	7834.	3695.166748046875	691.9166870117188	600.1666870117188	
547.9140014648438	248842.	9987.25	4212.5	516.75	841.9166870117188	
549.1619873046875	238385.46875	8159.5	3920.333251953125	758.6666870117188	808.75	
550.4099731445313	243645.	12516.5	3703.583251953125	558.4166870117188	725.3333129882813	
551.6580200195313	240182.	8560.	3770.333251953125	708.6666870117188	566.75	
552.906005859375	360357.0625	9711.75	3745.333251953125	666.9166870117188	666.8333129882813	
554.1539916992188	224031.	9186.	3853.666748046875	475.0833435058594	808.9166870117188	
555.4019775390625	497283.0625	9787.	3520.	416.75	691.75	
556.6500244140625	298140.625	8434.75	3937.25	608.4166870117188	666.75	
557.8980102539063	232739.	7809.	7178.33349609375	633.5	608.5	
559.14599609375	208664.	8509.75	7211.	608.3333129882813	633.4166870117188	
560.3939819335938	285585.65625	8234.5	3745.083251953125	725.25	733.5833129882813	
561.6430053710938	270173.	7408.5	5448.08349609375	658.5	700.1666870117188	
562.8909912109375	654885.625	8385.	4379.41650390625	450.	691.9166870117188	
564.1389770507813	327238.96875	8159.5	3762.	650.25	708.5	
565.3870239257813	613516.25	7833.75	3770.333251953125	800.25	750.3333129882813	
566.635009765625	318035.5	8059.25	3545.083251953125	533.3333129882813	792.	
567.8829956054688	232201.	8535.	7588.75	575.0833129882813	708.5833129882813	
569.1309814453125	204531.	7708.75	5414.58349609375	691.9166870117188	883.6666870117188	
570.3790283203125	195122.	8284.75	3753.583251953125	650.25	766.9166870117188	
571.6270141601563	238743.	7784.	5372.83349609375	625.0833129882813	883.6666870117188	
572.875	208817.	9311.	4129.	758.6666870117188	783.5833129882813	
574.1229858398438	290931.	8585.	3553.333251953125	566.8333129882813	783.6666870117188	
575.3720092773438	213684.	7683.5	4546.5	1250.916625976563	725.3333129882813	
576.6199951171875	252686.	8034.25	3745.166748046875	641.9166870117188	691.8333129882813	
577.8679809570313	224539.	8209.5	4095.666748046875	758.5	625.0833129882813	
579.1160278320313	204260.59375	7208.25	3636.833251953125	600.	650.0833129882813	
580.364013671875	268160.	8610.	3812.083251953125	741.9166870117188	675.25	
581.6119995117188	230105.	7483.25	3728.666748046875	650.25	858.8333129882813	
582.8599853515625	236607.	8435.	3720.25	541.6666870117188	666.9166870117188	
584.1079711914063	212249.	9686.5	3620.083251953125	733.6666870117188	658.5	
585.3560180664063	202956.	13796.25	4487.91650390625	692.	933.9166870117188	
586.60400390625	206749.	8585.	3937.25	708.5833129882813	867.0833129882813	
587.8519897460938	595935.125	7583.5	3227.916748046875	625.1666870117188	742.	
589.1010131835938	232205.	9261.	5289.08349609375	641.8333129882813	616.6666870117188	
590.3489990234375	231261.	15474.5	3970.666748046875	1693.25	808.5833129882813	
591.5969848632813	296168.	7583.5	3461.583251953125	616.75	666.75	
592.844970703125	238758.	9135.75	4045.5	850.4166870117188	708.5833129882813	
594.093017578125	1158816.	11739.75	4646.41650390625	625.1666870117188	716.9166870117188	
595.3410034179688	334098.	24093.25	4003.833251953125	625.0833129882813	683.5	
596.5889892578125	2163991.	35108.	19864.501953125	6750.08349609375	716.8333129882813	
597.8369750976563	566069.1875	26536.75	4412.91650390625	1367.666625976563	741.9166870117188	
599.0850219726563	671100.625	164323.109375	24415.251953125	750.1666870117188	650.25	
600.3330078125	809980.	84124.484375	4663.16650390625	566.75	1033.833374023438	
601.5809936523438	1485512.25	26646.5	4871.83349609375	842.	725.25	
602.8300170898438	533440.375	14695.25	9245.5830078125	842.	842.	
604.0780029296875	557568.1875	205570.828125	44998.24609375	775.25	717.	
605.3259887695313	345461.	15772.25	5831.41650390625	633.4166870117188	791.9166870117188	
606.573974609375	394427.96875	14845.25	8641.4169921875	825.3333129882813	591.8333129882813	
607.822021484375	438544.5	16924.25	10657.5	1142.416625976563	950.5	
609.0700073242188	1264838.75	48247.75	4404.58349609375	6055.16650390625	675.25	
610.3179931640625	762182.75	55928.	3528.5	758.5833129882813	666.9166870117188	
611.5659790039063	473732.125	26882.75	20548.833984375	633.6666870117188	942.0833129882813	
612.8140258789063	425904.59375	26763.	4696.58349609375	791.9166870117188	641.9166870117188	
614.06201171875	405514.125	15824.	4254.25	500.0833435058594	808.6666870117188	
615.3099975585938	310289.25	34810.25	3545.	3697.75	700.25	
616.5590209960938	1166518.375	16351.25	3928.833251953125	583.4166870117188	683.5	
617.8070068359375	269941.	12592.25	6341.75	1025.75	742.0833129882813	
619.0549926757813	270473.	11915.75	5047.	625.0833129882813	716.8333129882813	
620.302978515625	1121458.375	10588.	3461.75	541.75	600.0833129882813	
621.551025390625	308229.71875	28610.	3094.5	533.3333129882813	750.1666870117188	
622.7990112304688	383525.	7558.5	4129.	1184.083374023438	792.	
624.0469970703125	321698.	9536.5	3261.25	491.6666564941406	616.75	
625.2949829101563	234064.	8410.	4571.5	450.0833435058594	817.	
626.5430297851563	608968.3125	8660.	3503.333251953125	666.75	808.6666870117188	
627.791015625	253315.	8585.	3503.333251953125	466.75	783.6666870117188	
629.0390014648438	7819196.5	9085.75	3469.916748046875	483.3333435058594	666.75	
630.2880249023438	222535.	9862.	3469.916748046875	616.8333129882813	825.3333129882813	
631.5360107421875	250604.5	7483.5	3586.75	483.4166564941406	725.25	
632.7839965820313	210810.	8159.25	3953.916748046875	475.	775.25	
634.031982421875	287309.84375	9085.75	3269.666748046875	466.6666564941406	750.3333129882813	
635.280029296875	221724.	17807.25	3578.416748046875	516.6666870117188	691.9166870117188	
636.5280151367188	206026.	8159.5	3553.333251953125	566.75	575.25	
637.7760009765625	197929.421875	8409.75	3545.	625.1666870117188	633.5	
639.0239868164063	223480.	9185.75	3695.083251953125	500.	675.1666870117188	
640.27197265625	256215.	7458.5	3419.916748046875	558.5833129882813	792.	
641.52001953125	211406.	7909.	3194.666748046875	566.6666870117188	900.5	
642.7680053710938	219651.	8434.75	3711.833251953125	750.1666870117188	816.9166870117188	
644.0170288085938	305175.6875	8460.	3736.916748046875	558.5	658.5	
645.2650146484375	202382.	7708.75	4721.75	691.9166870117188	716.9166870117188	
646.5130004882813	262904.	6757.5	3528.416748046875	566.75	742.	
647.760986328125	225880.453125	7909.	3436.666748046875	650.3333129882813	750.25	
649.0089721679688	471121.0625	9486.25	6316.	541.6666870117188	641.8333129882813	
650.2570190429688	549139.3125	8359.75	6583.66650390625	633.5	675.0833129882813	
651.5050048828125	242735.	7183.75	6265.41650390625	850.5	608.5	
652.7529907226563	230775.	29247.75	4504.75	625.0833129882813	875.4166870117188	
654.0009765625	263048.	20184.	4788.33349609375	741.9166870117188	1167.416625976563	
655.2490234375	350928.625	12466.5	4504.66650390625	641.8333129882813	967.25	
656.4970092773438	305662.	105499.671875	5472.5	1476.166625976563	641.8333129882813	
657.7459716796875	219555.	10037.25	4429.41650390625	608.5	825.4166870117188	
658.9940185546875	223664.828125	61036.	4070.916748046875	416.6666564941406	733.5833129882813	
660.2420043945313	267759.	17778.25	4220.91650390625	566.8333129882813	808.6666870117188	
661.489990234375	226797.	13417.5	6843.16650390625	842.0833129882813	850.3333129882813	
662.7379760742188	707371.	10538.	4404.41650390625	700.25	683.4166870117188	
663.9860229492188	240836.	11990.25	4120.75	1150.666625976563	942.1666870117188	
665.2340087890625	296461.	14945.5	4955.16650390625	825.4166870117188	1033.916625976563	
666.4819946289063	247323.640625	10388.	4429.5	883.9166870117188	892.0833129882813	
667.72998046875	230653.	25307.	5455.91650390625	591.8333129882813	741.8333129882813	
668.97802734375	443068.5	8409.5	8370.6669921875	608.5	975.5833129882813	
670.2260131835938	914992.	13042.5	5173.	1651.583374023438	1067.25	
671.4749755859375	291544.	9686.75	3937.25	700.1666870117188	742.	
672.7230224609375	229149.	13443.25	4062.333251953125	808.6666870117188	892.	
673.9710083007813	292675.4375	10838.25	3970.666748046875	783.6666870117188	866.9166870117188	
675.218994140625	284507.09375	18358.75	4679.75	591.8333129882813	783.6666870117188	
676.4669799804688	217197.	12291.5	6374.41650390625	450.	792.	
677.7150268554688	217577.	8134.	4663.41650390625	466.6666564941406	733.5833129882813	
678.9630126953125	209836.	11564.5	5464.75	833.6666870117188	591.8333129882813	
680.2109985351563	239123.	7258.25	14242.4169921875	608.4166870117188	766.9166870117188	
681.458984375	270141.	9711.75	4396.16650390625	2277.833251953125	758.6666870117188	
682.7069702148438	237388.	9336.25	4930.41650390625	750.3333129882813	675.1666870117188	
683.9550170898438	602190.	13267.5	3470.	691.9166870117188	633.4166870117188	
685.2039794921875	209921.	22990.25	4604.91650390625	700.25	675.1666870117188	
686.4520263671875	515283.15625	8885.25	3428.25	675.3333129882813	650.1666870117188	
687.7000122070313	285984.875	9136.	6449.58349609375	575.0833129882813	766.9166870117188	
688.947998046875	238167.	8835.25	4062.333251953125	583.3333129882813	775.25	
690.1959838867188	208823.	8785.25	3953.833251953125	575.	691.9166870117188	
691.4439697265625	206353.	9862.25	4054.	758.5833129882813	850.3333129882813	
692.6920166015625	234178.	8209.5	3737.083251953125	541.75	808.75	
693.9400024414063	194083.	7158.	4003.916748046875	817.	741.9166870117188	
695.18798828125	196129.	7809.	4588.33349609375	483.3333435058594	600.1666870117188	
696.4359741210938	208796.	10262.75	3937.25	1159.083374023438	1134.	
697.6840209960938	220153.	8309.75	3486.5	967.25	675.0833129882813	
698.9329833984375	224357.	8059.25	6333.83349609375	950.4166870117188	691.8333129882813	
700.1810302734375	691084.875	6356.75	3369.833251953125	666.75	741.9166870117188	
701.4290161132813	229188.	7858.75	3620.333251953125	600.1666870117188	691.9166870117188	
702.677001953125	367116.03125	7383.25	4196.	650.0833129882813	833.6666870117188	
703.9249877929688	259029.203125	9561.75	3478.416748046875	1042.416625976563	658.5	
705.1729736328125	188273.	8209.25	3419.916748046875	1075.5	742.	
706.4210205078125	461525.	7709.	3595.083251953125	650.3333129882813	733.5833129882813	
707.6690063476563	268398.	8610.	3394.916748046875	967.4166870117188	650.0833129882813	
708.9169921875	220165.	7834.25	3670.166748046875	608.4166870117188	666.75	
710.1649780273438	228468.	10112.5	4012.416748046875	608.4166870117188	733.6666870117188	
711.4130249023438	203182.	7233.	3695.166748046875	683.5833129882813	691.75	
712.6619873046875	326425.9375	7458.25	3236.333251953125	583.5	550.1666870117188	
713.9099731445313	225631.	7033.	3344.666748046875	716.9166870117188	850.5	
715.1580200195313	507985.	7633.75	6383.91650390625	733.5833129882813	767.	
716.406005859375	218178.1875	10863.5	4029.	842.0833129882813	708.5833129882813	
717.6539916992188	369515.59375	23227.25	4195.91650390625	750.3333129882813	767.	
718.9019775390625	232167.	7758.5	3653.583251953125	633.4166870117188	808.5833129882813	
720.1500244140625	200050.	8985.5	3928.833251953125	825.3333129882813	691.8333129882813	
721.3980102539063	199592.	8359.5	3603.416748046875	758.5	666.9166870117188	
722.64599609375	231117.	12266.5	3453.166748046875	533.3333129882813	808.6666870117188	
723.8939819335938	229326.	8109.25	3870.416748046875	1075.583374023438	750.1666870117188	
725.1420288085938	200849.09375	7583.5	3737.	1050.5	633.5	
726.3909912109375	299688.0625	15499.5	3561.833251953125	508.3333435058594	775.1666870117188	
727.6389770507813	204393.	10914.	3970.583251953125	616.9166870117188	683.5833129882813	
728.8870239257813	199767.	10588.25	3528.416748046875	775.3333129882813	766.8333129882813	
730.135009765625	221201.	9812.	3828.666748046875	633.5	716.8333129882813	
731.3829956054688	248128.	11089.25	5289.33349609375	858.6666870117188	716.9166870117188	
732.6309814453125	293829.	9737.	4087.583251953125	591.75	758.5833129882813	
733.8790283203125	206326.	10863.25	3878.666748046875	641.6666870117188	725.25	
735.1270141601563	226749.	23405.5	4379.58349609375	833.8333129882813	725.1666870117188	
736.375	714092.	8309.75	5248.08349609375	625.25	783.6666870117188	
737.6229858398438	289660.	21183.5	4295.91650390625	475.	625.1666870117188	
738.8709716796875	1187930.	10137.25	3603.5	825.3333129882813	758.5833129882813	
740.1199951171875	201250.	12867.25	4554.75	566.75	700.1666870117188	
741.3679809570313	234977.	23449.75	4070.833251953125	508.4166564941406	650.0833129882813	
742.6160278320313	215415.	9836.5	4404.5	600.1666870117188	583.5	
743.864013671875	216146.	9586.75	5097.16650390625	2920.583251953125	850.4166870117188	
745.1119995117188	224659.	9035.75	4997.25	575.0833129882813	775.4166870117188	
746.3599853515625	225831.	8810.5	5372.75	783.75	841.9166870117188	
747.6079711914063	211478.	11664.75	3595.25	892.0833129882813	667.	
748.8560180664063	323785.	8635.	4872.08349609375	591.8333129882813	633.5833129882813	
750.10400390625	203846.	10062.25	4137.41650390625	558.5	550.	
751.3519897460938	237082.	10738.25	3728.5	541.9166870117188	767.	
752.5999755859375	204271.	12116.25	3636.833251953125	808.5833129882813	641.75	
753.8489990234375	214856.	12416.	3828.666748046875	950.5	858.6666870117188	
755.0969848632813	255196.78125	11815.5	3411.5	558.3333129882813	775.4166870117188	
756.344970703125	220438.	10137.25	4195.83349609375	616.9166870117188	816.9166870117188	
757.593017578125	356974.625	11289.25	3561.666748046875	700.25	758.5833129882813	
758.8410034179688	377149.1875	10312.5	3394.916748046875	700.25	800.25	
760.0889892578125	229858.703125	10813.5	4229.16650390625	658.5	691.9166870117188	
761.3369750976563	223696.	9561.25	3778.583251953125	950.5	616.8333129882813	
762.5850219726563	221114.	8960.5	6518.16650390625	575.0833129882813	691.8333129882813	
763.8330078125	214782.	8234.5	4204.16650390625	583.5	833.75	
765.0809936523438	240837.	10112.5	4087.333251953125	591.75	600.0833129882813	
766.3289794921875	366059.5	15575.5	4588.33349609375	908.75	658.5	
767.5780029296875	316835.75	10437.75	3711.833251953125	758.6666870117188	867.0833129882813	
768.8259887695313	326433.	9060.75	3561.75	625.1666870117188	825.4166870117188	
770.073974609375	245971.	9286.25	3928.833251953125	675.25	808.5833129882813	
771.322021484375	233140.	8459.75	3495.	725.4166870117188	758.5833129882813	
772.5700073242188	214487.	11239.5	4095.75	950.5833129882813	708.5833129882813	
773.8179931640625	216088.	8334.75	3636.666748046875	908.8333129882813	783.6666870117188	
775.0659790039063	320666.	9236.	3862.166748046875	783.6666870117188	867.	
776.3140258789063	223449.	8610.	3787.166748046875	508.5	675.25	
777.56201171875	307184.0625	9987.5	3494.916748046875	758.6666870117188	750.25	
778.8099975585938	230917.	10037.25	3128.	608.4166870117188	767.	
780.0579833984375	270756.	15772.75	3695.166748046875	608.3333129882813	633.4166870117188	
781.3070068359375	277971.	12692.	4646.41650390625	725.1666870117188	758.5833129882813	
782.5549926757813	222747.	21269.25	3762.	516.8333129882813	708.5	
783.802978515625	219774.	12090.5	3686.916748046875	783.5833129882813	691.8333129882813	
785.051025390625	374712.53125	8484.75	3595.083251953125	867.	583.4166870117188	
786.2990112304688	237819.	12541.5	4396.25	583.4166870117188	858.5833129882813	
787.5469970703125	321729.875	10112.5	3503.416748046875	591.9166870117188	750.1666870117188	
788.7949829101563	256369.46875	9386.25	3403.166748046875	716.9166870117188	566.8333129882813	
790.0430297851563	242511.	12692.	5005.75	608.4166870117188	750.3333129882813	
791.291015625	244176.	8584.75	3720.333251953125	700.25	741.8333129882813	
792.5390014648438	386892.6875	11990.5	3445.083251953125	558.3333129882813	750.25	
793.7869873046875	199685.	10312.75	3536.75	383.3333435058594	683.5833129882813	
795.0360107421875	214069.	7558.75	4521.41650390625	508.4166564941406	658.5	
796.2839965820313	201160.	8184.5	3561.833251953125	591.6666870117188	750.3333129882813	
797.531982421875	230282.	11715.75	3286.5	483.4166564941406	750.1666870117188	
798.780029296875	223369.	8159.25	3561.75	458.5	800.1666870117188	
800.0280151367188	217564.	9561.5	3795.333251953125	625.1666870117188	658.5833129882813	
801.2760009765625	385564.46875	9161.	3603.666748046875	491.75	708.5	
802.5239868164063	207311.	9436.5	3269.75	475.	841.9166870117188	
803.77197265625	543188.	14372.25	3836.916748046875	600.0833129882813	1150.666625976563	
805.02001953125	190470.	8485.	3620.166748046875	583.4166870117188	708.5	
806.2680053710938	229783.	10012.25	3545.083251953125	742.0833129882813	708.4166870117188	
807.5159912109375	196643.	7959.	3979.	400.	616.8333129882813	
808.7650146484375	249921.71875	7508.5	3686.833251953125	541.75	725.1666870117188	
810.0130004882813	250217.	11290.	3536.666748046875	466.8333435058594	558.5833129882813	
811.260986328125	206546.	10538.	3486.75	550.	575.1666870117188	
812.5089721679688	229951.	8535.	3236.416748046875	541.6666870117188	733.5	
813.7570190429688	275140.	8034.25	3586.75	566.8333129882813	658.5	
815.0050048828125	260808.25	12542.25	3469.916748046875	525.0833129882813	808.75	
816.2529907226563	189612.	8009.	3378.083251953125	842.0833129882813	708.5833129882813	
817.5009765625	227611.	13593.75	3219.666748046875	641.8333129882813	725.1666870117188	
818.7490234375	311536.71875	8710.25	3478.25	533.4166870117188	850.5	
819.9970092773438	204798.	9136.25	3428.166748046875	783.6666870117188	742.0833129882813	
821.2449951171875	193608.	6707.25	3578.5	775.1666870117188	725.3333129882813	
822.4940185546875	217683.	8910.25	3553.416748046875	508.3333435058594	1025.666625976563	
823.7420043945313	216779.	7458.5	3219.666748046875	2019.083374023438	783.75	
824.989990234375	206400.	8660.5	3528.5	717.	750.25	
826.2379760742188	202029.	8009.	3202.916748046875	725.3333129882813	741.9166870117188	
827.4860229492188	383841.25	8835.5	3762.	508.4166564941406	716.8333129882813	
828.7340087890625	354504.75	10538.25	3636.833251953125	475.0833435058594	675.25	
829.9819946289063	240523.	9586.5	6091.58349609375	541.6666870117188	775.4166870117188	
831.22998046875	234778.	6958.	5088.91650390625	792.1666870117188	658.4166870117188	
832.47802734375	182490.	12017.	6441.33349609375	525.0833129882813	750.3333129882813	
833.7260131835938	247649.	8660.	3520.	667.	566.75	
834.9739990234375	209109.	9586.75	3620.083251953125	550.0833129882813	708.6666870117188	
836.2230224609375	202353.	8159.5	3737.083251953125	566.8333129882813	725.25	
837.4710083007813	651443.	6932.75	3186.166748046875	416.75	683.5	
838.718994140625	230553.	7133.	3520.	558.4166870117188	658.5	
839.9669799804688	224818.	8810.25	3586.75	625.1666870117188	708.5	
841.2150268554688	197833.625	7233.25	3561.666748046875	700.25	933.6666870117188	
842.4630126953125	218050.	9111.25	3720.25	616.75	650.1666870117188	
843.7109985351563	215058.	12416.	3061.083251953125	600.0833129882813	808.6666870117188	
844.958984375	201031.	7458.25	3820.416748046875	500.1666564941406	791.75	
846.2069702148438	1135857.875	8710.25	3528.333251953125	500.	767.	
847.4550170898438	228676.	8059.5	3703.583251953125	441.6666564941406	683.5	
848.7030029296875	209716.	7157.75	3252.916748046875	533.4166870117188	742.	
849.9520263671875	242805.	15022.	3962.25	625.0833129882813	700.1666870117188	
851.2000122070313	202297.	7333.25	3603.5	433.4166564941406	825.4166870117188	
852.447998046875	188548.	6957.5	3695.083251953125	550.	808.5833129882813	
853.6959838867188	233682.	8534.75	3703.666748046875	441.6666564941406	958.9166870117188	
854.9439697265625	194791.	7408.5	3536.666748046875	566.6666870117188	816.8333129882813	
856.1920166015625	221679.	7233.	3995.583251953125	550.0833129882813	683.5833129882813	
857.4400024414063	345415.46875	9511.5	3778.75	416.6666564941406	600.0833129882813	
858.68798828125	229505.	8134.25	3653.5	433.3333435058594	842.	
859.9359741210938	318154.	8159.25	3661.916748046875	525.	1008.75	
861.1840209960938	449337.	7483.5	5999.33349609375	1217.666625976563	641.8333129882813	
862.4320068359375	255192.	8685.25	3987.25	425.	841.9166870117188	
863.6810302734375	208339.	7884.	5222.41650390625	358.3333435058594	31672.666015625	
864.9290161132813	1465284.75	8685.25	4020.583251953125	1242.666625976563	675.1666870117188	
866.177001953125	332344.375	7733.75	4295.91650390625	550.1666870117188	716.8333129882813	
867.4249877929688	226965.	7658.75	4471.25	566.75	867.0833129882813	
868.6729736328125	232091.	7633.5	3770.25	483.3333435058594	917.0833129882813	
869.9210205078125	316788.9375	8510.	3828.666748046875	883.8333129882813	775.3333129882813	
871.1690063476563	229321.	8134.5	5439.58349609375	733.4166870117188	700.1666870117188	
872.4169921875	209533.	19213.25	3828.75	1067.416625976563	842.	
873.6649780273438	322468.8125	8510.	4629.83349609375	7446.41650390625	783.5833129882813	
874.9130249023438	315332.	7458.5	3736.916748046875	4090.833251953125	1284.166625976563	
876.1610107421875	225711.8125	8910.5	3703.666748046875	650.25	708.5	
877.4099731445313	236747.	8560.	3069.5	708.5833129882813	900.5	
878.6580200195313	396697.25	7333.25	3386.5	933.9166870117188	583.4166870117188	
879.906005859375	225970.	6582.25	3712.	375.0833435058594	992.25	
881.1539916992188	255531.34375	7007.75	3987.333251953125	600.1666870117188	867.0833129882813	
882.4019775390625	303454.	7683.75	3720.25	641.9166870117188	575.0833129882813	
883.6500244140625	465655.25	10688.75	3094.416748046875	20656.75	792.	
884.8980102539063	260512.	9035.5	4137.41650390625	984.	708.6666870117188	
886.14599609375	410792.	7658.5	7153.	508.4166564941406	717.	
887.3939819335938	359786.5	8785.5	5131.	541.6666870117188	841.9166870117188	
888.6420288085938	310477.	6632.	3544.916748046875	742.	491.75	
889.8900146484375	219336.	6932.75	3545.	591.8333129882813	741.9166870117188	
891.1389770507813	272061.375	7108.	3061.166748046875	675.0833129882813	825.3333129882813	
892.3870239257813	289683.84375	8760.25	2961.083251953125	516.6666870117188	750.3333129882813	
893.635009765625	253376.	7383.25	5281.41650390625	491.75	750.1666870117188	
894.8829956054688	225205.	7183.	3519.916748046875	391.6666564941406	625.0833129882813	
896.1309814453125	223128.	7108.	3319.833251953125	408.3333435058594	808.6666870117188	
897.3790283203125	1117291.375	7358.25	3569.916748046875	450.0833435058594	716.8333129882813	
898.6270141601563	305723.0625	7633.75	3378.25	416.6666564941406	700.3333129882813	
899.875	252238.171875	7984.25	3470.166748046875	525.	725.25	
901.1229858398438	216183.	7884.	3503.333251953125	433.5833435058594	675.1666870117188	
902.3709716796875	207880.	8785.	3762.	566.8333129882813	491.75	
903.6190185546875	203189.	9111.	4562.91650390625	550.	800.3333129882813	
904.8679809570313	195574.	7984.25	4087.416748046875	600.3333129882813	591.9166870117188	
906.1160278320313	321164.59375	7934.25	3186.166748046875	658.5	525.0833129882813	
907.364013671875	200985.875	7708.75	3528.333251953125	791.9166870117188	825.5	
908.6119995117188	281448.5	8685.25	3745.416748046875	1718.166625976563	867.	
909.8599853515625	459410.4375	9035.75	3795.333251953125	983.9166870117188	933.75	
911.1079711914063	389047.28125	9611.5	3611.916748046875	666.8333129882813	658.5833129882813	
912.3560180664063	392345.90625	7057.75	3653.416748046875	516.75	733.6666870117188	
913.60400390625	487699.28125	9160.75	3945.583251953125	516.75	691.8333129882813	
914.8519897460938	257767.	8484.75	11890.9169921875	808.6666870117188	758.6666870117188	
916.0999755859375	1049011.	7608.75	3620.	491.75	641.75	
917.3480224609375	202286.	8785.25	3954.	1359.5	900.4166870117188	
918.5969848632813	461138.5625	8634.75	3653.666748046875	533.4166870117188	691.9166870117188	
919.844970703125	355631.125	10087.25	4254.25	483.5	616.75	
921.093017578125	225176.84375	8059.25	27319.3125	533.4166870117188	858.8333129882813	
922.3410034179688	228121.	8184.5	5197.08349609375	8635.5830078125	733.6666870117188	
923.5889892578125	223136.	8835.5	3361.5	433.3333435058594	766.9166870117188	
924.8369750976563	199745.	7959.	3444.833251953125	558.4166870117188	733.75	
926.0850219726563	221637.	8585.25	4120.83349609375	616.75	833.5833129882813	
927.3330078125	226593.	13543.5	3628.333251953125	583.5833129882813	816.9166870117188	
928.5809936523438	216370.	8935.5	3661.75	1726.75	633.4166870117188	
929.8289794921875	202837.640625	9787.	3102.75	666.75	758.5	
931.0770263671875	268369.8125	7758.75	3753.666748046875	616.8333129882813	817.1666870117188	
932.3259887695313	207531.	14597.75	4354.58349609375	717.0833129882813	758.6666870117188	
933.573974609375	329153.15625	8534.75	4104.08349609375	1167.416625976563	758.5	
934.822021484375	215926.	9085.5	3636.833251953125	591.75	641.75	
936.0700073242188	192387.	1041433.	3845.583251953125	758.6666870117188	750.25	
937.3179931640625	209589.	7483.5	3703.666748046875	883.75	750.25	
938.5659790039063	472219.09375	7909.25	3887.166748046875	525.1666870117188	725.1666870117188	
939.8140258789063	231329.	9011.	3820.416748046875	758.5	883.75	
941.06201171875	204570.	7658.5	3853.75	525.1666870117188	733.5833129882813	
942.3099975585938	208986.	10538.75	8723.0830078125	425.0833435058594	750.3333129882813	
943.5579833984375	243297.	7884.	3903.833251953125	1009.	666.8333129882813	
944.8060302734375	208238.	7658.75	3520.166748046875	575.1666870117188	708.6666870117188	
946.0549926757813	341388.21875	9636.75	3011.083251953125	625.1666870117188	700.0833129882813	
947.302978515625	238107.	8485.	3703.583251953125	750.25	500.	
948.551025390625	263225.	8585.	4137.41650390625	767.	658.5	
949.7990112304688	208767.	8510.	3086.083251953125	808.5833129882813	817.	
951.0469970703125	316744.	9711.75	25387.8671875	666.9166870117188	725.3333129882813	
952.2949829101563	451670.71875	8410.	3520.	975.6666870117188	683.5	
953.5430297851563	242105.3125	21737.75	9703.25	3086.083251953125	875.3333129882813	
954.791015625	247569.	113573.	56245.66796875	21407.666015625	1984.916625976563	
956.0390014648438	497689.375	700312.	183911.5	60128.16796875	5222.16650390625	
957.2869873046875	2033560.	1953149.5	335271.65625	84544.4140625	8376.4169921875	
958.5349731445313	1123660.	2720308.	433693.03125	102548.4140625	11331.	
959.7839965820313	1508872.	3709605.75	520251.34375	114313.5	14269.	
961.031982421875	2048624.	5147089.5	580158.	112901.25	17483.333984375	
962.280029296875	2305904.	5654447.	660444.5625	109032.5	19128.083984375	
963.5280151367188	2544937.75	6251892.	673607.25	115590.5	18961.25	
964.7760009765625	2528640.	5731769.	594427.3125	97524.9140625	18769.333984375	
966.0239868164063	2114349.5	5535370.	583867.3125	87286.25	18126.083984375	
967.27197265625	2016390.125	5346432.5	586324.125	79617.9140625	17850.5	
968.52001953125	1981470.75	4749368.5	494635.1875	71554.6640625	15704.9169921875	
969.7680053710938	1949952.	3908930.75	436151.65625	62739.5	13693.	
971.0159912109375	1716307.25	3657601.	434430.	54808.08203125	13175.75	
972.2639770507813	1476640.	3111681.	376542.	50625.91796875	11948.5	
973.5120239257813	1380928.	3284045.75	347736.6875	46754.08203125	10805.0830078125	
974.760986328125	1212592.	2537241.5	276190.	39738.5	11481.25	
976.0089721679688	1088940.	2338217.	274436.65625	34515.08203125	8075.91650390625	
977.2570190429688	1055676.625	2057623.5	230207.671875	39705.41796875	7692.08349609375	
978.5050048828125	917200.	1966824.	212708.328125	30662.75	6573.83349609375	
979.7529907226563	797344.	1735264.	191006.171875	29368.5	6565.58349609375	
981.0009765625	723528.	1554138.5	168454.5	22485.333984375	6148.33349609375	
982.2490234375	659776.	1343952.	146922.328125	18877.75	4830.	
983.4970092773438	614572.	1159048.	135785.328125	18443.416015625	4396.08349609375	
984.7449951171875	554244.	1082636.	116300.8359375	16523.416015625	4137.5	
985.9929809570313	493400.	868388.	102321.4140625	14060.3330078125	3870.416748046875	
987.2420043945313	478252.	755814.9375	102517.1640625	13117.1669921875	3478.333251953125	
988.489990234375	436220.	696588.	94142.1640625	10871.8330078125	3586.833251953125	
989.7379760742188	406710.	640960.	76326.1640625	9853.6669921875	2827.666748046875	
990.9860229492188	365604.	582408.	72098.75	8735.25	2326.916748046875	
992.2340087890625	350196.	532046.	60701.16796875	8134.41650390625	2418.666748046875	
993.4819946289063	344892.	382306.	48361.83203125	7258.16650390625	2427.083251953125	
994.72998046875	295700.	378940.	44068.91796875	6390.33349609375	2485.416748046875	
995.97802734375	288305.	423904.	42420.	6256.75	1801.416625976563	
997.2260131835938	276504.	289696.	38158.16796875	5180.41650390625	1676.166625976563	
998.4739990234375	253659.	313696.	34348.25	4604.66650390625	1601.083374023438	
