Trace for Mass:	Al27(MR)	Si28(MR)	Ca44(MR)	Fe56(MR)	S32(MR)
Resolution:	Medium	Medium	Medium	Medium	Medium
					
Time	Intensity	Intensity	Intensity	Intensity	Intensity
[sec]	[cps]	[cps]	[cps]	[cps]	[cps]

1.220999956130981	10535.77734375	600912.	270.	1409.333374023438	16659.22265625	
2.438999891281128	17598.63671875	784095.25	241.6666717529297	1442.583374023438	31383.908203125	
3.657000064849854	19245.25	805940.	166.6666717529297	1200.75	28959.083984375	
4.875	18911.333984375	758776.	250.	1334.166625976563	26544.416015625	
6.092999935150147	17733.666015625	786636.6875	266.6666564941406	1309.25	24239.333984375	
7.310999870300293	17817.333984375	746432.6875	100.	1109.083374023438	22694.416015625	
8.529000282287598	15488.	733615.3125	200.	1167.5	21425.	
9.746999740600586	16139.1669921875	707471.3125	208.3333282470703	983.8333129882813	20046.75	
10.96500015258789	16114.1669921875	705764.	200.	1159.	18819.833984375	
12.18400001525879	15955.4169921875	706265.3125	158.3333282470703	1175.75	19011.666015625	
13.40200042724609	14519.4169921875	715016.6875	200.	841.9166870117188	17850.916015625	
14.61999988555908	14352.4169921875	698292.	133.3333282470703	1175.833374023438	19061.5	
15.83800029754639	14786.5830078125	692752.	200.	1234.083374023438	18468.916015625	
17.05599975585938	14702.9169921875	729078.6875	150.	1084.	17700.5	
18.27400016784668	14511.1669921875	721109.3125	116.6666641235352	917.0833129882813	19846.583984375	
19.49200057983398	14895.1669921875	718788.	175.	1267.583374023438	17684.	
20.70999908447266	14477.8330078125	730556.6875	166.6666717529297	25474.0625	18193.333984375	
21.92799949645996	15596.3330078125	711784.	125.	1025.583374023438	17441.583984375	
23.14599990844727	14477.8330078125	779485.5	208.3333282470703	816.9166870117188	17383.5	
24.36499977111816	13701.4169921875	703567.3125	216.6666717529297	925.5833129882813	18468.833984375	
25.58300018310547	13267.5	693631.3125	225.	1109.	18026.25	
26.80100059509277	14753.25	696839.3125	150.	1042.166625976563	17491.75	
28.01899909973145	13910.1669921875	733746.8125	191.6666717529297	1042.083374023438	17750.666015625	
29.23699951171875	14018.75	688677.3125	183.3333282470703	1292.5	18477.083984375	
30.45499992370606	13926.8330078125	748312.6875	191.6666717529297	958.75	18360.583984375	
31.67300033569336	14594.6669921875	751495.3125	216.6666717529297	916.9166870117188	18310.083984375	
32.89099884033203	13809.9169921875	697895.3125	191.6666717529297	992.1666870117188	17542.166015625	
34.10900115966797	13192.0830078125	720538.6875	175.	118843.625	18159.75	
35.32699966430664	13851.8330078125	722889.3125	233.3333282470703	892.0833129882813	17942.5	
36.54600143432617	13901.5830078125	715694.	258.3333435058594	1117.333374023438	17191.25	
37.76399993896484	15880.25	707271.3125	208.3333282470703	917.1666870117188	17224.5	
38.98199844360352	15053.75	733789.5625	300.0833435058594	866.9166870117188	17182.833984375	
40.20000076293945	14302.5830078125	698252.	200.	883.6666870117188	17833.916015625	
41.41799926757813	14093.75	682698.	166.6666717529297	883.6666870117188	17366.666015625	
42.63600158691406	13943.4169921875	690826.6875	175.	925.4166870117188	17216.25	
43.85400009155273	14552.8330078125	711984.	208.3333282470703	900.4166870117188	17224.75	
45.07199859619141	13918.5	729997.4375	166.6666717529297	1000.583312988281	17475.166015625	
46.29000091552734	13634.8330078125	696191.3125	141.6666717529297	1042.166625976563	16757.083984375	
47.50899887084961	13743.25	692562.6875	291.6666564941406	1033.916625976563	16807.083984375	
48.72700119018555	13442.5830078125	704274.5	125.	925.5	17833.916015625	
49.94499969482422	13626.1669921875	682187.3125	191.6666717529297	1109.083374023438	18143.166015625	
51.16299819946289	14736.5830078125	673736.	141.6666717529297	841.9166870117188	16682.166015625	
52.38100051879883	13801.75	704802.	200.	967.1666870117188	16748.5	
53.5989990234375	14561.25	710907.3125	150.	842.0833129882813	18585.583984375	
54.81700134277344	13501.1669921875	676428.	191.6666717529297	858.6666870117188	17600.333984375	
56.03499984741211	13467.6669921875	708522.	166.6666717529297	1175.583374023438	17107.75	
57.25299835205078	13860.	668719.3125	150.	808.75	18168.166015625	
58.47100067138672	13592.8330078125	713389.3125	233.3333282470703	983.8333129882813	16748.75	
59.68999862670898	13067.	674258.625	175.	908.75	18537.583984375	
60.90800094604492	14210.5830078125	672992.	250.	4542.	17458.5	
62.12599945068359	14160.5830078125	717927.125	141.6666717529297	1367.583374023438	17575.25	
63.34400177001953	14210.5830078125	689936.6875	216.6666717529297	1167.333374023438	18168.333984375	
64.56199645996094	13609.5830078125	691444.125	150.	1242.25	16264.4169921875	
65.77999877929688	15304.3330078125	683356.6875	125.	983.75	17433.5	
66.99800109863281	13526.0830078125	686353.3125	241.6666717529297	967.0833129882813	17784.166015625	
68.21600341796875	14244.0830078125	671960.	116.6666641235352	1234.083374023438	17358.416015625	
69.43399810791016	14878.5830078125	716446.1875	233.3333282470703	950.5	16982.416015625	
70.65200042724609	14494.5	669476.	141.6666717529297	983.75	16448.083984375	
71.87100219726563	14861.5830078125	677061.3125	166.6666717529297	1259.	17867.583984375	
73.08899688720703	13926.75	688618.	216.6666717529297	1050.666625976563	18368.583984375	
74.30699920654297	13584.4169921875	695719.9375	133.3333282470703	1409.333374023438	16815.5	
75.52500152587891	14452.8330078125	681856.	208.3333282470703	950.4166870117188	18143.166015625	
76.74299621582031	13526.	650240.	150.	1117.333374023438	18602.75	
77.96099853515625	14427.6669921875	686972.6875	258.3333435058594	825.3333129882813	17500.083984375	
79.17900085449219	14719.8330078125	697852.6875	141.6666717529297	7746.58349609375	17216.416015625	
80.39700317382813	14920.1669921875	649378.6875	241.6666717529297	1217.333374023438	16965.916015625	
81.61499786376953	14452.6669921875	659108.	258.3333435058594	1025.666625976563	17249.5	
82.83300018310547	14603.	675892.	183.3333282470703	1392.666625976563	16398.083984375	
84.052001953125	14486.0830078125	730431.375	158.3333282470703	1125.666625976563	17283.166015625	
85.26999664306641	13292.4169921875	674938.4375	275.	1025.583374023438	17024.083984375	
86.48799896240234	13450.9169921875	696014.	225.0833282470703	983.8333129882813	16498.333984375	
87.70600128173828	14369.1669921875	691588.	163.6363677978516	958.8333129882813	18460.416015625	
88.92400360107422	15354.3330078125	692052.6875	191.6666717529297	1275.833374023438	16448.083984375	
90.14199829101563	14753.25	662131.3125	133.3333282470703	1058.833374023438	17316.416015625	
91.36000061035156	14010.1669921875	669499.3125	216.6666717529297	1042.416625976563	17416.583984375	
92.5780029296875	14619.75	692124.	100.	850.4166870117188	16473.25	
93.79599761962891	14478.0830078125	671308.	116.6666641235352	767.	15680.1669921875	
95.01499938964844	14010.0830078125	652785.3125	158.3333282470703	875.5	17492.333984375	
96.23300170898438	14002.	661427.3125	150.	925.4166870117188	17441.75	
97.45099639892578	14102.	672969.3125	183.3333282470703	1100.666625976563	16231.0830078125	
98.66899871826172	13651.3330078125	658729.3125	158.3333282470703	1626.416625976563	17208.083984375	
99.88700103759766	14469.5830078125	708366.6875	208.3333282470703	892.25	15705.	
101.1050033569336	13601.1669921875	684541.3125	158.3333282470703	975.6666870117188	16448.166015625	
102.322998046875	13968.6669921875	692406.6875	216.6666717529297	1008.916687011719	16565.333984375	
103.5410003662109	13626.0830078125	695907.3125	175.	2461.333251953125	16757.083984375	
104.7590026855469	14444.4169921875	675074.75	175.	1309.25	17516.916015625	
105.9769973754883	13626.4169921875	635040.6875	191.6666717529297	800.3333129882813	16581.833984375	
107.1959991455078	13860.1669921875	687651.3125	125.	1175.666625976563	17308.25	
108.4140014648438	12816.5830078125	660520.6875	191.6666717529297	1509.5	16122.6669921875	
109.6320037841797	13359.0830078125	663583.3125	200.	925.4166870117188	17516.833984375	
110.8499984741211	13334.0830078125	642200.6875	216.6666717529297	933.8333129882813	16414.833984375	
112.068000793457	13659.6669921875	655744.6875	166.6666717529297	875.5	16389.75	
113.286003112793	13200.6669921875	645725.3125	250.	942.1666870117188	15797.	
114.5039978027344	13935.4169921875	644635.625	116.6666641235352	1075.666625976563	17082.833984375	
115.7220001220703	13217.25	664623.3125	150.	842.	16581.5	
116.9400024414063	13526.0830078125	658048.	150.	1184.166625976563	16665.416015625	
118.1579971313477	13709.6669921875	691965.3125	200.	1050.5	17341.666015625	
119.3769989013672	13601.25	665264.6875	133.3333282470703	1342.666625976563	16398.416015625	
120.5950012207031	13809.8330078125	681791.1875	166.6666717529297	750.3333129882813	16681.916015625	
121.8130035400391	14010.3330078125	647063.6875	133.3333282470703	1017.25	17174.666015625	
123.0309982299805	12891.8330078125	675342.6875	133.3333282470703	900.3333129882813	16314.75	
124.2490005493164	12466.	699582.1875	175.	958.75	16064.0830078125	
125.4670028686523	12165.5	647986.6875	241.6666717529297	1008.916687011719	15696.6669921875	
126.6849975585938	13417.75	670241.3125	125.	833.6666870117188	17859.25	
127.9029998779297	13125.6669921875	659593.3125	258.3333435058594	917.0833129882813	16623.666015625	
129.1210021972656	12841.5830078125	624973.3125	175.	850.4166870117188	16298.	
130.3399963378906	12875.0830078125	618271.3125	125.	992.1666870117188	17049.5	
131.5579986572266	13693.1669921875	738525.75	166.6666717529297	842.	16372.9169921875	
132.7760009765625	13300.5830078125	663253.3125	225.	1083.916625976563	15788.3330078125	
133.9940032958984	14185.5	660855.3125	175.	1058.916625976563	17558.5	
135.2120056152344	13509.3330078125	725779.0625	133.3333282470703	783.5833129882813	15947.0830078125	
136.4299926757813	12991.75	657690.	141.6666717529297	975.5833129882813	17208.166015625	
137.6479949951172	13041.8330078125	632483.3125	166.6666717529297	1008.833312988281	16849.166015625	
138.8659973144531	13843.1669921875	630776.	125.	900.4166870117188	16581.666015625	
140.0839996337891	13943.3330078125	664807.3125	133.3333282470703	933.75	16581.666015625	
141.302001953125	13459.3330078125	631532.	166.6666717529297	950.5	16757.	
142.52099609375	14294.0830078125	656177.3125	158.3333282470703	1083.916625976563	16272.8330078125	
143.7389984130859	13584.6669921875	657396.6875	175.	775.1666870117188	16548.416015625	
144.9570007324219	13793.25	630338.	175.	892.1666870117188	16356.25	
146.1750030517578	13768.25	650630.6875	116.6666641235352	816.9166870117188	15271.0830078125	
147.3930053710938	13684.75	647467.3125	166.6666717529297	883.6666870117188	15813.75	
148.6109924316406	13117.0830078125	680427.375	183.3333282470703	917.25	16606.75	
149.8289947509766	12374.3330078125	663828.6875	166.6666717529297	967.	15396.3330078125	
151.0469970703125	13259.	669802.6875	158.3333282470703	925.3333129882813	16531.833984375	
152.2649993896484	13993.4169921875	649106.	216.6666717529297	1626.25	16047.5830078125	
153.4830017089844	12950.0830078125	717879.125	191.75	1200.833374023438	16832.416015625	
154.7019958496094	13192.4169921875	658637.3125	308.5	1025.583374023438	16457.083984375	
155.9199981689453	12699.8330078125	675676.6875	158.3333282470703	1067.25	16448.5	
157.1380004882813	13542.75	633145.3125	191.6666717529297	950.5	16014.0830078125	
158.3560028076172	13234.	643024.6875	400.1666564941406	1075.666625976563	16440.	
159.5740051269531	12958.5	631248.6875	275.	1309.083374023438	16348.0830078125	
160.7920074462891	14202.25	656603.3125	575.3333129882813	1242.583374023438	17567.083984375	
162.0099945068359	13693.	649683.3125	250.	1926.75	16515.	
163.2279968261719	13526.1669921875	687604.6875	208.3333282470703	933.9166870117188	17508.5	
164.4459991455078	12632.9169921875	654074.6875	191.6666717529297	4366.25	15705.1669921875	
165.6649932861328	12591.25	662913.3125	175.	850.3333129882813	16381.6669921875	
166.8829956054688	13977.0830078125	653282.	141.6666717529297	1017.416687011719	19266.583984375	
168.1009979248047	13284.	641372.	166.6666717529297	2035.333374023438	16982.5	
169.3190002441406	12407.5830078125	654823.3125	158.3333282470703	1284.25	16114.5	
170.5370025634766	14427.5	645163.3125	125.	917.	14912.	
171.7550048828125	12649.5	645229.3125	208.3333282470703	3012.333251953125	15446.25	
172.9730072021484	13776.5830078125	642132.6875	166.6666717529297	1017.25	16581.75	
174.1909942626953	13367.3330078125	659653.3125	141.6666717529297	1100.5	16381.25	
175.4089965820313	13067.0830078125	619968.	208.3333282470703	1000.5	16949.166015625	
176.6269989013672	12741.5	655018.	158.3333282470703	1250.833374023438	15847.	
177.8459930419922	14093.75	646057.3125	141.6666717529297	1017.25	15963.9169921875	
179.0639953613281	12824.9169921875	640020.	141.6666717529297	892.1666870117188	15421.4169921875	
180.2819976806641	12240.6669921875	661640.	208.3333282470703	950.5833129882813	15822.3330078125	
181.5	12499.4169921875	653660.	183.3333282470703	700.1666870117188	15480.	
182.7180023193359	13050.4169921875	643254.	133.3333282470703	867.0833129882813	16556.916015625	
183.9360046386719	12365.9169921875	652121.75	141.6666717529297	975.5833129882813	16289.9169921875	
185.1540069580078	12541.3330078125	648408.6875	241.6666717529297	958.8333129882813	16773.833984375	
186.3719940185547	12933.5830078125	640104.6875	191.6666717529297	1150.666625976563	16005.9169921875	
187.5899963378906	13083.8330078125	617320.	216.6666717529297	817.25	15588.3330078125	
188.8079986572266	12399.3330078125	619342.	533.6666870117188	1192.333374023438	16047.75	
190.0269927978516	14344.25	630926.	83.33333587646484	1200.666625976563	16456.666015625	
191.2449951171875	14060.4169921875	620447.3125	200.	933.9166870117188	39517.7265625	
192.4629974365234	14319.25	595736.6875	125.	1067.416625976563	15905.5830078125	
193.6809997558594	12240.6669921875	676436.6875	141.6666717529297	1250.916625976563	15571.5	
194.8990020751953	12641.1669921875	662838.	83.33333587646484	825.3333129882813	15196.0830078125	
196.1170043945313	12299.0830078125	583560.	41.66666793823242	766.9166870117188	17892.833984375	
197.3350067138672	13367.5	633331.3125	183.3333282470703	775.25	15796.9169921875	
198.5529937744141	12274.1669921875	627452.6875	266.6666564941406	925.5833129882813	15705.1669921875	
199.77099609375	11739.9169921875	602482.6875	141.6666717529297	858.5833129882813	15613.25	
200.9889984130859	13000.3330078125	605308.6875	141.6666717529297	950.5833129882813	16573.416015625	
202.2079925537109	13843.5	638346.6875	91.66666412353516	933.8333129882813	17132.916015625	
203.4259948730469	12624.5830078125	633580.6875	166.6666717529297	808.6666870117188	15555.	
204.6439971923828	12683.1669921875	630045.5	208.3333282470703	708.5	17099.25	
205.8619995117188	13359.1669921875	620044.	175.	666.8333129882813	16540.166015625	
207.0800018310547	12657.9169921875	651910.8125	208.3333282470703	1017.333312988281	16732.166015625	
208.2980041503906	12182.25	638422.125	158.3333282470703	908.75	16381.4169921875	
209.5160064697266	13108.8330078125	607493.3125	183.3333282470703	742.	16732.25	
210.7339935302734	12616.3330078125	686698.	175.	842.	15329.5830078125	
211.9519958496094	12666.3330078125	621666.6875	208.3333282470703	833.75	17158.166015625	
213.1710052490234	12749.8330078125	598495.3125	116.6666641235352	983.9166870117188	16139.1669921875	
214.3890075683594	12082.0830078125	626923.3125	225.0833282470703	992.3333129882813	15221.	
215.6069946289063	12190.5830078125	587137.8125	233.3333282470703	775.0833129882813	16515.083984375	
216.8249969482422	12115.4169921875	597021.3125	200.	1067.333374023438	15747.	
218.0429992675781	13016.9169921875	622878.6875	208.3333282470703	750.25	17316.833984375	
219.2610015869141	12624.6669921875	636864.875	166.6666717529297	892.	16782.416015625	
220.47900390625	11806.6669921875	609174.	225.	2052.25	15822.1669921875	
221.6970062255859	12349.	604996.	166.6666717529297	717.	15596.6669921875	
222.9149932861328	11773.0830078125	616126.6875	116.6666641235352	942.1666870117188	16840.583984375	
224.1329956054688	13092.0830078125	606889.3125	175.	850.25	15521.5	
225.3520050048828	12507.8330078125	584018.	208.3333282470703	1075.666625976563	15705.0830078125	
226.5700073242188	13217.0830078125	621456.9375	166.6666717529297	808.5833129882813	17358.75	
227.7879943847656	14302.4169921875	622450.	183.3333282470703	867.	16531.583984375	
229.0059967041016	12340.8330078125	610275.3125	133.3333282470703	1034.083374023438	16606.833984375	
230.2239990234375	13342.5	661496.6875	175.	975.4166870117188	16222.9169921875	
231.4420013427734	13183.8330078125	586523.3125	158.3333282470703	925.4166870117188	15655.1669921875	
232.6600036621094	12774.8330078125	603868.	166.6666717529297	1175.75	15379.6669921875	
233.8780059814453	13200.5	605518.6875	108.3333358764648	825.4166870117188	15271.0830078125	
235.0959930419922	13275.6669921875	593134.6875	183.3333282470703	1075.5	15613.0830078125	
236.3139953613281	12065.3330078125	610413.3125	200.	800.3333129882813	15797.1669921875	
237.5330047607422	12466.	597737.3125	100.	1117.416625976563	15621.5	
238.7510070800781	12783.25	602396.6875	275.0833435058594	958.9166870117188	15696.75	
239.968994140625	12816.5830078125	590133.3125	225.	1367.583374023438	15930.5	
241.1869964599609	13225.6669921875	624804.625	208.3333282470703	1042.416625976563	16815.583984375	
242.4049987792969	13325.75	575246.6875	158.3333282470703	800.3333129882813	16130.8330078125	
243.6230010986328	13342.5	608479.3125	200.	17103.416015625	16974.166015625	
244.8410034179688	12833.25	616960.	208.3333282470703	833.75	16465.	
246.0590057373047	12399.25	640017.75	175.	1050.583374023438	16590.166015625	
247.2769927978516	13559.5	599062.	200.	1000.333312988281	14912.	
248.4960021972656	13325.6669921875	569698.	183.3333282470703	1451.083374023438	15788.75	
249.7140045166016	13125.4169921875	591148.6875	416.9166564941406	925.5833129882813	15747.	
250.9320068359375	12240.5830078125	593746.6875	191.6666717529297	833.5833129882813	15237.5	
252.1499938964844	12198.8330078125	576199.3125	208.3333282470703	867.0833129882813	15354.5	
253.3679962158203	12157.1669921875	586396.6875	116.6666641235352	767.	15338.	
254.5859985351563	11748.25	593398.3125	200.	800.3333129882813	15329.5830078125	
255.8040008544922	12407.6669921875	592502.	158.3333282470703	650.0833129882813	16489.916015625	
257.0220031738281	12374.25	611529.625	158.3333282470703	633.4166870117188	15888.9169921875	
258.239990234375	12708.	614720.	133.3333282470703	908.75	16072.5	
259.4580078125	13659.5830078125	602784.6875	175.	1083.916625976563	16089.0830078125	
260.677001953125	13217.1669921875	598150.	233.4166717529297	825.3333129882813	16122.6669921875	
261.8949890136719	12991.75	599134.6875	150.	1059.083374023438	15989.	
263.1130065917969	12415.9169921875	624574.4375	166.6666717529297	658.5	15454.75	
264.3309936523438	12057.1669921875	547870.6875	91.66666412353516	767.	15847.1669921875	
265.5490112304688	12875.1669921875	596527.3125	158.3333282470703	825.3333129882813	15947.3330078125	
266.7669982910156	12532.75	570932.	150.	766.9166870117188	14711.75	
267.9849853515625	12975.25	576167.3125	116.6666641235352	741.8333129882813	15538.4169921875	
269.2030029296875	12716.5	605453.3125	241.6666717529297	1017.166687011719	16164.3330078125	
270.4209899902344	11831.5	569488.	175.	591.8333129882813	15204.	
271.6390075683594	12708.1669921875	583873.3125	100.	875.5	15655.3330078125	
272.8580017089844	12499.5	591864.	141.6666717529297	892.	16281.	
274.0759887695313	12441.0830078125	577368.	83.33333587646484	725.3333129882813	16272.75	
275.2940063476563	12674.75	574948.6875	125.	750.4166870117188	15254.3330078125	
276.5119934082031	11689.9169921875	570890.	183.3333282470703	750.3333129882813	15989.0830078125	
277.7300109863281	11890.0830078125	576309.3125	175.	700.25	14653.25	
278.947998046875	12399.1669921875	571695.3125	150.	817.	15287.6669921875	
280.1659851074219	13242.25	558706.	191.6666717529297	775.4166870117188	15413.1669921875	
281.3840026855469	12791.5830078125	591312.6875	216.6666717529297	775.1666870117188	14937.	
282.6019897460938	13200.6669921875	594260.	183.3333282470703	817.1666870117188	16239.5	
283.8200073242188	13425.9169921875	591940.6875	133.3333282470703	800.25	15095.6669921875	
285.0390014648438	12390.9169921875	542062.6875	150.	742.0833129882813	15329.75	
286.2569885253906	12674.75	588787.3125	175.	658.4166870117188	15805.5830078125	
287.4750061035156	12507.9169921875	589815.3125	116.6666641235352	733.5	16139.3330078125	
288.6929931640625	12207.3330078125	584086.	175.	792.	15463.0830078125	
289.9110107421875	12349.25	589141.3125	158.3333282470703	750.3333129882813	15254.3330078125	
291.1289978027344	12950.0830078125	596418.25	91.66666412353516	767.	15964.0830078125	
292.3469848632813	11714.75	585832.	158.3333282470703	758.5833129882813	16247.8330078125	
293.5650024414063	12482.6669921875	581429.3125	83.33333587646484	783.5833129882813	14928.8330078125	
294.7829895019531	12482.5830078125	593690.	158.3333282470703	817.0833129882813	15797.0830078125	
296.0020141601563	13342.5	552206.6875	141.6666717529297	708.5833129882813	14578.1669921875	
297.2200012207031	11915.0830078125	584912.6875	166.6666717529297	841.9166870117188	15897.1669921875	
298.43798828125	11890.	585244.6875	75.	958.75	16222.9169921875	
299.656005859375	12557.9169921875	581142.	191.6666717529297	783.5833129882813	15621.5	
300.8739929199219	11756.5	569838.6875	166.6666717529297	883.8333129882813	16131.	
302.0920104980469	12658.	558845.3125	166.6666717529297	691.8333129882813	15179.0830078125	
303.3099975585938	12082.0830078125	561916.	158.3333282470703	800.4166870117188	15154.	
304.5280151367188	11764.75	587764.	141.6666717529297	733.75	15730.3330078125	
305.7460021972656	12115.4169921875	574338.	158.3333282470703	917.1666870117188	15755.25	
306.9639892578125	12065.4169921875	549726.6875	225.	666.8333129882813	15112.4169921875	
308.1830139160156	12090.25	567676.6875	183.3333282470703	958.9166870117188	15321.25	
309.4010009765625	11990.3330078125	581280.	141.6666717529297	741.9166870117188	15763.6669921875	
310.6189880371094	12549.5	574822.6875	166.6666717529297	892.0833129882813	14786.8330078125	
311.8370056152344	13609.4169921875	595210.6875	166.6666717529297	900.4166870117188	16206.25	
313.0549926757813	12733.0830078125	578384.6875	225.0833282470703	2878.75	14611.5	
314.2730102539063	15775.8330078125	572170.	191.6666717529297	1810.083374023438	16456.416015625	
315.4909973144531	13509.25	572718.	191.6666717529297	967.1666870117188	17124.666015625	
316.7090148925781	12265.6669921875	578001.3125	133.3333282470703	800.25	15170.6669921875	
317.927001953125	13208.9169921875	600432.6875	150.	917.1666870117188	15663.6669921875	
319.1449890136719	12566.0830078125	575853.3125	183.3333282470703	733.5	15855.6669921875	
320.364013671875	12340.8330078125	534497.3125	133.3333282470703	758.5833129882813	16365.	
321.5820007324219	11915.	563821.3125	108.3333358764648	908.6666870117188	14920.5	
322.7999877929688	11873.3330078125	553483.3125	116.6666641235352	758.5833129882813	14836.9169921875	
324.0180053710938	12399.	555956.6875	175.	1017.25	42373.23046875	
325.2359924316406	13300.75	566753.3125	133.3333282470703	758.5833129882813	14920.4169921875	
326.4540100097656	12299.0830078125	572613.3125	116.6666641235352	867.0833129882813	15897.	
327.6719970703125	12632.9169921875	563505.3125	366.9166564941406	875.4166870117188	14728.5830078125	
328.8900146484375	11831.5830078125	578928.6875	150.	892.25	15947.0830078125	
330.1080017089844	12941.75	570787.3125	158.3333282470703	800.3333129882813	14862.	
331.3269958496094	12574.5	560584.	108.3333358764648	908.6666870117188	15621.5	
332.5450134277344	12733.3330078125	560838.6875	158.3333282470703	708.5	14645.	
333.7630004882813	12315.75	551262.6875	216.6666717529297	1058.916625976563	16531.666015625	
334.9809875488281	25412.166015625	574984.	100.	558.4166870117188	15922.25	
336.1990051269531	11940.0830078125	561620.6875	116.6666641235352	616.9166870117188	14920.5	
337.4169921875	12324.1669921875	545398.	108.3333358764648	1200.833374023438	14786.8330078125	
338.635009765625	12416.0830078125	548931.3125	191.6666717529297	750.25	15187.5830078125	
339.8529968261719	13384.25	576964.	225.	967.3333129882813	15538.1669921875	
341.0710144042969	12207.3330078125	572526.6875	125.	741.9166870117188	16640.333984375	
342.2890014648438	13659.5830078125	583626.	91.66666412353516	741.9166870117188	15387.6669921875	
343.5079956054688	12791.5	561510.	158.3333282470703	683.5833129882813	14753.4169921875	
344.7260131835938	12215.5	572387.3125	183.3333282470703	942.0833129882813	15763.75	
345.9440002441406	12424.25	559972.6875	158.3333282470703	800.25	15496.5830078125	
347.1619873046875	12591.1669921875	568114.6875	175.	783.5833129882813	15404.8330078125	
348.3800048828125	12724.75	540670.6875	233.3333282470703	1083.833374023438	15721.6669921875	
349.5979919433594	13584.5	559991.3125	125.	1075.666625976563	15972.25	
350.8160095214844	13192.3330078125	556974.	441.8333435058594	3714.	15830.4169921875	
352.0339965820313	15496.9169921875	573428.	200.	1317.666625976563	14820.3330078125	
353.2520141601563	12758.1669921875	565712.	175.	29328.896484375	16807.25	
354.4700012207031	13734.9169921875	583588.	300.	1592.75	16106.	
355.6889953613281	13259.0830078125	579150.6875	291.6666564941406	1576.25	16231.1669921875	
356.9070129394531	12365.75	557031.3125	375.1666564941406	5519.	22186.5	
358.125	13083.75	585171.3125	200.	1092.333374023438	14419.5	
359.3429870605469	242433.	570203.3125	400.1666564941406	1434.333374023438	15763.5830078125	
360.5610046386719	12916.75	567413.3125	241.6666717529297	1626.333374023438	15772.25	
361.7789916992188	13309.	550010.	308.4166564941406	1284.25	16523.416015625	
362.9970092773438	13434.5	578928.	241.6666717529297	1359.166625976563	15488.4169921875	
364.2149963378906	13918.8330078125	572209.3125	250.	4958.33349609375	15496.5	
365.4330139160156	12908.5	589418.	500.4166564941406	1534.5	15513.25	
366.6520080566406	13283.9169921875	551930.6875	258.3333435058594	1534.5	17150.083984375	
367.8699951171875	12399.0830078125	579881.3125	283.3333435058594	3470.916748046875	15296.	
369.0880126953125	12599.4169921875	563045.3125	141.6666717529297	1242.416625976563	15772.1669921875	
370.3059997558594	12708.	571646.	208.3333282470703	3721.25	15530.	
371.5239868164063	12299.	581926.6875	216.6666717529297	1509.5	15772.1669921875	
372.7420043945313	12983.5	577004.	191.6666717529297	1058.916625976563	16465.833984375	
373.9599914550781	13100.5	565857.3125	300.1666564941406	1034.	15170.6669921875	
375.1780090332031	12466.	551379.3125	200.	1251.	16047.4169921875	
376.39599609375	12532.75	570522.	150.	758.6666870117188	14953.8330078125	
377.614013671875	13033.6669921875	606105.3125	166.6666717529297	858.8333129882813	14628.25	
378.8330078125	13718.	573455.3125	116.6666641235352	967.25	15922.1669921875	
380.0509948730469	12390.8330078125	580159.3125	125.	725.4166870117188	14995.8330078125	
381.2690124511719	13459.25	571423.3125	150.	908.9166870117188	14912.	
382.4869995117188	11531.1669921875	588117.3125	175.	775.25	16506.916015625	
383.7049865722656	12432.75	575382.	191.6666717529297	808.6666870117188	14553.25	
384.9230041503906	13150.4169921875	568720.	100.	992.1666870117188	15680.1669921875	
386.1409912109375	13058.5830078125	552021.3125	158.3333282470703	850.4166870117188	15145.9169921875	
387.3590087890625	12975.25	558042.6875	158.3333282470703	1192.416625976563	16072.5	
388.5769958496094	12474.25	555432.6875	258.3333435058594	791.9166870117188	15529.9169921875	
389.7950134277344	13367.4169921875	586083.3125	225.	825.25	14678.4169921875	
391.0140075683594	12532.8330078125	548637.3125	200.	641.75	16281.0830078125	
392.2319946289063	12307.3330078125	550976.6875	141.6666717529297	842.	15279.4169921875	
393.4500122070313	12466.	574950.	233.3333282470703	758.5833129882813	14803.5830078125	
394.6679992675781	11789.9169921875	556272.	158.3333282470703	750.25	15279.3330078125	
395.885986328125	12173.8330078125	571248.	208.3333282470703	950.4166870117188	15471.8330078125	
397.10400390625	12649.5830078125	562614.6875	166.6666717529297	967.1666870117188	15262.6669921875	
398.3219909667969	12541.0830078125	565868.6875	91.66666412353516	1534.5	14745.	
399.5400085449219	11798.0830078125	569900.	183.3333282470703	1008.833312988281	15396.4169921875	
400.7579956054688	11965.25	572614.6875	200.	850.4166870117188	14502.8330078125	
401.9760131835938	13008.6669921875	554594.	125.	758.6666870117188	16540.583984375	
403.1950073242188	13760.25	556348.6875	3556.833251953125	741.8333129882813	17367.083984375	
404.4129943847656	11856.9169921875	559040.6875	166.6666717529297	975.4166870117188	14561.5	
405.6310119628906	17260.75	556087.3125	108.3333358764648	1309.333374023438	14903.9169921875	
406.8489990234375	12858.4169921875	569307.3125	258.4166564941406	2519.416748046875	15529.9169921875	
408.0669860839844	29393.517578125	549832.	183.3333282470703	1517.666625976563	39135.30078125	
409.2850036621094	18163.583984375	572206.	125.	1209.083374023438	14578.25	
410.5029907226563	23951.5	551517.3125	433.6666564941406	1042.25	15513.	
411.7210083007813	18110.916015625	567379.3125	158.3333282470703	1167.416625976563	14160.6669921875	
412.9389953613281	16724.083984375	594859.3125	283.3333435058594	1042.25	15054.0830078125	
414.1579895019531	18060.416015625	581856.6875	550.3333129882813	1376.	15713.8330078125	
415.3760070800781	17984.166015625	559870.6875	200.	1809.75	16924.333984375	
416.593994140625	32654.25	562110.	225.	1134.	14377.8330078125	
417.81201171875	67306.5859375	549756.	275.0833435058594	1743.083374023438	16114.3330078125	
419.0299987792969	14361.1669921875	588046.6875	850.6666870117188	1017.333312988281	14336.1669921875	
420.2479858398438	121858.1640625	555701.3125	258.3333435058594	1050.75	16381.5	
421.4660034179688	29686.25	561496.6875	175.	8704.0830078125	14995.5830078125	
422.6839904785156	19022.	546233.3125	258.3333435058594	1008.916687011719	15454.6669921875	
423.9020080566406	23180.5	552122.	316.6666564941406	1334.333374023438	16331.5	
425.1199951171875	14953.9169921875	578126.6875	358.5	1083.916625976563	15680.25	
426.3389892578125	14586.3330078125	576488.6875	175.	1100.666625976563	15596.6669921875	
427.5570068359375	15629.9169921875	551029.3125	241.6666717529297	1317.416625976563	15521.5830078125	
428.7749938964844	13634.6669921875	566668.6875	150.	1793.083374023438	15337.8330078125	
429.9930114746094	15797.	574058.6875	116.6666641235352	1158.916625976563	15029.1669921875	
431.2109985351563	34372.25	560351.3125	91.66666412353516	7972.16650390625	15346.1669921875	
432.4289855957031	25255.666015625	549800.	166.6666717529297	1434.416625976563	15162.5	
433.6470031738281	15087.25	550278.6875	183.3333282470703	983.9166870117188	16081.	
434.864990234375	12499.4169921875	553083.3125	175.0833282470703	958.8333129882813	16231.3330078125	
436.0830078125	13125.3330078125	568154.6875	141.6666717529297	892.1666870117188	16089.0830078125	
437.3009948730469	12975.25	545786.6875	125.	1134.	15321.3330078125	
438.5199890136719	12850.	550065.3125	216.6666717529297	1067.416625976563	14502.9169921875	
439.7380065917969	13676.4169921875	580088.	183.3333282470703	1451.166625976563	15429.5830078125	
440.9559936523438	13083.75	544944.	150.	1109.166625976563	14369.3330078125	
442.1740112304688	12816.4169921875	564683.3125	125.	1451.166625976563	13968.6669921875	
443.3919982910156	13359.3330078125	566632.6875	100.	1017.166687011719	15087.3330078125	
444.6099853515625	63493.66015625	547241.3125	91.66666412353516	850.3333129882813	15020.5830078125	
445.8280029296875	12941.8330078125	554557.125	308.4166564941406	1059.083374023438	15204.4169921875	
447.0459899902344	12908.4169921875	541723.3125	150.	700.25	15154.3330078125	
448.2640075683594	12591.3330078125	531848.	91.66666412353516	691.8333129882813	15730.3330078125	
449.4830017089844	19321.833984375	554084.	166.6666717529297	917.0833129882813	15062.3330078125	
450.7009887695313	12774.8330078125	543279.3125	100.	783.5833129882813	14820.3330078125	
451.9190063476563	12908.5	556194.	150.	758.6666870117188	14703.5830078125	
453.1369934082031	12858.3330078125	542104.	191.6666717529297	883.8333129882813	14895.5	
454.3550109863281	12324.0830078125	553267.3125	158.3333282470703	758.5833129882813	15087.25	
455.572998046875	12774.8330078125	547791.3125	200.	783.75	14386.	
456.7909851074219	11956.75	553148.	133.3333282470703	1067.333374023438	14995.6669921875	
458.0090026855469	11865.	558735.3125	141.6666717529297	733.5833129882813	14962.1669921875	
459.2269897460938	12783.4169921875	555711.3125	108.3333358764648	717.	15404.75	
460.4450073242188	11706.3330078125	568501.3125	133.3333282470703	633.5833129882813	16866.	
461.6640014648438	11689.5830078125	571156.6875	166.6666717529297	700.25	14152.5	
462.8819885253906	11489.25	538061.3125	175.	550.	15496.6669921875	
464.1000061035156	12282.3330078125	594798.875	225.	1042.25	15780.1669921875	
465.3179931640625	12198.8330078125	526967.3125	150.	775.25	15195.8330078125	
466.5360107421875	11581.25	567252.	200.	867.	14068.8330078125	
467.7539978027344	12440.9169921875	546981.3125	116.6666641235352	875.3333129882813	14469.5	
468.9719848632813	11347.5	559382.	116.6666641235352	1326.	14937.0830078125	
470.1900024414063	12708.0830078125	542826.6875	150.	1058.916625976563	14828.75	
471.4079895019531	12290.5830078125	530994.	241.6666717529297	1217.583374023438	14461.25	
472.6260070800781	12432.5	540113.3125	133.3333282470703	2160.5	15079.3330078125	
473.8450012207031	12491.0830078125	576540.6875	150.	850.5	14995.6669921875	
475.06298828125	11748.0830078125	543426.6875	158.3333282470703	766.9166870117188	14962.25	
476.281005859375	11631.25	574186.	175.	691.9166870117188	15496.5	
477.4989929199219	11773.1669921875	548414.	158.3333282470703	1092.333374023438	14720.1669921875	
478.7170104980469	12082.0830078125	553020.	141.6666717529297	1225.666625976563	14569.75	
479.9349975585938	12315.8330078125	569526.6875	166.6666717529297	7026.33349609375	15220.9169921875	
481.1530151367188	11965.1669921875	578366.6875	200.	725.25	14611.4169921875	
482.3710021972656	12132.0830078125	555681.3125	1610.166625976563	958.6666870117188	15154.25	
483.5889892578125	12357.5830078125	539549.3125	216.6666717529297	792.	14903.75	
484.8070068359375	12490.9169921875	531104.6875	175.	1450.916625976563	14394.5830078125	
486.0260009765625	12491.	533895.3125	133.3333282470703	850.3333129882813	14110.5830078125	
487.2439880371094	11472.75	570476.	191.6666717529297	1701.416625976563	16214.4169921875	
488.4620056152344	12223.75	565873.3125	141.6666717529297	1576.25	15179.1669921875	
489.6799926757813	12649.75	589514.5	60463.29296875	1676.416625976563	15045.5830078125	
490.8980102539063	13259.	571877.3125	1142.833374023438	1342.583374023438	14861.9169921875	
492.1159973144531	12699.75	563627.3125	166.6666717529297	4532.25	15095.75	
493.3340148925781	13793.25	575812.6875	116.6666641235352	1209.166625976563	14837.	
494.552001953125	12908.3330078125	526446.6875	166.6666717529297	1075.583374023438	15028.9169921875	
495.7699890136719	13576.25	554599.3125	233.3333282470703	1017.166687011719	14878.9169921875	
496.989013671875	12474.4169921875	561568.	133.3333282470703	858.75	15730.4169921875	
498.2070007324219	13050.3330078125	534616.	91.66666412353516	850.4166870117188	16282.3330078125	
499.4249877929688	12733.25	560322.6875	191.6666717529297	950.5	15563.3330078125	
500.6430053710938	11180.5830078125	548564.	316.8333435058594	942.0833129882813	14528.1669921875	
501.8609924316406	11906.5	590914.6875	191.6666717529297	1451.	14828.8330078125	
503.0790100097656	12657.8330078125	562423.3125	208.3333282470703	1492.75	15387.9169921875	
504.2969970703125	13083.75	558266.6875	366.75	2644.333251953125	15571.4169921875	
505.5150146484375	14168.9169921875	577677.3125	183.3333282470703	1717.833374023438	15680.3330078125	
506.7330017089844	13751.6669921875	563146.6875	308.3333435058594	1935.166625976563	16564.916015625	
507.9509887695313	13651.4169921875	583803.3125	516.9166870117188	3203.666748046875	16197.9169921875	
509.1700134277344	12816.5	594411.3125	316.6666564941406	1476.	15179.25	
510.3880004882813	14027.0830078125	573055.3125	183.3333282470703	1576.166625976563	17133.083984375	
511.6059875488281	15246.1669921875	585237.3125	166.6666717529297	2009.833374023438	15538.1669921875	
512.823974609375	15882.6669921875	553951.4375	1401.666625976563	1684.666625976563	15362.8330078125	
514.0419921875	14619.75	555053.3125	208.3333282470703	2143.666748046875	13960.4169921875	
515.260009765625	14286.5	555938.	333.4166564941406	1709.75	14795.1669921875	
516.47802734375	18811.916015625	557450.6875	642.25	983.8333129882813	17969.416015625	
517.6959838867188	13509.5	555314.	250.	1125.583374023438	16724.916015625	
518.9140014648438	12657.9169921875	552282.6875	283.3333435058594	2811.333251953125	14753.25	
520.1320190429688	12649.5	554930.6875	166.6666717529297	875.4166870117188	14778.4169921875	
521.3510131835938	12591.25	547504.	233.3333282470703	1108.833374023438	14703.4169921875	
522.5689697265625	12190.4169921875	562406.6875	175.	4081.666748046875	16022.3330078125	
523.7869873046875	12032.0830078125	571872.6875	191.6666717529297	850.5	15321.3330078125	
525.0050048828125	12357.5	526248.	175.	917.1666870117188	14928.75	
526.2230224609375	12574.5	536876.	191.6666717529297	1033.916625976563	14920.3330078125	
527.4409790039063	12032.	550843.3125	133.3333282470703	1050.666625976563	13901.9169921875	
528.6589965820313	12457.6669921875	545108.6875	225.	992.1666870117188	15554.75	
529.8770141601563	12031.8330078125	577380.125	158.3333282470703	875.4166870117188	15738.3330078125	
531.094970703125	12107.	548206.	133.3333282470703	850.3333129882813	14887.0830078125	
532.3140258789063	11614.4169921875	547697.3125	133.3333282470703	1342.75	15070.8330078125	
533.531982421875	11981.9169921875	539386.	175.	908.75	14219.0830078125	
534.75	12274.	547372.	208.3333282470703	833.75	15229.3330078125	
535.968017578125	12031.9169921875	556450.	216.6666717529297	683.5	15621.75	
537.1859741210938	13167.4169921875	540247.3125	150.	708.3333129882813	14878.6669921875	
538.4039916992188	11840.	578358.125	108.3333358764648	633.5	14194.0830078125	
539.6220092773438	12616.25	544405.3125	158.3333282470703	658.5	14519.6669921875	
540.8400268554688	11848.3330078125	532708.	125.	867.0833129882813	14878.8330078125	
542.0579833984375	12123.6669921875	552470.	175.	833.6666870117188	15329.5	
543.2760009765625	13193.0830078125	530208.6875	116.6666641235352	850.25	15964.	
544.4949951171875	11255.75	532239.3125	141.6666717529297	800.25	14444.4169921875	
545.7130126953125	11714.6669921875	530796.6875	150.	641.9166870117188	14519.75	
546.9310302734375	12282.4169921875	548916.6875	125.	716.8333129882813	15029.	
548.1489868164063	11698.25	528716.6875	183.3333282470703	1100.583374023438	15463.0830078125	
549.3670043945313	11681.4169921875	546164.6875	191.6666717529297	908.8333129882813	14486.3330078125	
550.5850219726563	11472.5830078125	549928.6875	158.3333282470703	925.3333129882813	15120.6669921875	
551.802978515625	11597.8330078125	548824.	200.	767.0833129882813	15287.75	
553.02099609375	12082.	541647.3125	133.3333282470703	950.6666870117188	15070.5830078125	
554.239013671875	11898.5	538290.6875	158.3333282470703	800.3333129882813	14720.	
555.4569702148438	11773.1669921875	541072.	200.	783.5833129882813	14694.9169921875	
556.676025390625	11714.75	533582.	108.3333358764648	858.75	15221.	
557.8939819335938	12566.25	543004.6875	100.	658.5	15329.5830078125	
559.1119995117188	12232.25	555931.3125	158.3333282470703	750.3333129882813	15321.	
560.3300170898438	12132.1669921875	530881.3125	166.6666717529297	2544.833251953125	15387.75	
561.5479736328125	11589.5	536633.3125	125.	1150.583374023438	15279.4169921875	
562.7659912109375	12858.25	541636.	125.	908.75	14870.4169921875	
563.9840087890625	12783.1669921875	562942.	241.75	1025.416625976563	14152.3330078125	
565.2020263671875	12491.1669921875	542860.6875	191.6666717529297	992.1666870117188	14511.4169921875	
566.4199829101563	12374.0830078125	546326.	216.6666717529297	867.0833129882813	14845.3330078125	
567.6389770507813	12299.1669921875	539719.3125	225.	783.6666870117188	15488.0830078125	
568.8569946289063	12958.4169921875	544996.6875	150.	925.5833129882813	14336.	
570.0750122070313	13476.	540614.	166.6666717529297	875.4166870117188	14452.8330078125	
571.2930297851563	11915.0830078125	534785.3125	108.3333358764648	867.25	14711.6669921875	
572.510986328125	12182.3330078125	531526.6875	108.3333358764648	958.8333129882813	14302.6669921875	
573.72900390625	12232.25	547943.3125	150.	883.6666870117188	15154.4169921875	
574.947021484375	11297.5830078125	562859.3125	225.	675.25	15605.	
576.1649780273438	12808.	529202.	141.6666717529297	1017.166687011719	15179.1669921875	
577.3829956054688	12040.4169921875	582485.	200.	716.9166870117188	15421.1669921875	
578.6010131835938	12499.3330078125	535512.	191.6666717529297	817.	15613.25	
579.8200073242188	12006.75	535929.3125	183.3333282470703	900.4166870117188	14277.5830078125	
581.0380249023438	11948.5	534230.6875	66.66666412353516	758.75	14419.4169921875	
582.2559814453125	12975.25	531636.6875	183.3333282470703	908.9166870117188	14694.8330078125	
583.4739990234375	12240.5830078125	557765.3125	150.	758.6666870117188	14602.9169921875	
584.6920166015625	12724.8330078125	532930.	150.	742.	14920.75	
585.9099731445313	12390.9169921875	537410.6875	183.3333282470703	833.5833129882813	15371.25	
587.1279907226563	12207.3330078125	544390.6875	141.6666717529297	775.1666870117188	13877.0830078125	
588.3460083007813	12466.	584832.5	158.3333282470703	725.25	14394.5	
589.5640258789063	12791.5	515788.	400.1666564941406	1008.916687011719	14586.4169921875	
590.781982421875	11890.	550534.	200.	817.0833129882813	15813.75	
592.0009765625	11956.9169921875	526040.	108.3333358764648	833.6666870117188	14169.25	
593.218994140625	11623.1669921875	537902.6875	150.	1225.916625976563	15179.3330078125	
594.43701171875	12449.3330078125	549894.	133.3333282470703	842.25	15012.5	
595.655029296875	12566.0830078125	566298.	83.33333587646484	758.6666870117188	14661.75	
596.8729858398438	12023.5830078125	534439.3125	233.4166717529297	958.75	14436.1669921875	
598.0910034179688	11948.5830078125	534156.	116.6666641235352	892.1666870117188	15012.	
599.3090209960938	12048.6669921875	523314.65625	133.3333282470703	825.3333129882813	16431.583984375	
600.5269775390625	12015.1669921875	557606.	125.	883.9166870117188	14494.5	
601.7449951171875	11915.	544942.6875	166.6666717529297	2394.416748046875	14102.25	
602.9630126953125	11931.8330078125	533952.	116.6666641235352	783.6666870117188	14519.8330078125	
604.1820068359375	11021.9169921875	526150.6875	166.6666717529297	691.75	15362.8330078125	
605.4000244140625	11823.3330078125	541038.6875	150.	750.25	15621.8330078125	
606.6179809570313	11447.75	551664.6875	166.6666717529297	833.6666870117188	14135.5830078125	
607.8359985351563	13117.3330078125	522495.34375	75.	1467.75	15730.1669921875	
609.0540161132813	11865.	546875.3125	166.6666717529297	766.9166870117188	14619.75	
610.27197265625	11598.	546822.6875	166.6666717529297	825.4166870117188	14836.9169921875	
611.489990234375	12816.5830078125	545775.3125	158.3333282470703	825.4166870117188	16707.083984375	
612.7080078125	11531.0830078125	533112.	133.3333282470703	858.6666870117188	14361.25	
613.926025390625	11506.	545011.3125	116.6666641235352	917.	15671.8330078125	
615.14501953125	11781.5830078125	531504.6875	241.6666717529297	4131.	15738.6669921875	
616.3629760742188	12299.	550044.6875	183.3333282470703	1342.666625976563	15087.5	
617.5809936523438	11723.0830078125	540538.	200.	1609.833374023438	15029.0830078125	
618.7990112304688	11639.5830078125	563106.6875	133.3333282470703	1067.416625976563	14928.75	
620.0170288085938	11122.1669921875	529812.	125.	800.3333129882813	14978.75	
621.2349853515625	10871.75	557700.	175.	750.1666870117188	14928.9169921875	
622.4530029296875	12399.	502109.34375	141.6666717529297	1067.25	14219.0830078125	
623.6710205078125	12140.5830078125	544095.3125	116.6666641235352	1100.833374023438	14310.9169921875	
624.8889770507813	12874.9169921875	535737.3125	125.	1109.	14536.4169921875	
626.1069946289063	12298.9169921875	567682.6875	133.3333282470703	1417.666625976563	14786.8330078125	
627.3259887695313	12457.5830078125	552546.	150.	925.5833129882813	15287.9169921875	
628.5440063476563	11723.1669921875	531506.	116.6666641235352	1033.916625976563	13918.75	
629.7620239257813	12440.9169921875	548964.6875	133.3333282470703	875.5	15654.8330078125	
630.97998046875	12933.5	533980.	183.3333282470703	2060.166748046875	15797.	
632.197998046875	12666.3330078125	552443.3125	108.3333358764648	725.1666870117188	15772.0830078125	
633.416015625	11940.3330078125	554699.3125	116.6666641235352	775.4166870117188	14511.4169921875	
634.6339721679688	13459.3330078125	524188.	116.6666641235352	992.25	15663.5	
635.8519897460938	12449.3330078125	544454.6875	116.6666641235352	766.9166870117188	15020.5	
637.0700073242188	11856.6669921875	554801.3125	133.3333282470703	691.9166870117188	14494.8330078125	
638.2880249023438	12599.5	517820.	91.66666412353516	833.6666870117188	14043.75	
639.5070190429688	11781.5830078125	544360.	225.	1000.5	15254.5	
640.7249755859375	12624.6669921875	529972.	175.	750.1666870117188	14344.5	
641.9429931640625	12407.5	508062.	200.	708.6666870117188	14545.	
643.1610107421875	13392.4169921875	540226.6875	108.3333358764648	1042.25	14377.6669921875	
644.3790283203125	11998.75	555091.3125	166.6666717529297	1726.583374023438	13643.1669921875	
645.5969848632813	12274.	548847.3125	150.	742.0833129882813	13459.3330078125	
646.8150024414063	12582.8330078125	548567.3125	116.6666641235352	917.1666870117188	14294.3330078125	
648.0330200195313	12699.6669921875	545358.6875	150.	883.6666870117188	14620.	
649.2509765625	12958.5	542943.3125	150.	1718.083374023438	14010.5	
650.469970703125	12599.5	535066.	108.3333358764648	808.75	13943.6669921875	
651.68798828125	12616.4169921875	530892.6875	191.6666717529297	825.5	14628.3330078125	
652.906005859375	11439.3330078125	535534.6875	150.	1417.666625976563	15304.25	
654.1240234375	12766.5	530402.6875	125.	858.8333129882813	14119.0830078125	
655.3419799804688	11723.0830078125	524304.6875	183.3333282470703	917.0833129882813	14478.	
656.5599975585938	11723.0830078125	552048.	200.	1058.916625976563	14595.	
657.7780151367188	11814.9169921875	526840.6875	116.6666641235352	933.75	14528.1669921875	
658.9959716796875	12307.4169921875	519188.65625	191.6666717529297	1159.083374023438	14803.6669921875	
660.2139892578125	12457.6669921875	522190.	158.3333282470703	725.3333129882813	15688.5830078125	
661.4320068359375	16903.5	514530.	125.	1092.416625976563	14803.75	
662.6510009765625	11973.5	525672.6875	133.3333282470703	766.9166870117188	13910.25	
663.8690185546875	11414.3330078125	524854.	225.	900.5	15387.9169921875	
665.0869750976563	12491.1669921875	528478.	200.	883.8333129882813	14461.1669921875	
666.3049926757813	12190.4169921875	511806.	125.	817.0833129882813	13935.25	
667.5230102539063	12015.3330078125	531466.	141.6666717529297	975.4166870117188	14369.5830078125	
668.7410278320313	13108.5830078125	533134.	175.	1025.583374023438	16055.8330078125	
669.958984375	12115.5	514812.	166.6666717529297	925.4166870117188	14310.9169921875	
671.177001953125	11864.9169921875	544890.6875	116.6666641235352	6055.75	14995.5	
672.39501953125	11255.6669921875	516692.	133.3333282470703	800.25	14478.	
673.6129760742188	12031.8330078125	534396.6875	158.3333282470703	741.8333129882813	14144.	
674.8319702148438	12315.6669921875	526948.6875	66.66666412353516	792.0833129882813	14394.5	
676.0499877929688	12115.5830078125	525662.	133.3333282470703	758.6666870117188	14736.8330078125	
677.2680053710938	11648.	519338.	116.6666641235352	1676.5	15254.5	
678.4860229492188	12140.3330078125	556504.6875	83.33333587646484	850.3333129882813	14811.9169921875	
679.7039794921875	11731.3330078125	531612.	108.3333358764648	1684.833374023438	14728.4169921875	
680.9219970703125	12032.	585307.4375	125.	925.3333129882813	15054.1669921875	
682.1400146484375	12432.4169921875	557500.6875	133.3333282470703	1501.166625976563	14144.25	
683.3579711914063	12482.75	525104.6875	266.6666564941406	14821.3330078125	13835.1669921875	
684.5759887695313	12524.5	554980.6875	125.	967.25	14160.75	
685.7949829101563	13192.0830078125	533440.6875	150.	983.8333129882813	14461.25	
687.0130004882813	11005.25	561273.3125	166.6666717529297	11355.4169921875	13701.5	
688.2310180664063	12340.8330078125	529000.6875	133.3333282470703	1492.833374023438	14828.6669921875	
689.448974609375	11539.4169921875	553023.3125	225.	1300.833374023438	14202.6669921875	
690.6669921875	11890.1669921875	545859.3125	150.	1484.583374023438	13751.75	
691.885009765625	12132.	542015.3125	183.3333282470703	1484.416625976563	14903.5830078125	
693.10302734375	12774.8330078125	562344.6875	141.6666717529297	1209.	14862.1669921875	
694.3209838867188	11606.3330078125	553965.3125	175.	1017.25	14219.0830078125	
695.5390014648438	12574.6669921875	596313.5	225.	2460.75	13818.3330078125	
696.7570190429688	12248.8330078125	521876.	125.	942.1666870117188	15471.75	
697.9760131835938	11789.8330078125	551574.	150.	1325.833374023438	14411.1669921875	
699.1939697265625	11355.9169921875	525007.3125	166.6666717529297	908.8333129882813	14094.	
700.4119873046875	13467.8330078125	554492.6875	275.	1025.583374023438	15304.4169921875	
701.6300048828125	12866.8330078125	544426.6875	175.	1050.583374023438	14903.9169921875	
702.8480224609375	11597.8330078125	536863.3125	116.6666641235352	1042.166625976563	14536.5	
704.0659790039063	13568.5830078125	548000.	200.	1326.	13643.1669921875	
705.2839965820313	11698.	538751.3125	208.3333282470703	900.3333129882813	15838.75	
706.5020141601563	12908.3330078125	565176.125	183.3333282470703	1342.583374023438	15179.3330078125	
707.719970703125	14177.5	595258.375	175.	1042.333374023438	15195.75	
708.93798828125	12958.5	555014.	108.3333358764648	1075.583374023438	15696.9169921875	
710.156982421875	16808.583984375	542718.	183.3333282470703	1084.	14369.5830078125	
711.375	12215.5	533017.3125	150.	1267.583374023438	14219.3330078125	
712.593017578125	12541.0830078125	546990.6875	141.6666717529297	1042.25	13685.	
713.8109741210938	12023.75	551270.6875	208.3333282470703	958.75	13443.	
715.0289916992188	14044.25	552272.6875	183.3333282470703	1526.166625976563	14311.1669921875	
716.2470092773438	13476.1669921875	536440.6875	150.	1042.166625976563	14302.9169921875	
717.4650268554688	11806.5830078125	548718.	133.3333282470703	2878.583251953125	14152.6669921875	
718.6829833984375	13300.6669921875	542240.6875	133.3333282470703	883.6666870117188	14444.5830078125	
719.9010009765625	13718.25	556069.3125	158.3333282470703	4700.08349609375	13951.9169921875	
721.1190185546875	12916.75	532038.	150.	892.	14862.	
722.3380126953125	11622.9169921875	537957.3125	166.6666717529297	758.5833129882813	14436.1669921875	
723.5560302734375	12315.8330078125	543587.3125	175.	1108.916625976563	14695.3330078125	
724.7739868164063	12683.0830078125	526718.6875	208.3333282470703	850.3333129882813	13659.8330078125	
725.9920043945313	12449.4169921875	553723.3125	175.	858.75	16616.583984375	
727.2100219726563	12474.4169921875	597212.6875	200.	1017.333312988281	15003.9169921875	
728.427978515625	13041.9169921875	553725.3125	150.	975.5833129882813	14561.4169921875	
729.64599609375	12357.5830078125	535274.6875	250.	1167.416625976563	14862.1669921875	
730.864013671875	11798.1669921875	554302.0625	216.6666717529297	967.3333129882813	14494.75	
732.0819702148438	13234.0830078125	542100.	116.6666641235352	975.5	13877.0830078125	
733.301025390625	12724.8330078125	595737.3125	141.6666717529297	1242.333374023438	15120.9169921875	
734.5189819335938	12399.1669921875	569955.6875	200.	1125.666625976563	14252.6669921875	
735.7369995117188	13609.8330078125	561520.	166.6666717529297	1609.583374023438	16030.8330078125	
736.9550170898438	11339.25	554905.4375	150.	1000.666687011719	14444.75	
738.1729736328125	13476.1669921875	552788.6875	308.4166564941406	1008.833312988281	14002.0830078125	
739.3909912109375	12173.6669921875	551551.3125	133.3333282470703	1342.583374023438	14286.0830078125	
740.6090087890625	12541.3330078125	557087.125	141.6666717529297	1108.916625976563	14244.5	
741.8270263671875	23499.5	549564.6875	108.3333358764648	933.75	15688.4169921875	
743.0449829101563	11247.4169921875	510362.	191.6666717529297	758.75	15078.8330078125	
744.2630004882813	11689.5830078125	527816.6875	233.3333282470703	1192.333374023438	14219.	
745.4819946289063	11372.5	549078.	225.	1150.833374023438	14052.25	
746.7000122070313	11681.3330078125	570674.9375	183.3333282470703	1092.333374023438	13701.75	
747.9180297851563	11923.4169921875	537508.6875	308.4166564941406	1417.75	14795.25	
749.135986328125	11698.1669921875	540334.6875	208.3333282470703	942.0833129882813	14803.75	
750.35400390625	12733.	551362.6875	158.3333282470703	1334.166625976563	14093.9169921875	
751.572021484375	11656.4169921875	538103.3125	200.	733.6666870117188	14703.25	
752.7899780273438	11147.1669921875	543494.	216.6666717529297	1025.666625976563	14369.25	
754.0079956054688	11606.0830078125	520534.65625	175.	1008.833312988281	14486.0830078125	
755.2260131835938	12132.1669921875	547173.3125	133.3333282470703	1292.666625976563	14319.4169921875	
756.4439697265625	12583.25	528321.3125	116.6666641235352	1050.583374023438	14970.6669921875	
757.6630249023438	13050.4169921875	567136.25	158.3333282470703	1684.75	14745.0830078125	
758.8809814453125	12298.9169921875	542761.3125	133.3333282470703	942.1666870117188	14486.4169921875	
760.0989990234375	11656.3330078125	565018.	150.	1042.25	14010.5830078125	
761.3170166015625	12516.25	535270.	208.3333282470703	2135.416748046875	13902.25	
762.5349731445313	11731.3330078125	537546.6875	275.	1559.583374023438	13626.5	
763.7529907226563	12107.	545694.6875	100.	1159.083374023438	14528.0830078125	
764.9710083007813	14513.1669921875	564660.6875	158.3333282470703	1417.583374023438	15020.6669921875	
766.1890258789063	11998.4169921875	544875.3125	175.0833282470703	983.8333129882813	13543.0830078125	
767.406982421875	12132.	524201.34375	166.6666717529297	1075.666625976563	13726.75	
768.6259765625	11489.3330078125	535444.	141.6666717529297	1217.583374023438	15037.1669921875	
769.843994140625	11806.6669921875	537083.3125	191.6666717529297	1367.75	13985.5830078125	
771.06201171875	12399.25	546098.6875	225.	1259.166625976563	14678.4169921875	
772.280029296875	12532.75	513638.	125.	1993.333374023438	14795.3330078125	
773.4979858398438	11723.25	506710.	133.3333282470703	1325.75	13785.0830078125	
774.7160034179688	12298.9169921875	542103.3125	166.6666717529297	1259.166625976563	16331.5	
775.9340209960938	11639.5830078125	556176.	166.6666717529297	2126.833251953125	14269.4169921875	
777.1519775390625	14554.3330078125	528411.3125	133.3333282470703	1050.5	13926.9169921875	
778.3699951171875	12407.5830078125	558692.	141.6666717529297	1250.75	14419.4169921875	
779.5880126953125	13000.25	540616.	150.	5084.58349609375	15046.	
780.8070068359375	12240.6669921875	542758.	191.6666717529297	1125.75	14461.25	
782.0250244140625	11806.5	531546.	233.3333282470703	21752.2734375	15145.75	
783.2429809570313	11806.5830078125	546404.	166.6666717529297	892.0833129882813	14302.6669921875	
784.4609985351563	13158.6669921875	526569.3125	108.3333358764648	942.0833129882813	14018.5830078125	
785.6790161132813	12390.8330078125	535470.6875	241.6666717529297	950.5	14411.3330078125	
786.89697265625	11697.9169921875	533433.3125	125.	1659.5	14920.3330078125	
788.114990234375	11614.6669921875	534680.6875	158.3333282470703	1159.	13643.1669921875	
789.3330078125	12349.0830078125	619286.75	133.3333282470703	1342.666625976563	14862.	
790.551025390625	12582.9169921875	517784.65625	108.3333358764648	1225.833374023438	14937.0830078125	
791.7689819335938	11455.9169921875	537811.3125	200.	942.	13626.4169921875	
792.9879760742188	11806.5	558094.	175.	2694.833251953125	14227.5	
794.2059936523438	12749.75	568396.4375	150.	2135.083251953125	14302.6669921875	
795.4240112304688	11614.5830078125	540325.3125	158.3333282470703	1859.833374023438	14912.	
796.6420288085938	12132.25	555428.	150.	1000.5	15863.9169921875	
797.8599853515625	11931.75	635105.5625	141.6666717529297	3805.083251953125	15746.9169921875	
799.0780029296875	13242.6669921875	538184.375	133.3333282470703	1551.166625976563	13951.8330078125	
800.2960205078125	13209.25	549918.6875	158.3333282470703	1117.5	13977.0830078125	
801.5139770507813	12666.4169921875	525252.	166.6666717529297	1067.25	14761.9169921875	
802.7319946289063	13309.	553017.25	158.3333282470703	1459.5	13927.25	
803.9509887695313	12224.	546096.	150.	1534.5	13843.6669921875	
805.1690063476563	11522.75	541605.3125	150.	1083.916625976563	15788.75	
806.3870239257813	12007.	550330.6875	141.6666717529297	975.4166870117188	14953.75	
807.60498046875	14345.25	543692.6875	91.66666412353516	1033.916625976563	13910.5	
808.822998046875	12223.8330078125	543652.6875	150.	1859.833374023438	14519.75	
810.041015625	12925.	525226.	200.	196774.125	14970.5830078125	
811.2589721679688	12090.4169921875	517154.65625	116.6666641235352	808.5833129882813	14152.5	
812.4769897460938	12541.25	542708.6875	166.6666717529297	850.4166870117188	14628.3330078125	
813.6950073242188	11706.5	549758.6875	150.	2552.916748046875	14377.75	
814.9130249023438	11506.1669921875	507033.34375	133.3333282470703	1668.083374023438	14169.0830078125	
816.1320190429688	11923.3330078125	563788.6875	191.6666717529297	1058.833374023438	14444.6669921875	
817.3499755859375	10955.1669921875	530413.3125	83.33333587646484	1342.5	13868.5	
818.5679931640625	11756.5	562486.5	158.3333282470703	1209.166625976563	14294.1669921875	
819.7860107421875	11197.1669921875	510928.65625	166.6666717529297	867.	13676.5830078125	
821.0040283203125	11305.75	533834.6875	183.3333282470703	708.5833129882813	14110.5830078125	
822.2219848632813	11923.5	529020.	183.3333282470703	750.25	14352.8330078125	
823.4400024414063	11856.6669921875	512708.65625	166.6666717529297	833.6666870117188	13559.4169921875	
824.6580200195313	11906.6669921875	577550.	133.3333282470703	933.6666870117188	13885.3330078125	
825.8759765625	10913.3330078125	545720.6875	141.6666717529297	650.0833129882813	14177.5	
827.093994140625	12173.75	536045.3125	158.3333282470703	858.6666870117188	14536.5	
828.31298828125	11982.	546796.3125	133.3333282470703	875.4166870117188	13584.75	
829.531005859375	12591.1669921875	552561.125	91.66666412353516	808.6666870117188	14352.9169921875	
830.7490234375	11856.75	533018.	125.	925.4166870117188	15972.25	
831.9669799804688	11898.4169921875	545258.375	183.3333282470703	1125.75	14920.4169921875	
833.1849975585938	12290.5830078125	534478.6875	191.6666717529297	950.5833129882813	14920.3330078125	
834.4030151367188	12608.0830078125	529149.3125	158.3333282470703	875.4166870117188	15855.5	
835.6209716796875	11673.	560068.	208.3333282470703	10939.5830078125	14411.25	
836.8389892578125	12933.4169921875	539732.6875	91.66666412353516	875.4166870117188	14069.	
838.0570068359375	12791.25	569838.6875	200.	1242.416625976563	13968.6669921875	
839.2750244140625	11547.75	548981.3125	466.9166564941406	716.9166870117188	16674.75	
840.4940185546875	11956.5830078125	562411.3125	241.6666717529297	950.4166870117188	14461.1669921875	
841.7119750976563	12365.8330078125	524469.3125	308.3333435058594	1317.666625976563	14060.5830078125	
842.9299926757813	12090.3330078125	518440.	241.75	708.5	13810.1669921875	
844.1480102539063	12332.5830078125	541921.3125	633.8333129882813	616.75	15613.1669921875	
845.3660278320313	12699.75	531572.	133.3333282470703	1042.166625976563	14536.5	
846.583984375	11815.	520087.34375	158.3333282470703	925.5	13384.3330078125	
847.802001953125	11765.	532172.6875	108.3333358764648	925.4166870117188	15254.4169921875	
849.02001953125	12148.8330078125	570006.6875	108.3333358764648	933.75	14244.1669921875	
850.2379760742188	11205.5830078125	530841.3125	116.6666641235352	900.4166870117188	14118.8330078125	
851.4569702148438	11088.75	549555.3125	233.3333282470703	750.3333129882813	13793.75	
852.6749877929688	12265.6669921875	544492.8125	183.3333282470703	800.3333129882813	14235.8330078125	
853.8930053710938	11973.5	520174.65625	225.	716.8333129882813	14286.1669921875	
855.1110229492188	11856.6669921875	557639.125	150.	766.9166870117188	19191.083984375	
856.3289794921875	12073.6669921875	541263.3125	116.6666641235352	1209.083374023438	14995.75	
857.5469970703125	11689.5830078125	531150.6875	191.6666717529297	6020.91650390625	14327.5830078125	
858.7650146484375	11764.8330078125	516052.	875.8333129882813	1250.666625976563	15154.3330078125	
859.9829711914063	11906.8330078125	546572.6875	175.	3370.583251953125	15271.	
861.2009887695313	11931.6669921875	550685.5	358.5	2068.5	14694.9169921875	
862.4190063476563	12040.1669921875	551102.6875	258.4166564941406	1159.25	14319.5	
863.6380004882813	12866.75	547276.	208.3333282470703	2127.083251953125	14102.3330078125	
864.8560180664063	14889.75	528964.6875	341.75	1401.166625976563	13167.5	
866.073974609375	11539.4169921875	522705.34375	141.6666717529297	2218.75	15605.	
867.2919921875	12182.1669921875	524698.	83.33333587646484	1534.583374023438	14862.0830078125	
868.510009765625	12499.3330078125	548168.6875	158.3333282470703	1142.333374023438	14937.25	
869.72802734375	11539.4169921875	561330.6875	191.6666717529297	4374.41650390625	14260.9169921875	
870.9459838867188	11965.0830078125	540698.	125.	3403.833251953125	14277.5830078125	
872.1640014648438	12190.5830078125	530768.	116.6666641235352	925.5	13760.0830078125	
873.3820190429688	11889.9169921875	534808.	191.6666717529297	933.75	15012.3330078125	
874.5999755859375	12390.8330078125	545123.3125	83.33333587646484	1301.	14085.4169921875	
875.8189697265625	11623.	549840.6875	133.3333282470703	3112.166748046875	14569.75	
877.0369873046875	11656.0830078125	534877.3125	150.	1084.	14895.5830078125	
878.2550048828125	11506.1669921875	532617.3125	158.3333282470703	1517.75	14327.6669921875	
879.4730224609375	11197.4169921875	577702.625	116.6666641235352	1434.25	15429.6669921875	
880.6909790039063	12207.5	530186.	133.3333282470703	767.	14703.3330078125	
881.9089965820313	11297.5830078125	530540.6875	216.6666717529297	1242.416625976563	14052.0830078125	
883.1270141601563	12424.25	524743.3125	183.3333282470703	1376.083374023438	15688.5	
884.344970703125	12098.75	618409.375	100.	992.1666870117188	13659.9169921875	
885.56298828125	11214.0830078125	509187.34375	216.6666717529297	1367.75	13993.75	
886.781982421875	12933.6669921875	524824.6875	175.	967.	13668.1669921875	
888.	12073.75	561876.	91.66666412353516	1050.583374023438	13459.4169921875	
889.218017578125	14629.	519336.	125.	1284.25	14603.3330078125	
890.4359741210938	12683.0830078125	567048.3125	158.3333282470703	892.0833129882813	13509.5830078125	
891.6539916992188	11589.5	565498.6875	200.	1092.333374023438	14970.6669921875	
892.8720092773438	12482.5	513801.34375	141.6666717529297	825.4166870117188	14544.6669921875	
894.0900268554688	11739.8330078125	542030.6875	116.6666641235352	983.75	14928.9169921875	
895.3079833984375	12132.1669921875	598853.4375	125.	1033.916625976563	14728.25	
896.5260009765625	11856.5830078125	528280.6875	133.3333282470703	1184.	15538.4169921875	
897.7440185546875	13334.0830078125	520126.65625	175.	792.0833129882813	14428.0830078125	
898.9630126953125	14546.8330078125	523052.65625	208.3333282470703	825.4166870117188	14786.75	
900.1810302734375	11973.4169921875	535192.	125.	4776.16650390625	15237.8330078125	
901.3989868164063	11998.5830078125	534090.	191.6666717529297	842.1666870117188	13317.5	
902.6170043945313	12148.75	556924.6875	133.3333282470703	1559.666625976563	15062.5	
903.8350219726563	12841.5	512346.	183.3333282470703	867.	14544.6669921875	
905.052978515625	16177.9169921875	599918.9375	91.66666412353516	833.75	14561.3330078125	
906.27099609375	13158.75	560954.	250.	1017.166687011719	15037.4169921875	
907.489013671875	12340.75	516286.65625	100.	1159.166625976563	13551.0830078125	
908.7069702148438	11706.4169921875	539636.6875	158.3333282470703	783.6666870117188	14127.4169921875	
909.9249877929688	21350.5	521215.	125.	725.25	14169.0830078125	
911.1439819335938	12031.8330078125	565910.6875	266.6666564941406	1050.666625976563	15287.6669921875	
912.3619995117188	11931.8330078125	531578.6875	133.3333282470703	933.8333129882813	15513.5	
913.5800170898438	12065.3330078125	529613.3125	250.	1225.833374023438	14828.5	
914.7979736328125	11831.5830078125	535798.	133.3333282470703	816.9166870117188	14236.	
916.0159912109375	12441.	539200.6875	266.75	808.6666870117188	14169.0830078125	
917.2340087890625	13000.8330078125	543495.3125	158.3333282470703	833.75	15413.	
918.4520263671875	11080.5830078125	540152.6875	308.4166564941406	1042.25	14536.3330078125	
919.6699829101563	11597.8330078125	520356.65625	208.3333282470703	1000.666687011719	14778.6669921875	
920.8880004882813	13075.4169921875	574115.8125	166.6666717529297	925.6666870117188	13751.75	
922.1060180664063	15273.8330078125	532664.6875	383.4166564941406	1075.583374023438	14594.75	
923.3250122070313	12057.	513033.34375	183.3333282470703	1183.916625976563	14227.6669921875	
924.5430297851563	11773.25	534412.	208.3333282470703	1384.416625976563	13484.5	
925.760986328125	12916.75	535735.3125	258.3333435058594	4708.75	14044.	
926.97900390625	12365.75	543012.75	141.6666717529297	1334.25	16157.5	
928.197021484375	12641.25	537614.	216.6666717529297	1150.666625976563	14720.1669921875	
929.4149780273438	11672.9169921875	540061.3125	233.3333282470703	1142.416625976563	14386.3330078125	
930.6329956054688	11973.5	534795.3125	275.0833435058594	917.0833129882813	13543.	
931.8510131835938	11839.9169921875	527942.6875	216.6666717529297	2152.083251953125	14820.4169921875	
933.0689697265625	12733.0830078125	543530.6875	166.6666717529297	850.3333129882813	14645.25	
934.2880249023438	14461.5	532652.	250.	3112.583251953125	15028.9169921875	
935.5059814453125	11982.	522064.65625	308.4166564941406	1517.75	14703.3330078125	
936.7239990234375	15859.5	529756.6875	133.3333282470703	1300.833374023438	13484.75	
937.9420166015625	12791.5	531350.	150.	666.75	17008.75	
939.1599731445313	13409.25	554268.6875	266.6666564941406	967.0833129882813	14419.75	
940.3779907226563	16917.916015625	527703.3125	225.0833282470703	1142.5	14762.0830078125	
941.5960083007813	19704.5	548197.3125	150.	1476.25	15730.25	
942.8140258789063	12307.25	547503.875	158.3333282470703	925.3333129882813	14745.1669921875	
944.031982421875	13300.75	531055.3125	133.3333282470703	942.0833129882813	15004.	
945.25	59180.73828125	524706.	225.	1034.	13576.3330078125	
946.468994140625	12541.	534013.5	83.33333587646484	1100.583374023438	13551.3330078125	
947.68701171875	11806.5830078125	538850.75	792.4166870117188	958.75	13810.25	
948.905029296875	13894.0830078125	547515.3125	133.3333282470703	825.4166870117188	15538.5	
950.1229858398438	14888.8330078125	528968.	133.3333282470703	808.75	14761.9169921875	
951.3410034179688	12056.9169921875	538395.3125	175.	708.75	14152.5	
952.5590209960938	11689.75	533093.3125	125.	833.5833129882813	15004.	
953.7769775390625	11464.3330078125	532649.3125	91.66666412353516	700.1666870117188	14402.75	
954.9949951171875	12098.75	537320.6875	233.3333282470703	875.3333129882813	14219.3330078125	
956.2130126953125	11339.0830078125	515856.65625	175.	917.1666870117188	15121.0830078125	
957.4310302734375	12031.9169921875	537445.3125	191.6666717529297	800.1666870117188	14595.	
958.6500244140625	12733.1669921875	527589.3125	183.3333282470703	967.0833129882813	13693.25	
959.8679809570313	11672.9169921875	537019.3125	141.6666717529297	708.5833129882813	14644.8330078125	
961.0859985351563	11539.4169921875	526922.6875	141.6666717529297	633.4166870117188	14319.4169921875	
962.3040161132813	11055.4169921875	523230.	200.	666.9166870117188	12733.1669921875	
963.52197265625	11389.1669921875	525494.6875	175.	808.8333129882813	14294.25	
964.739990234375	10830.0830078125	521434.	141.6666717529297	725.25	14210.8330078125	
965.9580078125	11439.1669921875	515598.	50.	516.75	13968.75	
967.176025390625	11881.75	521054.	141.6666717529297	758.8333129882813	15412.9169921875	
968.3939819335938	23578.333984375	518478.	158.3333282470703	641.8333129882813	13860.3330078125	
969.6129760742188	12357.4169921875	537276.6875	166.6666717529297	766.9166870117188	14862.1669921875	
970.8309936523438	13225.75	512759.34375	125.	675.25	13710.0830078125	
972.0490112304688	12223.8330078125	526615.3125	183.3333282470703	700.1666870117188	15012.1669921875	
973.2670288085938	11873.3330078125	525283.3125	150.	883.75	14594.9169921875	
974.4849853515625	12874.9169921875	529342.	116.6666641235352	591.6666870117188	14269.4169921875	
