Trace for Mass:	Al27(MR)	Si28(MR)	Ca44(MR)	Fe56(MR)	S32(MR)
Resolution:	Medium	Medium	Medium	Medium	Medium
					
Time	Intensity	Intensity	Intensity	Intensity	Intensity
[sec]	[cps]	[cps]	[cps]	[cps]	[cps]

1.22000002861023	733.5	1020855.3125	75.	742.	11272.3330078125	
2.437999963760376	900.3636474609375	1043222.6875	58.33333206176758	566.75	10020.5	
3.655999898910523	920.5	996212.375	66.66666412353516	416.75	10930.5	
4.874000072479248	670.2999877929688	983269.625	100.	516.75	11356.	
6.092999935150147	620.2000122070313	945364.	90.90908813476563	633.5	11097.25	
7.310999870300293	610.2000122070313	949185.625	108.3333358764648	2971.083251953125	11163.9169921875	
8.529000282287598	600.2999877929688	927528.375	208.3333282470703	675.1666870117188	12834.818359375	
9.746999740600586	436.5454406738281	859258.375	2788.083251953125	625.1666870117188	11831.9169921875	
10.96500015258789	433.5	982742.25	141.6666717529297	483.5	11681.6669921875	
12.18299961090088	350.	898239.125	41.66666793823242	775.3333129882813	11897.2724609375	
13.40100002288818	477.8888854980469	978066.6875	133.3333282470703	675.25	15030.400390625	
14.61900043487549	1831.900024414063	957544.	166.6666717529297	1000.5	13627.4541015625	
15.83699989318848	345.4545593261719	924898.6875	133.3333282470703	675.1666870117188	13227.	
17.05500030517578	400.	1010168.	166.6666717529297	792.	14674.9091796875	
18.27400016784668	425.	1016369.75	150.	967.25	15367.181640625	
19.49200057983398	840.4000244140625	1036523.5625	834.0833129882813	1350.833374023438	13924.1669921875	
20.70999908447266	1728.636352539063	1027977.75	200.	1935.	16578.181640625	
21.92799949645996	2824.77783203125	1078016.875	433.5	1717.833374023438	18828.	
23.14599990844727	2091.699951171875	1107152.875	934.2222290039063	2076.833251953125	20762.099609375	
24.36400032043457	1583.	1148199.125	517.	2118.25	21695.5	
25.58200073242188	2271.800048828125	1190989.75	2628.75	2001.583374023438	22175.599609375	
26.79999923706055	1893.333374023438	1210083.5	590.2999877929688	2160.166748046875	22756.5	
28.01799964904785	1610.181762695313	1267647.125	383.4166564941406	2752.666748046875	23959.5	
29.23699951171875	1025.583374023438	1302599.125	350.1000061035156	2510.666748046875	25273.099609375	
30.45499992370606	3726.	1323998.25	216.6666717529297	1934.833374023438	27900.099609375	
31.67300033569336	1876.583374023438	1378493.375	254.5454559326172	2001.666625976563	27909.69921875	
32.89099884033203	1100.666625976563	1405820.5	191.6666717529297	3520.416748046875	29895.	
34.10900115966797	1323.111083984375	1446065.75	470.2000122070313	1717.916625976563	31679.5	
35.32699966430664	1156.111083984375	1465858.625	241.6666717529297	1801.25	32974.30078125	
36.54499816894531	1167.333374023438	1485649.75	218.1818237304688	1859.666625976563	35543.1015625	
37.76300048828125	1100.75	1477253.375	440.1000061035156	1459.416625976563	36093.5	
38.98099899291992	736.727294921875	1516056.875	375.0833435058594	1342.5	37337.1015625	
40.19900131225586	12816.25	1521231.125	208.3333282470703	1534.333374023438	40116.5	
41.41799926757813	727.5454711914063	1541447.125	227.2727203369141	1734.666625976563	41913.1015625	
42.63600158691406	820.2999877929688	1667512.	1176.25	1846.818237304688	43097.30078125	
43.85400009155273	555.7777709960938	1646998.25	341.75	1442.583374023438	46441.19921875	
45.07199859619141	408.3333435058594	1666464.875	309.0909118652344	1501.166625976563	122474.359375	
46.29000091552734	663.8181762695313	1641814.25	333.4166564941406	1300.916625976563	50175.80078125	
47.50799942016602	636.5454711914063	1644107.5	166.6666717529297	1726.25	52546.3984375	
48.72600173950195	580.0999755859375	1571034.625	300.1666564941406	1409.25	55276.77734375	
49.94400024414063	690.2000122070313	1583360.875	341.75	2578.	49582.3984375	
51.1619987487793	611.3333129882813	1559996.125	291.6666564941406	1484.416625976563	61158.890625	
52.38000106811523	811.5555419921875	1599696.	409.2727355957031	1567.666625976563	56745.80078125	
53.5989990234375	644.6666870117188	1623654.25	1856.727294921875	2093.416748046875	122751.0390625	
54.81700134277344	610.0999755859375	1630282.625	263.6363525390625	1459.416625976563	60512.19921875	
56.03499984741211	570.	1751759.125	383.4166564941406	1325.666625976563	65315.30078125	
57.25299835205078	566.7777709960938	1690106.625	409.0909118652344	2435.5	69452.6640625	
58.47100067138672	767.	1574770.625	2464.875	2135.083251953125	61196.	
59.68899917602539	491.0909118652344	1619235.5	536.4545288085938	1517.666625976563	65536.5	
60.90700149536133	508.4166564941406	1664523.5	266.6666564941406	1692.916625976563	71635.109375	
62.125	558.4166870117188	1673945.75	2184.818115234375	1517.75	74909.296875	
63.34299850463867	511.2222290039063	1731415.5	345.4545593261719	2268.666748046875	78234.109375	
64.56199645996094	300.	1815780.5	241.6666717529297	2310.333251953125	74535.296875	
65.77999877929688	590.2000122070313	1565500.5	560.0999755859375	1667.916625976563	74772.21875	
66.99800109863281	880.5	1578838.25	520.2000122070313	2135.083251953125	76180.3359375	
68.21600341796875	1209.5	1630337.25	667.25	1659.666625976563	84796.21875	
69.43399810791016	650.2999877929688	1596760.	3563.583251953125	1734.666625976563	80793.3359375	
70.65200042724609	418.2727355957031	1477370.625	1171.	1542.833374023438	79036.890625	
71.87000274658203	756.	1500302.25	1001.	3579.5	80550.21875	
73.08799743652344	878.2222290039063	1590372.5	573.1818237304688	1526.083374023438	112536.1328125	
74.30599975585938	700.4000244140625	1503305.75	1001.	2452.25	85588.5	
75.52400207519531	711.4444580078125	1479121.75	2762.666748046875	18104.19921875	81417.3359375	
76.74299621582031	722.5555419921875	1579609.75	258.3333435058594	1534.416625976563	84872.3359375	
77.96099853515625	700.1818237304688	1575920.875	380.	1526.166625976563	73006.296875	
79.17900085449219	660.2999877929688	1641027.125	458.5	3211.75	83094.203125	
80.39700317382813	291.6666564941406	1636425.75	3872.888916015625	3553.916748046875	102004.890625	
81.61499786376953	670.2000122070313	1432918.125	21960.666015625	1434.166625976563	77530.8984375	
82.83300018310547	580.0999755859375	1557624.875	1359.666625976563	1592.75	88964.	
84.05100250244141	845.	1606242.625	742.25	1442.666625976563	83675.3984375	
85.26899719238281	580.2000122070313	1513164.5	1230.900024414063	2043.333374023438	81193.796875	
86.48699951171875	500.0909118652344	1475478.25	725.4166870117188	3036.333251953125	86281.5546875	
87.70500183105469	375.	1401428.5	17020.71484375	1526.083374023438	87165.21875	
88.92400360107422	291.75	1471925.375	1634.77783203125	2711.25	86047.6640625	
90.14199829101563	620.2000122070313	1393109.375	3604.666748046875	3130.363525390625	89638.21875	
91.36000061035156	433.3333435058594	1459054.25	1857.333374023438	1834.833374023438	88775.21875	
92.5780029296875	978.2222290039063	1507504.875	1017.5	24053.326171875	92026.	
93.79599761962891	466.6666564941406	1387259.5	533.5833129882813	1626.166625976563	86752.21875	
95.01399993896484	722.4444580078125	1417388.875	3374.10009765625	2268.666748046875	87179.6640625	
96.23200225830078	640.2000122070313	1396923.5	341.6666564941406	1551.083374023438	87644.78125	
97.44999694824219	208.3333282470703	1344416.5	855.0908813476563	1843.083374023438	89399.6640625	
98.66799926757813	670.2999877929688	1460950.25	18717.75	1726.333374023438	89311.78125	
99.88600158691406	589.111083984375	1590996.5	1201.333374023438	1534.416625976563	93904.3359375	
101.1050033569336	690.2999877929688	1380075.5	6066.54541015625	2527.416748046875	78578.6015625	
102.322998046875	1231.	1356413.375	1100.800048828125	2585.916748046875	88181.4453125	
103.5410003662109	911.6666870117188	1412385.75	773.1818237304688	1951.833374023438	86235.5546875	
104.7590026855469	1078.444458007813	1375205.375	70032.1171875	1742.833374023438	109287.21875	
105.9769973754883	900.4000244140625	1433845.375	1751.699951171875	2143.5	89487.5546875	
107.1949996948242	833.7777709960938	1461184.875	1373.818237304688	3970.916748046875	84616.203125	
108.4130020141602	644.6666870117188	1435333.375	2001.916625976563	1893.166625976563	85644.3359375	
109.6309967041016	622.3333129882813	1360090.625	1831.699951171875	1934.75	140141.984375	
110.8489990234375	663.8181762695313	1394361.75	964.272705078125	2318.833251953125	88763.109375	
112.068000793457	654.8181762695313	1339304.	830.4000244140625	5006.25	88381.4453125	
113.286003112793	375.1666564941406	1421317.375	2122.	2844.583251953125	90520.703125	
114.5039978027344	620.2000122070313	1377341.375	7710.58349609375	2318.583251953125	93652.	
115.7220001220703	682.	1300055.5	1317.75	2034.916625976563	84237.	
116.9400024414063	266.6666564941406	1265514.75	617.0833129882813	3445.333251953125	81645.	
118.1579971313477	689.2222290039063	1368283.125	8563.	2610.833251953125	89612.296875	
119.3759994506836	1134.22216796875	1406136.5	1526.416625976563	2669.083251953125	88425.296875	
120.5940017700195	570.2000122070313	1361228.125	2285.916748046875	1851.416625976563	86514.4453125	
121.8119964599609	1050.800048828125	1297281.75	3020.333251953125	5367.66650390625	76957.203125	
123.0299987792969	575.1666870117188	1281963.5	12145.36328125	6391.63623046875	87543.5546875	
124.2490005493164	610.2000122070313	1361904.	1321.099975585938	1634.5	90710.5546875	
125.4670028686523	1022.777770996094	1377327.	491.	4180.5	89296.890625	
126.6849975585938	650.2000122070313	1265144.	1793.666625976563	1851.5	85429.6640625	
127.9029998779297	191.6666717529297	1270982.625	8382.4169921875	3061.083251953125	78809.1015625	
129.1210021972656	767.111083984375	1264070.625	2077.	4730.83349609375	87755.890625	
130.3390045166016	650.2000122070313	1279367.5	14036.0830078125	1768.	82047.	
131.5570068359375	466.8333435058594	1303748.5	3303.75	4924.16650390625	83881.5	
132.7749938964844	2793.60009765625	1245032.875	1493.166625976563	1793.	88796.78125	
133.9929962158203	580.2000122070313	1242418.25	6544.08349609375	2060.	81166.203125	
135.2109985351563	580.2000122070313	1298931.5	850.75	4949.5	84022.5	
136.4299926757813	689.2222290039063	1323725.375	1300.916625976563	2243.5	90093.4453125	
137.6479949951172	291.75	1332545.75	1692.363647460938	4331.5	82499.8984375	
138.8659973144531	755.888916015625	1310618.625	3078.833251953125	2076.666748046875	88783.21875	
140.0839996337891	670.2000122070313	1294553.75	6691.5	6886.58349609375	89479.5	
141.302001953125	644.7777709960938	1239672.5	34382.91796875	3145.	95800.546875	
142.5200042724609	600.272705078125	1243615.5	516.8333129882813	4347.25	85163.6640625	
143.7380065917969	755.888916015625	1283788.	4708.72705078125	2218.583251953125	82047.6015625	
144.9559936523438	1213.25	1238352.	2043.5	2702.5	78385.6015625	
146.1739959716797	670.2999877929688	1237491.5	7098.66650390625	2393.833251953125	79704.1015625	
147.3930053710938	711.5555419921875	1290980.	2132.300048828125	2218.5	81596.796875	
148.6109924316406	654.727294921875	1287930.625	4107.25	17746.091796875	90978.5546875	
149.8289947509766	636.5454711914063	1236891.5	800.4545288085938	9721.6669921875	82721.703125	
151.0469970703125	522.3333129882813	1250792.	2102.	2502.25	93386.4453125	
152.2649993896484	480.1000061035156	1200751.125	600.4166870117188	2702.666748046875	85463.6640625	
153.4830017089844	578.	1204632.5	2032.099975585938	4682.25	86414.	
154.7010040283203	544.5555419921875	1252145.75	2767.0908203125	2760.916748046875	90442.6640625	
155.9190063476563	770.4000244140625	1205629.75	854.9091186523438	2076.583251953125	80507.8984375	
157.1369934082031	3663.75	1224126.25	4431.08349609375	1809.75	87028.6640625	
158.3549957275391	760.5	1218230.875	733.6666870117188	5206.83349609375	81473.703125	
159.5740051269531	5471.125	1257175.125	937.0908813476563	54885.95703125	83115.703125	
160.7920074462891	700.25	1193298.25	4526.36376953125	2919.416748046875	132826.171875	
162.0099945068359	800.4444580078125	1280857.75	14707.75	5373.41650390625	94106.3359375	
163.2279968261719	1080.699951171875	1172758.125	1050.666625976563	20905.	79312.	
164.4459991455078	558.5	1134080.5	4760.77783203125	3503.75	83799.890625	
165.6640014648438	708.6666870117188	1177061.75	2010.083374023438	5156.5	86433.796875	
166.8820037841797	654.727294921875	1174997.375	9350.5830078125	4463.08349609375	85623.890625	
168.1000061035156	827.727294921875	1247276.	3173.39990234375	6375.	79229.6015625	
169.3179931640625	617.0833129882813	1213117.75	3464.25	11408.9169921875	85106.5546875	
170.5359954833984	827.5454711914063	1191915.5	3411.916748046875	2952.916748046875	78132.1015625	
171.7550048828125	790.4000244140625	1183399.125	1711.400024414063	2310.333251953125	77892.296875	
172.9730072021484	927.8181762695313	1245025.375	2220.45458984375	3754.	93425.6640625	
174.1909942626953	700.3333129882813	1266658.625	245821.1875	2819.166748046875	86219.8984375	
175.4089965820313	822.5555419921875	1198361.75	5459.7001953125	4254.5	78845.5	
176.6269989013672	1621.300048828125	1191077.375	7633.25	2835.833251953125	80453.8984375	
177.8450012207031	890.4000244140625	1214104.875	17887.80078125	4304.75	794090.	
179.0630035400391	1109.727294921875	1180686.25	3463.5	4688.58349609375	77254.8984375	
180.281005859375	770.2999877929688	1128567.875	3784.10009765625	15015.3330078125	76401.703125	
181.4989929199219	836.9091186523438	1154465.375	10575.111328125	4956.25	75327.8984375	
182.7180023193359	1546.818237304688	1237461.375	10843.5	3778.833251953125	83333.	
183.9360046386719	933.75	1234877.25	1501.090942382813	4888.75	89483.296875	
185.1540069580078	1123.	1151806.25	3840.818115234375	3520.583251953125	75903.796875	
186.3719940185547	655.888916015625	1192971.125	4088.75	5911.33349609375	97906.1015625	
187.5899963378906	930.5	1345539.5	2068.333251953125	3612.083251953125	79623.703125	
188.8079986572266	755.888916015625	1255448.25	1476.333374023438	2860.833251953125	83939.1015625	
190.0260009765625	1939.375	1167607.125	3203.916748046875	2585.75	82709.796875	
191.2440032958984	940.5	1194413.75	37367.375	2661.	79330.296875	
192.4620056152344	563.9091186523438	1172541.75	24362.7265625	3720.416748046875	93737.6640625	
193.6799926757813	670.2000122070313	1168867.5	6127.63623046875	3678.666748046875	80454.	
194.8990020751953	480.	1227533.75	4330.75	3445.	85545.3984375	
196.1170043945313	900.5555419921875	1216814.875	3086.583251953125	6922.25	573554.125	
197.3350067138672	856.	1152643.125	3720.75	1693.	75586.296875	
198.5529937744141	778.2222290039063	1154242.625	6734.75	3712.583251953125	77699.296875	
199.77099609375	967.2222290039063	1166987.5	11757.599609375	2352.	76970.203125	
200.9889984130859	591.8333129882813	1211535.125	4066.	10067.25	89034.1015625	
202.2070007324219	1111.77783203125	1251889.75	4055.25	2418.833251953125	85733.296875	
203.4250030517578	682.0908813476563	1166768.5	1559.666625976563	6175.	91201.	
204.6430053710938	1070.800048828125	1264219.5	2778.083251953125	2760.916748046875	78302.703125	
205.8609924316406	822.6666870117188	1149900.	10873.1669921875	5457.	79631.703125	
207.0800018310547	1067.333374023438	1170285.75	14091.875	2619.	80602.6015625	
208.2980041503906	678.	1154043.5	725.5	4522.83349609375	79250.203125	
209.5160064697266	663.9091186523438	1216223.875	2182.	3169.916748046875	85540.203125	
210.7339935302734	760.4000244140625	1211827.5	4758.41650390625	3670.833251953125	93425.703125	
211.9519958496094	609.272705078125	1185454.25	5795.41650390625	2435.666748046875	78782.796875	
213.1699981689453	400.0833435058594	1220167.125	3423.699951171875	1751.333374023438	81662.5	
214.3880004882813	800.5555419921875	1210171.5	2302.333251953125	7438.41650390625	78261.8984375	
215.6060028076172	700.2222290039063	1155886.25	3261.5	2886.25	87375.4453125	
216.8240051269531	782.1818237304688	1125612.5	3868.0908203125	3845.75	78946.6015625	
218.0429992675781	666.888916015625	1288830.125	5201.91650390625	4555.66650390625	76534.5	
219.2610015869141	258.3333435058594	1179389.75	1459.416625976563	2185.166748046875	86517.3984375	
220.47900390625	620.0999755859375	1256599.5	2594.416748046875	4254.75	81891.796875	
221.6970062255859	5164.111328125	1125863.125	8612.25	3821.5	71071.3984375	
222.9149932861328	992.25	1165957.375	7349.89990234375	3002.833251953125	81996.8984375	
224.1329956054688	783.6666870117188	1150304.	7594.58349609375	3820.75	84235.5	
225.3509979248047	700.4000244140625	1215968.	13912.400390625	3620.333251953125	80232.8984375	
226.5690002441406	1000.666687011719	1144010.625	6411.72705078125	2560.583251953125	74580.5	
227.7870025634766	840.5	1149092.5	10400.	5841.16650390625	76553.6015625	
229.0050048828125	889.3333129882813	1181296.	4763.58349609375	3378.416748046875	79165.203125	
230.2239990234375	1781.599975585938	1177282.25	9008.9169921875	3553.666748046875	79023.8984375	
231.4420013427734	844.888916015625	1176360.	4371.41650390625	2226.75	78442.1015625	
232.6600036621094	6797.28564453125	1130425.	14739.900390625	8632.5	88581.	
233.8780059814453	1022.777770996094	1175196.375	4389.	4004.25	83765.1015625	
235.0959930419922	28473.541015625	1220983.5	11319.4541015625	3403.25	83356.203125	
236.3139953613281	1120.800048828125	1215038.25	10894.25	7131.10009765625	91257.5546875	
237.5319976806641	1456.555541992188	1165896.	7328.08349609375	2986.083251953125	76852.703125	
238.75	744.7777709960938	1133332.875	6692.25	3687.166748046875	73548.796875	
239.9680023193359	1020.599975585938	1175732.875	16154.2724609375	3161.5	79015.	
241.1860046386719	1128.	1139892.125	8613.9169921875	3428.666748046875	73547.6015625	
242.4049987792969	1501.22216796875	1168317.75	4513.33349609375	6351.75	73559.3984375	
243.6230010986328	358.3333435058594	1127909.375	2252.25	8314.8330078125	75540.296875	
244.8410034179688	1117.416625976563	1204196.875	5924.75	1951.5	119152.7421875	
246.0590057373047	1373.727294921875	1139006.25	8411.9169921875	9281.4169921875	75842.6015625	
247.2769927978516	658.5833129882813	1139054.625	7527.33349609375	1676.25	86509.	
248.4949951171875	760.4000244140625	1112646.25	8957.22265625	5397.54541015625	93385.4453125	
249.7129974365234	760.2999877929688	1114179.5	5758.08349609375	5022.83349609375	96898.3359375	
250.9309997558594	860.5999755859375	1139186.625	5927.60009765625	3194.75	80316.1015625	
252.1490020751953	740.2000122070313	1184228.5	3044.75	6036.45458984375	90414.203125	
253.3679962158203	682.0908813476563	1148769.75	1320.800048828125	2193.416748046875	83467.1015625	
254.5859985351563	709.3636474609375	1097221.375	7906.41650390625	3253.5	69141.703125	
255.8040008544922	1156.333374023438	1149360.875	4680.66650390625	9131.	76340.3984375	
257.0220031738281	889.4444580078125	1152272.5	1985.083374023438	8203.0830078125	76172.1015625	
258.239990234375	636.5454711914063	1189726.25	2077.25	3804.	98453.21875	
259.4580078125	682.0908813476563	1153901.5	1200.75	5932.58349609375	79152.3984375	
260.6759948730469	1423.333374023438	1146783.125	9857.75	3654.583251953125	74442.5	
261.8940124511719	850.4000244140625	1150374.25	5507.	2410.333251953125	74770.203125	
263.1119995117188	1145.111083984375	1105918.25	1092.333374023438	115958.03125	77896.703125	
264.3299865722656	1070.800048828125	1125041.75	942.25	3203.5	80454.1015625	
265.5490112304688	580.0999755859375	1129190.625	1309.416625976563	3403.5	74306.203125	
266.7669982910156	990.5	1125498.	1835.	3621.416748046875	83087.	
267.9849853515625	860.4000244140625	1160867.125	1484.583374023438	3161.416748046875	77349.796875	
269.2030029296875	530.	1170790.625	1164.54541015625	3144.583251953125	80407.796875	
270.4209899902344	770.5	1146302.25	6069.41650390625	2727.5	74431.203125	
271.6390075683594	1456.555541992188	1158956.	4438.91650390625	3203.166748046875	80393.6015625	
272.8569946289063	241.6666717529297	1125882.625	1701.5	18885.833984375	218456.21875	
274.0750122070313	630.0999755859375	1197946.625	5700.41650390625	4831.25	74176.703125	
275.2929992675781	672.9091186523438	1159067.5	1428.45458984375	1993.416625976563	75631.3984375	
276.510986328125	13422.	1156782.625	12483.6669921875	21960.5	73463.796875	
277.7300109863281	1100.666625976563	1192291.5	8456.0830078125	2560.583251953125	85180.296875	
278.947998046875	1100.888916015625	1168564.	955.0908813476563	2644.	73490.796875	
280.1659851074219	1763.875	1130046.25	955.0908813476563	2126.666748046875	72027.296875	
281.3840026855469	730.2000122070313	1182553.375	3687.272705078125	4807.41650390625	84484.5546875	
282.6019897460938	618.3636474609375	1121488.	1826.833374023438	3036.25	94181.4453125	
283.8200073242188	1301.	1114852.875	1543.25	2185.25	69159.1015625	
285.0379943847656	680.2999877929688	1164498.25	4926.60009765625	2110.	73433.	
286.2560119628906	770.4000244140625	1192549.625	4214.66650390625	13391.9169921875	76358.8984375	
287.4739990234375	1410.181762695313	1177148.875	2444.333251953125	3228.25	81243.296875	
288.6929931640625	840.2999877929688	1214904.	3471.5	3370.166748046875	72137.296875	
289.9110107421875	1245.111083984375	1170792.25	12075.8330078125	2443.666748046875	85570.8984375	
291.1289978027344	425.0833435058594	1153608.875	9039.9169921875	13548.75	76169.	
292.3469848632813	654.8181762695313	1148410.625	3805.166748046875	3628.916748046875	73671.3671875	
293.5650024414063	591.8333129882813	1148432.125	3128.333251953125	6602.16650390625	78796.6015625	
294.7829895019531	450.0833435058594	1139093.375	13961.77734375	5732.08349609375	70197.1015625	
296.0010070800781	960.5	1126034.625	4256.41650390625	3053.	140977.	
297.218994140625	630.2000122070313	1141418.625	24976.666015625	3962.583251953125	69764.	
298.43701171875	727.5454711914063	1147848.5	1025.916625976563	7021.45458984375	69331.703125	
299.6549987792969	1851.5	1132452.625	14449.1669921875	5741.	76457.703125	
300.8739929199219	563.9091186523438	1157005.5	3221.75	2427.25	122110.3984375	
302.0920104980469	750.2999877929688	1076195.5	31281.	3762.083251953125	68036.203125	
303.3099975585938	790.4000244140625	1148140.5	19694.666015625	3879.583251953125	77368.6015625	
304.5280151367188	730.2000122070313	1118976.875	24187.142578125	4104.36376953125	77116.703125	
305.7460021972656	878.111083984375	1193613.125	1008.916687011719	8087.5	68509.203125	
306.9639892578125	780.4000244140625	1096078.625	12579.	5222.58349609375	80596.	
308.1820068359375	720.2999877929688	1216237.625	31526.681640625	14478.1669921875	72326.	
309.3999938964844	1259.5	1112565.75	10519.5830078125	3278.166748046875	78882.296875	
310.6180114746094	840.4000244140625	1209406.75	14954.36328125	2961.25	75573.203125	
311.8359985351563	991.3636474609375	1206630.25	10367.36328125	9293.5	81222.1015625	
313.0549926757813	1100.666625976563	1149185.75	3629.083251953125	10712.4169921875	79563.8984375	
314.2730102539063	1220.699951171875	1277314.25	3530.9091796875	2936.083251953125	71923.296875	
315.4909973144531	925.5	1388097.375	6447.5	2685.916748046875	80518.8984375	
316.7090148925781	809.3636474609375	1214350.25	10320.7998046875	11921.75	82932.2734375	
317.927001953125	900.4545288085938	1217860.5	23298.083984375	31959.	72877.3984375	
319.1449890136719	942.25	1204441.125	12018.0830078125	5164.33349609375	70383.5	
320.3630065917969	975.5	1203747.5	2251.916748046875	2160.083251953125	72443.203125	
321.5809936523438	1480.900024414063	1213970.75	3584.39990234375	3712.416748046875	111131.21875	
322.7990112304688	1145.22216796875	1255466.125	2702.888916015625	18855.833984375	74826.296875	
324.0180053710938	1492.916625976563	1197120.	13590.181640625	2068.333251953125	68022.296875	
325.2359924316406	1067.444458007813	1185073.75	4071.5556640625	2677.583251953125	74534.8984375	
326.4540100097656	1661.099975585938	1151943.5	7332.58349609375	3228.25	67408.1015625	
327.6719970703125	710.2999877929688	1194072.875	1150.666625976563	5007.	82514.796875	
328.8900146484375	900.4000244140625	1188592.875	2252.416748046875	3353.333251953125	72475.1015625	
330.1080017089844	958.9166870117188	1139665.75	3479.166748046875	6910.91650390625	67038.1015625	
331.3259887695313	800.2999877929688	1188574.25	2074.727294921875	6299.5	74904.6015625	
332.5440063476563	960.5	1205970.875	1017.25	3336.75	71962.8984375	
333.7619934082031	736.5454711914063	1176371.5	8593.7998046875	13068.75	69132.6015625	
334.9800109863281	967.111083984375	1211360.875	2210.333251953125	9137.4169921875	69920.796875	
336.1990051269531	955.	1178805.375	1693.583374023438	2910.916748046875	76336.203125	
337.4169921875	1033.888916015625	1134207.5	1331.099975585938	4705.	69203.796875	
338.635009765625	1089.444458007813	1175623.125	3821.833251953125	3412.583251953125	68934.5	
339.8529968261719	930.5999755859375	1121514.625	12964.5	19730.193359375	67138.1015625	
341.0710144042969	840.4000244140625	1202531.5	884.	1734.666625976563	72091.5	
342.2890014648438	1178.444458007813	1192832.	3053.	3044.916748046875	72836.5	
343.5069885253906	333.4166564941406	1193961.75	2118.833251953125	95560.25	70312.	
344.7250061035156	818.6363525390625	1137909.375	3404.5	1834.833374023438	67509.	
345.9429931640625	836.9091186523438	1166117.375	3921.583251953125	2986.416748046875	66373.296875	
347.1610107421875	740.4000244140625	1180126.25	700.4166870117188	9753.3330078125	69298.296875	
348.3800048828125	889.4444580078125	1163656.	975.5833129882813	1985.	93808.4453125	
349.5979919433594	1078.333374023438	1165734.25	4408.41650390625	4555.58349609375	68393.8984375	
350.8160095214844	680.2999877929688	1127530.625	74445.4453125	18878.98046875	72364.	
352.0339965820313	936.8181762695313	1140035.125	842.0833129882813	3303.25	66977.1015625	
353.2520141601563	980.5	1175937.375	3404.25	1734.5	69037.3984375	
354.4700012207031	1160.699951171875	1135464.875	1192.666625976563	5165.58349609375	69259.1015625	
355.68798828125	1046.090942382813	1147897.75	1150.75	2076.75	118786.109375	
356.906005859375	1000.444458007813	1148074.625	5675.91650390625	14693.8330078125	77128.6015625	
358.1239929199219	1190.699951171875	1088068.875	2302.75	2644.	64543.69921875	
359.3429870605469	1050.599975585938	1104340.5	2347.45458984375	14016.4541015625	66564.796875	
360.5610046386719	727.6363525390625	1233537.125	2742.60009765625	5726.9091796875	72836.796875	
361.7789916992188	856.	1119780.5	4497.83349609375	2059.916748046875	66201.3984375	
362.9970092773438	1370.900024414063	1099392.25	9195.888671875	3520.083251953125	67156.296875	
364.2149963378906	608.5833129882813	1128751.125	4149.9091796875	7490.83349609375	79137.5	
365.4330139160156	889.2222290039063	1138999.125	5373.58349609375	6943.66650390625	67338.796875	
366.6510009765625	641.9166870117188	1195110.25	4941.63623046875	5515.	70294.	
367.8689880371094	1150.699951171875	1126669.375	168702.421875	7834.10009765625	66394.703125	
369.0870056152344	1334.333374023438	1135302.25	3503.5	5389.83349609375	66444.703125	
370.3049926757813	1045.111083984375	1158000.875	3311.666748046875	8578.4169921875	64124.5	
371.5239868164063	854.9091186523438	1151971.5	18200.	8346.6669921875	67020.203125	
372.7420043945313	1200.727294921875	1155080.	5857.41650390625	3503.916748046875	93090.	
373.9599914550781	1000.400024414063	1120603.5	6432.75	5624.66650390625	68793.1015625	
375.1780090332031	1190.800048828125	1149241.375	8722.4169921875	5290.5	68362.796875	
376.39599609375	1601.5	1164023.125	8696.0830078125	2944.5	69147.703125	
377.614013671875	1200.699951171875	1132936.	8781.181640625	6209.33349609375	411983.96875	
378.8320007324219	3649.	1138736.	4459.45458984375	4897.16650390625	66526.5	
380.0499877929688	1209.909057617188	1195252.5	3303.25	2810.75	68153.796875	
381.2680053710938	1140.800048828125	1157207.125	2869.416748046875	7025.91650390625	71890.	
382.4859924316406	2561.916748046875	1159091.625	10566.	3503.5	68079.6015625	
383.7049865722656	1230.900024414063	1142485.375	11520.25	5316.83349609375	66727.296875	
384.9230041503906	960.5999755859375	1116762.875	14020.8330078125	3420.083251953125	65256.8984375	
386.1409912109375	918.6363525390625	1128832.	10251.8330078125	7978.58349609375	106066.390625	
387.3590087890625	1111.77783203125	1151974.25	32451.7265625	9072.3330078125	66534.296875	
388.5769958496094	1073.272705078125	1175215.125	4346.83349609375	3537.25	70070.203125	
389.7950134277344	1064.363647460938	1173287.125	15191.0830078125	4268.27294921875	107258.421875	
391.0130004882813	900.4000244140625	1185267.25	10987.6669921875	8622.5830078125	70015.3984375	
392.2309875488281	1501.22216796875	1140894.125	7097.83349609375	10902.4169921875	63217.30078125	
393.4490051269531	2411.363525390625	1207254.125	8425.9091796875	11182.9169921875	70996.8984375	
394.6669921875	1518.	1177711.125	5717.33349609375	8788.75	70313.5	
395.885986328125	1020.700012207031	1165664.625	3386.833251953125	85544.6328125	133954.140625	
397.10400390625	1280.900024414063	1169778.625	17925.666015625	2585.666748046875	65247.1015625	
398.3219909667969	1120.699951171875	1133429.375	18983.666015625	3027.75	66275.3984375	
399.5400085449219	1391.	1090537.75	11838.9169921875	25981.087890625	63268.6015625	
400.7579956054688	1957.333374023438	1132748.	24940.416015625	6007.5	66113.1015625	
401.9760131835938	1190.800048828125	1160247.125	13225.25	3929.166748046875	69859.	
403.1940002441406	9315.2998046875	1117466.75	87141.171875	5507.58349609375	74726.8984375	
404.4119873046875	1420.900024414063	1246540.	14589.2001953125	6708.16650390625	70429.203125	
405.6300048828125	2185.416748046875	1070066.875	13974.8330078125	3970.666748046875	81282.	
406.8489990234375	1741.400024414063	1111604.25	11157.400390625	7693.08349609375	68353.203125	
408.0669860839844	1623.444458007813	1112578.625	14500.5	6008.16650390625	63358.	
409.2850036621094	2112.888916015625	1139169.25	11899.4169921875	11803.25	78661.8984375	
410.5029907226563	2903.199951171875	1150502.375	9354.5	5381.	76371.796875	
411.7210083007813	1184.083374023438	1147938.625	29545.900390625	8412.	112188.890625	
412.9389953613281	1250.75	1173856.875	27643.416015625	4571.66650390625	68172.703125	
414.1570129394531	1267.583374023438	1212362.625	7193.	5906.91650390625	66209.3984375	
415.375	1890.333374023438	1161307.5	14665.2001953125	5798.25	89169.796875	
416.5929870605469	1564.818237304688	1129813.375	15760.0908203125	11175.0830078125	91529.	
417.8110046386719	1200.800048828125	1118584.875	24700.22265625	15457.	90896.6015625	
419.0299987792969	1621.199951171875	1137764.5	18404.583984375	23058.166015625	68436.796875	
420.2479858398438	1823.666625976563	1180797.375	16663.333984375	9329.6669921875	79928.	
421.4660034179688	1109.083374023438	1168521.75	30497.5	6399.83349609375	199086.390625	
422.6839904785156	1280.800048828125	1091423.125	17997.36328125	12064.	151642.6875	
423.9020080566406	1200.888916015625	1135222.	21781.083984375	5831.5	87742.3984375	
425.1199951171875	2335.5556640625	1187984.875	9631.818359375	4864.	82868.3984375	
426.3380126953125	1568.	1132851.5	60037.96484375	6224.25	97320.109375	
427.5559997558594	1182.636352539063	1109994.625	9157.	5865.83349609375	125240.9375	
428.7739868164063	2435.5556640625	1111860.5	20559.333984375	21079.666015625	69835.5	
429.9930114746094	1761.199951171875	1137512.	19549.	8562.5830078125	69439.1015625	
431.2109985351563	2542.60009765625	1129558.625	4997.58349609375	25026.25	92268.671875	
432.4289855957031	1209.25	1134182.625	16129.888671875	18659.5	129352.203125	
433.6470031738281	1751.199951171875	1113950.25	4346.33349609375	8528.8330078125	90261.484375	
434.864990234375	1745.666625976563	1124838.25	18836.	23431.677734375	102166.890625	
436.0830078125	608.5	1091206.25	30997.583984375	9137.3330078125	73289.203125	
437.3009948730469	1623.555541992188	1133247.125	18984.4453125	9658.1669921875	88444.8984375	
438.5190124511719	1140.699951171875	1138567.125	47983.30078125	13015.4169921875	92117.703125	
439.7369995117188	1070.699951171875	1163376.	14765.4169921875	34331.421875	65750.8984375	
440.9549865722656	1661.300048828125	1108800.875	19941.	5225.	66638.703125	
442.1740112304688	3091.	1127488.	3595.083251953125	5307.	67616.203125	
443.3919982910156	1325.916625976563	1120562.375	14622.400390625	17715.833984375	63983.5	
444.6099853515625	2079.5556640625	1067980.	14908.5830078125	13639.25	166869.265625	
445.8280029296875	958.75	1081600.875	67549.3984375	13148.5830078125	72667.6015625	
447.0459899902344	1401.	1132075.125	25668.900390625	10019.0830078125	85661.109375	
448.2640075683594	1009.727294921875	1073766.25	47696.70703125	3979.083251953125	61631.3984375	
449.4819946289063	1661.199951171875	1115272.875	12189.0830078125	9143.3330078125	62424.80078125	
450.7000122070313	1240.900024414063	1095033.	7812.08349609375	7854.75	62011.30078125	
451.9179992675781	1851.400024414063	1114829.375	28092.916015625	5189.83349609375	71882.203125	
453.135986328125	516.8333129882813	1128689.125	9039.5830078125	143526.734375	75581.8203125	
454.3550109863281	1851.599975585938	1120549.125	9163.4169921875	5231.66650390625	61781.8984375	
455.572998046875	1571.099975585938	1094015.125	18923.	3269.833251953125	72758.6640625	
456.7909851074219	1156.333374023438	1101399.5	7851.5	3119.666748046875	68728.203125	
458.0090026855469	1656.888916015625	1111612.	1634.583374023438	5105.83349609375	69047.703125	
459.2269897460938	1173.363647460938	1136668.5	12560.0830078125	8960.2724609375	63369.80078125	
460.4450073242188	1050.75	1111652.5	32229.5	6742.08349609375	62776.80078125	
461.6629943847656	1091.45458984375	1221209.75	6789.60009765625	2835.916748046875	69438.	
462.8810119628906	1380.900024414063	1085858.25	5942.66650390625	4046.	64823.30078125	
464.0989990234375	1437.363647460938	1095990.5	4405.16650390625	7462.83349609375	62003.3984375	
465.3179931640625	1389.77783203125	1145810.625	13698.1669921875	6065.33349609375	63815.3984375	
466.5360107421875	1779.22216796875	1115305.75	9823.25	6375.58349609375	67490.296875	
467.7539978027344	1834.888916015625	1125022.25	13565.	6167.25	64153.	
468.9719848632813	38779.94921875	1125705.75	20988.916015625	4830.41650390625	69991.703125	
470.1900024414063	2201.77783203125	1115033.75	5297.83349609375	12247.1669921875	95317.203125	
471.4079895019531	2277.125	1139316.75	17460.833984375	12835.25	68698.296875	
472.6260070800781	1245.333374023438	1154040.875	9622.5	10540.4169921875	105859.3359375	
473.843994140625	1440.900024414063	1061210.	7593.818359375	27336.	75632.78125	
475.06201171875	1761.400024414063	1189186.875	8314.9169921875	6324.58349609375	61159.80078125	
476.2799987792969	1981.599975585938	1092346.625	23562.908203125	7409.33349609375	77279.1796875	
477.4989929199219	1771.300048828125	1088664.	44949.3984375	18940.25	65740.203125	
478.7170104980469	1000.5	1114185.75	8337.	4246.16650390625	66933.3984375	
479.9349975585938	875.5	1123283.875	9496.	47649.57421875	71649.6015625	
481.1530151367188	1280.900024414063	1120547.5	4872.75	4696.75	75960.8984375	
482.3710021972656	1380.900024414063	1111798.25	7452.75	9523.4169921875	159999.234375	
483.5889892578125	1309.25	1107161.375	6075.5	10924.3330078125	88460.3671875	
484.8070068359375	1371.	1105309.375	44025.9765625	7952.	78001.3671875	
486.0249938964844	541.75	1209250.5	10533.1669921875	28928.662109375	88233.8984375	
487.2430114746094	1325.916625976563	1086904.5	13390.75	70187.03125	82181.6640625	
488.4609985351563	1751.400024414063	1086565.375	24424.333984375	4963.66650390625	112566.6640625	
489.6799926757813	1192.5	1113272.875	20152.75	12207.8330078125	84554.4453125	
490.8980102539063	1250.900024414063	1123412.5	27462.544921875	8996.5	57824.80078125	
492.1159973144531	1445.444458007813	1090811.5	23232.908203125	5857.	68395.1015625	
493.3340148925781	1781.5	1119597.625	43024.50390625	24183.416015625	89502.5546875	
494.552001953125	1200.77783203125	1110364.625	37285.8828125	6833.5	70437.1015625	
495.7699890136719	1834.888916015625	1285557.	14608.5	13573.25	62503.69921875	
496.9880065917969	1534.333374023438	1205421.375	15050.1669921875	10985.3330078125	58555.80078125	
498.2059936523438	1110.699951171875	1094648.875	40921.96875	9931.25	66684.296875	
499.4240112304688	2026.75	1098600.5	11493.5	7553.16650390625	78679.796875	
500.6419982910156	1360.800048828125	1075569.75	82343.9140625	11420.5830078125	61115.6015625	
501.8609924316406	1170.699951171875	1083219.5	10807.25	6608.75	93358.109375	
503.0790100097656	1611.300048828125	1095498.625	17295.091796875	10777.25	57653.5	
504.2969970703125	1656.888916015625	1106662.25	4013.833251953125	5573.08349609375	67764.1015625	
505.5150146484375	1134.	1099897.75	6524.91650390625	3311.666748046875	78205.1015625	
506.7330017089844	1346.45458984375	1149747.625	9973.9169921875	6741.66650390625	72529.8984375	
507.9509887695313	3153.5	1100839.5	28752.806640625	9436.5830078125	92286.4609375	
509.1690063476563	1957.22216796875	1105837.375	17045.	11166.1669921875	58700.19921875	
510.3869934082031	2012.888916015625	1075338.625	5352.	13623.1669921875	86512.90625	
511.6050109863281	1531.	1116212.5	4238.	5323.66650390625	67971.296875	
512.823974609375	1309.909057617188	1102813.75	7351.41650390625	11260.75	105947.0078125	
514.0419921875	1160.699951171875	1067459.375	16581.	3995.916748046875	88290.203125	
515.260009765625	1328.272705078125	1085682.625	30101.908203125	8537.4169921875	73517.	
516.47802734375	1118.818237304688	1066822.	10070.25	3745.75	96784.8984375	
517.6959838867188	1661.400024414063	1105050.625	9531.5	19203.916015625	77934.890625	
518.9140014648438	1367.5	1103193.	5841.41650390625	2268.666748046875	61311.6015625	
520.1320190429688	1401.	1078374.25	30279.4453125	4721.91650390625	90393.1875	
521.3499755859375	1380.900024414063	1137748.5	8348.	5031.08349609375	62904.	
522.5679931640625	930.4000244140625	1076644.5	25594.166015625	5406.25	57277.8984375	
523.7860107421875	691.8333129882813	1128359.125	10067.1669921875	6400.91650390625	86135.1015625	
525.0050048828125	2519.333251953125	1052465.75	51014.45703125	3503.5	61566.80078125	
526.2230224609375	1811.400024414063	1095541.375	182061.828125	16187.9169921875	61045.6015625	
527.4409790039063	3806.166748046875	1105986.125	30383.060546875	9146.8330078125	61590.80078125	
528.6589965820313	1040.599975585938	1107055.125	83218.703125	9180.75	67708.6015625	
529.8770141601563	550.1666870117188	1119004.5	17298.083984375	5457.5	153928.015625	
531.094970703125	1517.833374023438	1093120.	24157.458984375	4722.33349609375	66465.5	
532.31298828125	2129.272705078125	1079872.	16967.544921875	10807.4169921875	63760.	
533.531005859375	2324.5556640625	1062857.75	4897.5	7030.33349609375	93346.5078125	
534.7490234375	936.8181762695313	1109749.375	24945.908203125	3211.333251953125	57613.1015625	
535.9669799804688	1320.900024414063	1081949.375	127905.6015625	6218.	65404.80078125	
537.1859741210938	1350.900024414063	1030809.75	3687.25	3796.	59352.69921875	
538.4039916992188	1291.727294921875	1053787.25	26660.666015625	16382.8330078125	55142.6015625	
539.6220092773438	1128.	1191164.125	6839.2998046875	9506.	92074.453125	
540.8400268554688	1220.699951171875	1062313.375	13971.9169921875	6242.41650390625	56849.1015625	
542.0579833984375	1240.800048828125	1058377.25	8321.4169921875	19827.916015625	107075.21875	
543.2760009765625	1590.111083984375	1093030.125	22108.333984375	23940.599609375	71412.	
544.4940185546875	1337.363647460938	1183232.	5957.	5097.41650390625	66901.3984375	
545.7119750976563	2077.	1096206.25	12001.3330078125	5748.58349609375	65162.5	
546.9299926757813	1420.900024414063	1101104.	19928.916015625	4446.66650390625	61789.8984375	
548.1489868164063	3274.199951171875	1090805.375	23316.083984375	5089.08349609375	68240.6015625	
549.3670043945313	1511.199951171875	1068922.625	6818.7998046875	3503.583251953125	60072.80078125	
550.5850219726563	2012.666625976563	1050289.25	19571.916015625	24852.63671875	68383.8984375	
551.802978515625	1140.800048828125	1169708.125	13130.8330078125	3545.083251953125	60969.19921875	
553.02099609375	1109.818237304688	1083602.625	21750.25	4137.58349609375	63938.91796875	
554.239013671875	1645.666625976563	1061243.125	17062.916015625	8036.5	56205.	
555.4569702148438	1591.199951171875	1099661.	4239.41650390625	10158.5	64758.5	
556.6749877929688	1491.199951171875	1100415.625	7753.66650390625	10737.25	72950.203125	
557.8930053710938	1167.444458007813	1081121.625	9200.8330078125	5715.66650390625	71932.296875	
559.1110229492188	1070.599975585938	1069045.125	11673.181640625	8613.75	74714.5	
560.3300170898438	1250.800048828125	1101886.125	19765.466796875	7142.	68081.3984375	
561.5479736328125	1033.916625976563	1093900.5	4422.16650390625	21510.833984375	58381.80078125	
562.7659912109375	1160.699951171875	1107391.25	8931.2724609375	8446.5830078125	63277.5	
563.9840087890625	1731.300048828125	1055540.5	17289.	6299.25	53594.6015625	
565.2020263671875	1025.583374023438	1142692.25	3503.9091796875	7209.41650390625	76948.890625	
566.4199829101563	2213.22216796875	1133759.25	6433.	10820.3330078125	54930.5	
567.6380004882813	1483.	1081944.	28744.333984375	6031.75	65944.3984375	
568.8560180664063	1237.272705078125	1106824.	22858.333984375	7618.	61217.69921875	
570.073974609375	1137.090942382813	1081633.75	8078.33349609375	10249.25	70556.3984375	
571.2919921875	1125.75	1125736.375	24172.36328125	7970.25	76485.203125	
572.510986328125	3889.416748046875	1063980.5	7045.08349609375	8336.5830078125	59151.19921875	
573.72900390625	1968.333374023438	1055868.5	16875.63671875	5565.41650390625	54507.69921875	
574.947021484375	2212.	1113846.25	21049.	17018.666015625	88550.3359375	
576.1649780273438	1461.	1081931.5	3854.166748046875	45742.94921875	59748.19921875	
577.3829956054688	1921.5	1247079.75	38604.9296875	17227.75	80231.	
578.6010131835938	1701.363647460938	1091614.	13260.25	5314.25	67440.3984375	
579.8189697265625	1451.	1095821.375	44785.546875	8719.75	94733.1953125	
581.0369873046875	2391.22216796875	1085278.25	5874.16650390625	69384.921875	59757.80078125	
582.2550048828125	1935.	1136196.75	7835.08349609375	8578.5830078125	60228.5	
583.4739990234375	3593.111083984375	1077664.	25844.75	7551.33349609375	59734.3984375	
584.6920166015625	1651.199951171875	1059820.5	13507.3330078125	10559.8330078125	59956.19921875	
585.9099731445313	1571.099975585938	1077826.875	13885.0830078125	7711.16650390625	90045.171875	
587.1279907226563	1741.400024414063	1091932.5	12731.4541015625	7501.33349609375	66379.	
588.3460083007813	1118.818237304688	1102540.875	9213.0830078125	13113.0830078125	63413.	
589.5640258789063	1200.800048828125	1066666.625	10171.9169921875	3386.583251953125	54548.5	
590.781982421875	2702.5	1109555.125	3629.416748046875	5856.75	62490.19921875	
592.	2990.625	1083316.5	17261.908203125	10009.0830078125	57777.6015625	
593.218017578125	2894.833251953125	1233829.125	16120.36328125	9819.0830078125	66229.203125	
594.4359741210938	4004.111083984375	1093114.625	20541.166015625	5723.33349609375	63816.69921875	
595.655029296875	2190.666748046875	1107335.125	6691.91650390625	3286.416748046875	55744.3984375	
596.8729858398438	1355.45458984375	1041661.3125	13772.5830078125	9263.25	58163.3984375	
598.0910034179688	1681.099975585938	1052907.625	16198.25	9189.4169921875	87812.5	
599.3090209960938	1981.5	1081800.	28466.	8569.0908203125	72908.6328125	
600.5269775390625	2658.111083984375	1014300.4375	5523.5	5256.16650390625	59323.19921875	
601.7449951171875	2546.888916015625	1089946.625	3812.583251953125	5398.5	87033.046875	
602.9630126953125	1851.400024414063	1101761.75	9784.75	10755.	75628.6328125	
604.1810302734375	1961.699951171875	1098948.5	11112.181640625	6466.91650390625	62578.5	
605.3989868164063	2252.	1072770.625	20794.	2777.5	58379.30078125	
606.6170043945313	1460.900024414063	1104613.375	17601.833984375	5305.83349609375	50963.83203125	
607.8359985351563	2880.4443359375	1122955.25	6040.66650390625	35205.19140625	54708.30078125	
609.0540161132813	2491.	1056942.25	40508.83984375	6599.58349609375	69656.78125	
610.27197265625	3223.199951171875	1143968.	21704.916015625	14865.3330078125	69084.1015625	
611.489990234375	2932.60009765625	1121552.	35632.26953125	10783.6669921875	60273.30078125	
612.7080078125	2502.300048828125	1128759.125	10357.5	10530.75	65191.8984375	
613.926025390625	2902.5556640625	1101320.	90001.375	7476.58349609375	63854.91015625	
615.1439819335938	7807.83349609375	1090857.75	5190.66650390625	5456.	55099.80078125	
616.3619995117188	2191.699951171875	1089120.	4413.66650390625	4521.58349609375	63256.	
617.5800170898438	3403.111083984375	1093822.625	13926.9169921875	8814.5	63113.6015625	
618.7990112304688	3363.39990234375	1101583.625	12266.25	8828.8330078125	62181.8984375	
620.0170288085938	2813.666748046875	1069883.5	16666.30078125	18436.416015625	54435.6015625	
621.2349853515625	2257.4443359375	1139416.5	8179.91650390625	7518.	59079.1015625	
622.4530029296875	2246.333251953125	1130810.625	12081.099609375	8555.5	76560.09375	
623.6710205078125	2129.0908203125	1092532.5	13380.5830078125	11350.3330078125	61102.	
624.8889770507813	2202.	1065931.625	9233.5	13822.0830078125	71382.	
626.1069946289063	3559.333251953125	1084052.75	15740.3330078125	14320.4169921875	55706.19921875	
627.3250122070313	2251.89990234375	1080505.75	5938.10009765625	4454.75	53388.69921875	
628.5430297851563	1337.272705078125	1077993.375	10414.1455078125	4354.66650390625	57795.6015625	
629.760986328125	2141.89990234375	1083241.375	14177.099609375	4696.91650390625	51697.1015625	
630.97998046875	1910.54541015625	1127833.75	4579.91650390625	8937.4169921875	67570.796875	
632.197998046875	1984.75	1091212.5	9698.25	6749.75	57006.	
633.416015625	3394.272705078125	1077377.75	4454.83349609375	8394.5	59854.6015625	
634.6339721679688	2642.199951171875	1285074.625	6607.818359375	11947.36328125	61580.81640625	
635.8519897460938	3759.22216796875	1111450.25	41266.79296875	10981.4169921875	51185.30078125	
637.0700073242188	3536.916748046875	1091048.	15106.9169921875	13888.75	54258.80078125	
638.2880249023438	6567.7998046875	1071993.25	13656.5	13598.3330078125	53234.80078125	
639.5059814453125	4905.39990234375	1061585.75	6567.5	21495.833984375	51146.	
640.7239990234375	6696.77783203125	1159220.875	14408.1669921875	23106.25	55624.1015625	
641.9420166015625	3748.22216796875	1050259.5	16423.	9520.8330078125	78149.109375	
643.1610107421875	3753.89990234375	1050601.375	5831.83349609375	21372.916015625	49783.36328125	
644.3790283203125	3892.888916015625	1059334.375	13877.25	12018.25	67314.	
645.5969848632813	3233.	1061004.5	22407.091796875	9353.5830078125	52299.30078125	
646.8150024414063	11730.900390625	1065477.75	17046.833984375	8210.3330078125	57929.30078125	
648.0330200195313	3833.699951171875	1082065.	42335.5	7759.41650390625	54709.81640625	
649.2509765625	4460.33349609375	1061770.625	6367.08349609375	6958.25	116516.21875	
650.468994140625	3212.89990234375	1087744.375	11268.	9437.4169921875	51809.19921875	
651.68701171875	2502.166748046875	1074664.	14079.2724609375	12927.5830078125	55161.30078125	
652.905029296875	3663.699951171875	1105262.875	4363.16650390625	11651.75	52622.69921875	
654.1240234375	3183.199951171875	1175318.875	9984.8330078125	8547.6669921875	52924.5	
655.3419799804688	2221.800048828125	1093383.75	11738.4169921875	7016.66650390625	47708.18359375	
656.5599975585938	2327.083251953125	1077968.	6316.16650390625	6081.91650390625	52322.30078125	
657.7780151367188	2722.5	1015826.6875	6551.11474609375	11561.6669921875	57942.3984375	
658.9959716796875	2513.4443359375	1088234.125	9738.3330078125	51079.99609375	52131.	
660.2139892578125	2932.60009765625	1027094.	4747.	14346.5830078125	49510.6015625	
661.4320068359375	3072.800048828125	1058384.875	9167.0908203125	11515.6669921875	102801.5	
662.6500244140625	2919.333251953125	1084036.25	20044.333984375	13170.5	50454.5	
663.8679809570313	6319.22216796875	1068489.875	14224.3330078125	17109.5	53291.	
665.0859985351563	3876.636474609375	1456827.75	19683.5	22753.3984375	53451.5	
666.3049926757813	2794.25	1079746.625	10997.5458984375	10098.1669921875	60737.6015625	
667.5230102539063	6088.2001953125	1042373.3125	57334.59375	7902.41650390625	58995.69921875	
668.7410278320313	3292.	1080411.	10702.0830078125	6207.25	52882.3984375	
669.958984375	3658.181884765625	1036608.4375	7592.83349609375	13948.0830078125	68905.8984375	
671.177001953125	5115.7998046875	1176632.25	7376.5	6566.08349609375	52410.1015625	
672.39501953125	2682.39990234375	1110014.875	12045.2001953125	15732.	55137.80078125	
673.6129760742188	4805.	1117501.625	13674.9169921875	9730.6669921875	51639.69921875	
674.8309936523438	2993.818115234375	1022802.25	42777.08203125	24717.083984375	48504.3984375	
676.0490112304688	5716.5	1036264.125	4947.5	5622.66650390625	63779.8984375	
677.2670288085938	2465.818115234375	1056020.	9231.7275390625	13584.3330078125	51226.80078125	
678.4860229492188	2391.	1114180.125	7627.66650390625	14305.8330078125	52291.3984375	
679.7039794921875	2552.10009765625	1093884.125	5140.58349609375	14558.63671875	75661.171875	
680.9219970703125	2913.666748046875	1046343.125	21051.22265625	6983.16650390625	152130.453125	
682.1400146484375	14112.625	1061040.75	13422.	9445.3330078125	53115.80078125	
683.3579711914063	2285.5	1099646.625	21949.833984375	18327.	56196.	
684.5759887695313	5606.77783203125	1081346.625	58336.546875	19186.666015625	52652.5	
685.7940063476563	5569.818359375	1065607.125	24705.333984375	20562.75	78346.9140625	
687.0120239257813	2669.166748046875	1064165.25	18466.75	14289.25	50031.1015625	
688.22998046875	6357.2001953125	1046540.	29059.333984375	14967.4169921875	61061.6015625	
689.448974609375	5370.36376953125	1080768.	25825.5	12974.4169921875	66702.6328125	
690.6669921875	3753.699951171875	1066065.75	11627.	19697.181640625	49741.1015625	
691.885009765625	4725.	1055596.875	13840.63671875	17725.916015625	84744.609375	
693.10302734375	4114.10009765625	1076897.5	23094.25	13402.0830078125	47071.80078125	
694.3209838867188	4746.66650390625	1109790.375	18146.	16210.3330078125	55096.19921875	
695.5390014648438	3512.45458984375	1093264.875	44436.81640625	16679.75	62285.69921875	
696.7570190429688	3378.166748046875	1121080.	16285.3330078125	40328.58203125	64379.3984375	
697.9749755859375	3843.89990234375	1145384.375	32544.166015625	10296.5	53198.30078125	
699.1929931640625	4194.2001953125	1086395.5	21557.25	16194.5	78272.671875	
700.4110107421875	4823.63623046875	1069565.375	14598.25	12661.25	131899.	
701.6300048828125	3228.083251953125	1090320.875	29101.7265625	15825.75	65551.4453125	
702.8480224609375	3785.636474609375	1126383.	36769.41796875	18226.166015625	60494.	
704.0659790039063	3163.	1199302.75	20550.416015625	9745.6669921875	70795.109375	
705.2839965820313	27233.142578125	1089876.5	301238.5	26810.833984375	51008.8984375	
706.5020141601563	11480.8330078125	1107679.	78351.296875	26142.666015625	50092.6015625	
707.719970703125	4215.4443359375	1086040.875	26044.2734375	13170.6669921875	50745.30078125	
708.93798828125	5085.89990234375	1071436.5	71701.796875	31104.19140625	55043.18359375	
710.156005859375	6476.33349609375	1073047.125	23856.083984375	121264.90625	44559.33203125	
711.3740234375	2848.0908203125	1108370.375	37557.41796875	23600.333984375	55493.69921875	
712.5919799804688	3483.5	1225909.5	28072.75	22705.	98320.4453125	
713.8109741210938	3133.	1090226.625	48212.80078125	9178.6669921875	54214.6015625	
715.0289916992188	4186.181640625	1115254.25	45865.36328125	19272.	58193.69921875	
716.2470092773438	3870.833251953125	1165826.875	13755.1669921875	24090.	51006.80078125	
717.4650268554688	3139.45458984375	1138160.	24296.5	17767.333984375	103285.6484375	
718.6829833984375	2891.666748046875	1140854.25	33331.05859375	10288.1669921875	67708.796875	
719.9010009765625	3447.77783203125	1074668.5	25855.36328125	10916.75	105761.984375	
721.1190185546875	3393.39990234375	1122969.875	20609.36328125	15199.5830078125	71018.4453125	
722.3369750976563	2438.54541015625	1031935.125	39981.91796875	17540.900390625	77191.	
723.5549926757813	2711.54541015625	1069337.375	11825.6669921875	14241.1669921875	57380.08984375	
724.7739868164063	3634.	1072392.	24849.25	9521.	111430.140625	
725.9920043945313	2131.699951171875	1114764.5	18210.916015625	13152.4169921875	64201.77734375	
727.2100219726563	1783.090942382813	1119934.625	28177.083984375	12365.6669921875	84660.109375	
728.427978515625	4149.9091796875	1090702.25	23144.583984375	13788.75	65571.25	
729.64599609375	3036.111083984375	1156315.5	32232.671875	23086.333984375	86534.1015625	
730.864013671875	2982.699951171875	1079938.625	28896.333984375	13069.9169921875	58452.	
732.0819702148438	3543.800048828125	1349358.125	13613.5830078125	11366.3330078125	122580.1484375	
733.2999877929688	2642.39990234375	1077639.625	56883.9375	11516.0830078125	54017.1015625	
734.5180053710938	1981.599975585938	1151490.75	17016.333984375	7534.	96490.9296875	
735.7360229492188	1993.333374023438	1081939.875	7601.33349609375	35749.75	53814.1015625	
736.9550170898438	1451.083374023438	1068838.25	13624.4169921875	6968.08349609375	49792.69921875	
738.1729736328125	2418.833251953125	1081477.375	9654.4169921875	9706.5	57069.8984375	
739.3909912109375	2157.4443359375	1079631.25	46126.87890625	8035.08349609375	61704.	
740.6090087890625	3782.	1076580.125	16891.900390625	21651.	94785.8125	
741.8270263671875	3080.77783203125	1062748.625	27630.	15589.5	57395.1015625	
743.0449829101563	4013.800048828125	1111928.875	7711.	29106.	48776.8984375	
744.2630004882813	6908.	1034678.25	19041.666015625	15039.3330078125	49249.1015625	
745.4810180664063	6972.	1126279.875	28748.	19351.25	52428.80078125	
746.698974609375	8891.099609375	1239275.5	16128.0830078125	52739.02734375	80767.9296875	
747.9169921875	6527.2998046875	1113324.	16222.1669921875	18470.	73313.	
749.135986328125	6286.89990234375	1089375.	37462.83984375	18340.166015625	89800.015625	
750.35400390625	9361.7001953125	1189571.75	13269.4541015625	13937.1669921875	123537.3984375	
751.572021484375	8264.4541015625	1103584.875	11367.9169921875	25622.75	92573.3828125	
752.7899780273438	12096.125	1088142.5	56801.32421875	16323.25	48454.80078125	
754.0079956054688	10715.5458984375	1070225.75	27492.916015625	13970.4169921875	52370.5	
755.2260131835938	4905.91650390625	1155902.125	20859.455078125	19272.666015625	64974.19921875	
756.4439697265625	3687.25	1035669.5	37965.3984375	11483.3330078125	209799.9375	
757.6619873046875	5105.36376953125	1065453.	20605.25	21444.666015625	64853.4453125	
758.8800048828125	5684.22216796875	1125970.625	7968.33349609375	11065.25	50933.5	
760.0989990234375	4171.111328125	1045656.	42068.31640625	17390.083984375	72418.8984375	
761.3170166015625	3853.89990234375	1073519.75	112822.625	11409.6669921875	52853.3984375	
762.5349731445313	4324.5	1097140.	19371.908203125	18562.7265625	45796.19921875	
763.7529907226563	4927.5556640625	1179969.375	21978.083984375	9095.1669921875	53582.453125	
764.9710083007813	2684.181884765625	1073378.75	26767.5	14883.1669921875	63758.33203125	
766.1890258789063	3667.54541015625	1127427.25	17020.181640625	6399.41650390625	49047.	
767.406982421875	3904.45458984375	1169986.	23374.916015625	14347.5830078125	48514.3984375	
768.625	2462.10009765625	1329686.	29955.583984375	9370.75	72067.8984375	
769.843017578125	2210.166748046875	1130989.375	17108.	29541.916015625	46086.6015625	
771.0609741210938	2432.10009765625	1054300.625	23974.833984375	25562.416015625	53630.1015625	
772.280029296875	3837.333251953125	1052759.25	21839.63671875	13699.1669921875	68437.203125	
773.4979858398438	2557.77783203125	1132743.125	17339.25	10405.4169921875	46637.80078125	
774.7160034179688	1957.111083984375	1079053.375	71989.109375	12229.9169921875	66307.	
775.9340209960938	2061.699951171875	1090606.625	21842.166015625	12068.	49409.1015625	
777.1519775390625	1684.666625976563	1081947.75	21826.416015625	11234.5830078125	65448.6015625	
778.3699951171875	2071.699951171875	1041640.	22610.916015625	33443.765625	50081.1015625	
779.5880126953125	1500.909057617188	1035087.9375	18212.80078125	5330.83349609375	51912.	
780.8060302734375	2176.833251953125	1130764.75	29979.	19290.5	57113.	
782.0239868164063	3292.111083984375	1075727.125	8547.	4421.25	55431.80078125	
783.2420043945313	1968.22216796875	1097492.625	28617.099609375	9572.5830078125	54268.69921875	
784.4609985351563	1000.5	1253967.75	5748.66650390625	18508.25	57813.69921875	
785.6790161132813	2513.5556640625	1043747.5625	14956.5830078125	3787.5	83538.5859375	
786.89697265625	1330.900024414063	1060012.5	6582.75	8005.25	46598.	
788.114990234375	1267.77783203125	1071729.625	15007.0830078125	4354.58349609375	51156.5	
789.3330078125	700.25	1122439.75	8410.5830078125	5548.41650390625	49933.5	
790.551025390625	1441.099975585938	1151356.25	16313.75	9012.75	59299.	
791.7689819335938	2877.75	1162437.	19067.	11431.0908203125	107976.59375	
792.9869995117188	1483.	1115677.375	29567.75	15075.4169921875	50192.6015625	
794.2050170898438	1321.	1129400.625	19018.333984375	20445.583984375	46659.3984375	
795.4229736328125	2141.800048828125	1117651.375	67263.046875	9773.1669921875	46718.8984375	
796.6420288085938	1790.111083984375	1060482.25	11758.5	11645.1669921875	47401.6015625	
797.8599853515625	1951.699951171875	1046852.75	58838.9453125	30453.0859375	49707.3984375	
799.0780029296875	2043.5	1092895.5	63843.12109375	18969.	93482.1640625	
800.2960205078125	6366.	1084234.625	4796.66650390625	8838.818359375	179646.703125	
801.5139770507813	1921.599975585938	1083738.125	11391.9169921875	6935.08349609375	48925.19921875	
802.7319946289063	1320.800048828125	1094986.625	28451.900390625	6558.08349609375	71089.8828125	
803.9500122070313	1711.199951171875	1124552.875	11016.9169921875	5281.08349609375	44791.3984375	
805.1680297851563	1712.333374023438	1042173.0625	8972.2001953125	4237.83349609375	90501.5546875	
806.385986328125	825.5	1084204.375	54759.2734375	5414.33349609375	49956.5	
807.60498046875	1609.666625976563	1072612.875	22565.833984375	6900.66650390625	120564.15625	
808.822998046875	1501.099975585938	1087000.	7226.72705078125	3328.25	48407.16796875	
810.041015625	733.8333129882813	1136324.5	9103.4541015625	4513.08349609375	129293.734375	
811.2589721679688	2332.10009765625	1054495.875	8894.8330078125	6115.16650390625	48778.25	
812.4769897460938	1631.300048828125	1088663.125	20566.	3561.833251953125	49778.1015625	
813.6950073242188	1382.727294921875	1073067.5	4871.66650390625	5831.58349609375	46468.6015625	
814.9130249023438	1410.900024414063	1062738.625	16041.4541015625	3253.	47182.	
816.1309814453125	3115.75	1069506.625	18523.5	11032.75	49879.6015625	
817.3489990234375	1017.25	1075342.	16623.083984375	5514.75	47423.19921875	
818.5670166015625	1042.416625976563	1092808.875	7084.25	8471.9169921875	49521.8984375	
819.7860107421875	1934.888916015625	1157069.25	6517.5	10397.5830078125	49306.80078125	
821.0040283203125	1451.	1076313.125	16221.6669921875	3812.166748046875	53270.69921875	
822.2219848632813	1340.900024414063	1067967.125	5222.58349609375	7688.41650390625	48439.19921875	
823.4400024414063	1359.25	1171936.875	10149.0830078125	23116.216796875	48323.2734375	
824.6580200195313	1764.909057617188	1078824.625	15902.6669921875	3828.833251953125	49147.8984375	
825.8759765625	2562.39990234375	1126468.875	3720.416748046875	6148.83349609375	46709.69921875	
827.093994140625	2847.111083984375	1186468.5	7976.33349609375	10625.4169921875	59617.30078125	
828.31201171875	1841.400024414063	1168687.125	6384.08349609375	5305.66650390625	57251.33203125	
829.530029296875	2046.111083984375	1129632.875	12359.75	9156.4169921875	45504.30078125	
830.7479858398438	2872.699951171875	1174339.25	8565.	10995.6669921875	47210.30078125	
831.9669799804688	2991.666748046875	1192274.25	21242.091796875	6232.16650390625	48218.83203125	
833.1849975585938	1761.400024414063	1188081.375	11533.8330078125	7642.66650390625	72482.203125	
834.4030151367188	2680.4443359375	1136876.5	16966.908203125	7612.66650390625	47500.69921875	
835.6209716796875	1981.5	1395976.5	15366.5830078125	9864.	46808.6015625	
836.8389892578125	1981.699951171875	1168150.25	10490.25	6858.16650390625	47573.19921875	
838.0570068359375	2822.5	1203655.875	16578.	11487.8330078125	67609.453125	
839.2750244140625	2362.	1183377.125	8819.818359375	15531.	48906.69921875	
840.4929809570313	1941.5	1138821.375	6908.181640625	8278.3330078125	48314.8984375	
841.7109985351563	1710.45458984375	1144059.5	74682.8828125	6783.08349609375	45434.3984375	
842.9299926757813	2512.39990234375	1120716.625	19190.099609375	4371.25	45784.8984375	
844.1480102539063	1701.181762695313	1148057.5	5990.	4989.33349609375	45383.6015625	
845.3660278320313	1746.727294921875	1308487.75	6883.16650390625	10908.1669921875	75846.	
846.583984375	1431.099975585938	1114174.25	17255.	7159.75	69162.796875	
847.802001953125	1270.900024414063	1150843.875	8338.5458984375	6249.58349609375	48258.	
849.02001953125	1823.666625976563	1100055.125	10901.0830078125	11382.6669921875	45484.5	
850.2379760742188	1646.727294921875	1109188.5	5389.41650390625	6516.41650390625	44871.1015625	
851.4559936523438	1611.300048828125	1130781.625	8129.63623046875	7425.91650390625	68523.	
852.6740112304688	1831.599975585938	1104870.25	9130.75	5390.33349609375	47689.80078125	
853.8920288085938	2235.333251953125	1141004.5	13180.181640625	5690.25	81430.671875	
855.1110229492188	1137.	1112062.25	16596.5	9132.25	45052.69921875	
856.3289794921875	1473.727294921875	1100968.875	21032.5	8400.	47853.8984375	
857.5469970703125	1450.900024414063	1131652.5	9981.4169921875	6985.	46367.19921875	
858.7650146484375	7334.58349609375	1144422.125	148698.796875	5898.0908203125	47833.6015625	
859.9829711914063	1360.900024414063	1121090.625	11886.3330078125	3295.	49153.8984375	
861.2009887695313	1731.199951171875	1128521.75	7326.818359375	3486.75	45663.80078125	
862.4190063476563	1330.900024414063	1115966.25	5464.41650390625	3603.333251953125	71258.4453125	
863.6370239257813	1467.666625976563	1156252.75	11571.	8596.0830078125	73558.7109375	
864.85498046875	1745.77783203125	1140637.375	5631.25	8127.58349609375	62267.890625	
866.072998046875	1521.199951171875	1146751.875	7377.41650390625	4471.58349609375	49892.1015625	
867.2919921875	1245.333374023438	1136816.	6534.54541015625	2777.416748046875	52226.36328125	
868.510009765625	1542.916625976563	1154385.75	4387.83349609375	3887.833251953125	49277.8984375	
869.72802734375	1437.272705078125	1293401.875	4630.08349609375	4246.16650390625	46065.5	
870.9459838867188	1881.5	1147670.25	6253.	7401.41650390625	45534.30078125	
872.1640014648438	2392.300048828125	1211401.	4446.33349609375	11133.6669921875	46868.69921875	
873.3820190429688	1309.909057617188	1151964.5	4004.083251953125	3286.666748046875	62628.	
874.5999755859375	4249.22216796875	1122327.5	5323.9091796875	4070.916748046875	46446.	
875.8179931640625	3081.22216796875	1129901.375	6658.5	4187.58349609375	48686.1015625	
877.0360107421875	1481.	1091098.75	61609.5	4037.5	45622.80078125	
878.2550048828125	1330.900024414063	1122716.5	4538.41650390625	3019.5	44892.1015625	
879.4730224609375	1711.199951171875	1111713.	7449.39990234375	13832.4169921875	59941.1015625	
880.6909790039063	1573.818237304688	1146232.875	14272.5458984375	21795.416015625	61253.80078125	
881.9089965820313	1246.090942382813	1169294.25	71682.0703125	9480.9169921875	57109.	
883.1270141601563	1567.77783203125	1068531.625	15010.63671875	5524.16650390625	49070.30078125	
884.344970703125	3243.39990234375	1133675.5	5206.41650390625	10782.25	182210.15625	
885.56298828125	2479.888916015625	1142448.875	10317.4169921875	3904.	46437.6015625	
886.781005859375	1491.909057617188	1147712.875	4805.25	4237.75	48475.5	
887.9990234375	2346.4443359375	1129202.625	6280.45458984375	35386.3359375	46587.3984375	
889.2169799804688	2524.77783203125	1167797.75	6358.91650390625	80892.453125	48232.5	
890.4359741210938	1751.400024414063	1137945.75	12696.5830078125	4488.16650390625	105801.0546875	
891.6539916992188	1911.5	1166516.25	9789.3330078125	4797.16650390625	47431.5	
892.8720092773438	1381.	1141527.125	3728.666748046875	4429.83349609375	49343.30078125	
894.0900268554688	1401.099975585938	1140632.875	7485.58349609375	247510.4375	70855.859375	
895.3079833984375	1275.75	1247640.5	7451.58349609375	4713.5	39150.08203125	
896.5260009765625	1360.800048828125	1261520.375	8633.2724609375	40527.953125	50168.3984375	
897.7440185546875	1284.166625976563	1173875.5	6241.08349609375	41373.25390625	53211.91015625	
898.9619750976563	2402.111083984375	1181441.	21794.916015625	4296.16650390625	65396.8984375	
900.1799926757813	1290.900024414063	1137270.25	9363.4169921875	6943.	51910.8984375	
901.3980102539063	1581.099975585938	1166159.125	17218.	12744.6669921875	67968.546875	
902.6170043945313	2074.45458984375	1212631.125	111515.203125	7841.83349609375	46488.1015625	
903.8350219726563	1857.111083984375	1167030.25	27270.083984375	3971.	66479.4453125	
905.052978515625	1084.083374023438	1179854.25	15396.8330078125	9918.3330078125	52785.3984375	
906.27099609375	1851.599975585938	1193504.	4296.16650390625	4004.25	64678.30078125	
907.489013671875	1965.272705078125	1165691.5	29053.666015625	15056.4169921875	77221.	
908.7069702148438	1230.800048828125	1132409.75	5206.08349609375	9368.	53785.	
909.9249877929688	1751.300048828125	1218906.	6685.	4571.66650390625	120717.7265625	
911.1430053710938	1501.099975585938	1264392.875	5007.91650390625	9826.1669921875	72052.	
912.3610229492188	2135.111083984375	1194132.5	4780.08349609375	7761.91650390625	49431.80078125	
913.5800170898438	1417.583374023438	1210779.5	8296.9169921875	4371.25	52360.91015625	
914.7979736328125	1519.181762695313	1198778.625	10870.4443359375	11499.	136092.90625	
916.0159912109375	1120.699951171875	1172010.625	19700.25	8287.4169921875	56164.16796875	
917.2340087890625	1491.099975585938	1191861.375	4513.66650390625	8304.0830078125	48361.58203125	
918.4520263671875	1292.666625976563	1205609.875	27939.099609375	5289.83349609375	44962.6015625	
919.6699829101563	1771.400024414063	1423812.875	5608.08349609375	4296.08349609375	53947.453125	
920.8880004882813	1712.444458007813	1186575.125	66308.9765625	4162.83349609375	108400.09375	
922.1060180664063	1551.199951171875	1191741.375	9784.5	4454.83349609375	80222.6015625	
923.323974609375	2758.22216796875	1160693.625	9881.4541015625	7142.	55177.30078125	
924.5419921875	2422.199951171875	1194596.	33217.84765625	5472.66650390625	72410.4453125	
925.760986328125	1881.699951171875	1233589.875	11418.5	4029.083251953125	48383.6015625	
926.97900390625	1837.818237304688	1186491.25	25513.	4104.33349609375	47079.80078125	
928.197021484375	1871.5	1181133.375	5779.27294921875	8269.9169921875	49566.80078125	
929.4149780273438	2210.818115234375	1252284.5	42578.390625	3411.666748046875	49270.5	
930.6329956054688	2061.800048828125	1335942.625	8161.45458984375	31218.123046875	45947.	
931.8510131835938	1674.	1237245.125	58056.5078125	4029.166748046875	43523.41796875	
933.0689697265625	1801.363647460938	1233642.25	3720.5	4805.	85822.3515625	
934.2869873046875	4715.7998046875	1210514.625	33987.6015625	8469.	88295.1953125	
935.5050048828125	1851.400024414063	1220764.5	7197.5	6198.41650390625	56949.80078125	
936.7230224609375	3013.888916015625	1255337.75	9807.9169921875	6190.16650390625	58112.69921875	
937.9420166015625	2183.45458984375	1242272.875	44348.3984375	16842.455078125	58513.1015625	
939.1599731445313	3143.	1264569.75	5539.91650390625	9812.4169921875	50210.19921875	
940.3779907226563	4595.7001953125	1254949.375	5824.41650390625	16716.666015625	55777.6015625	
941.5960083007813	19387.	1268272.875	9510.25	11274.5830078125	57322.80078125	
942.8140258789063	4587.36376953125	1235191.875	14612.5830078125	13186.6669921875	49649.19921875	
944.031982421875	3573.60009765625	1319710.25	14747.2724609375	11657.25	49106.3984375	
945.25	2210.25	1302765.375	5431.41650390625	13508.25	66267.8984375	
946.468017578125	6681.10009765625	1245021.625	4546.5	10831.5830078125	58217.5	
947.6859741210938	2246.4443359375	1317917.375	4538.16650390625	11031.5	52448.8984375	
948.905029296875	12417.8330078125	1296407.5	5915.25	9345.	56326.8984375	
950.1229858398438	2141.89990234375	1282513.75	5823.08349609375	8769.1669921875	61960.3984375	
951.3410034179688	1947.	1313599.125	11469.3330078125	10155.25	68661.703125	
952.5590209960938	3336.5556640625	1241419.875	11899.4443359375	8995.3330078125	57028.5	
953.7769775390625	1526.25	1263669.375	10180.0830078125	6298.83349609375	66748.3984375	
954.9949951171875	3392.333251953125	1308629.625	7150.2001953125	24647.5	57949.30078125	
956.2130126953125	25187.66015625	1270008.875	9748.9169921875	10591.5	51124.6015625	
957.4310302734375	2327.5	1260923.5	7204.16650390625	6975.33349609375	76155.1015625	
958.6489868164063	2061.699951171875	1246518.25	17373.25	12692.0830078125	70412.703125	
959.8670043945313	1681.199951171875	1237368.	16072.5458984375	13855.75	49498.5	
961.0859985351563	2001.599975585938	1303002.625	9753.	6249.33349609375	50101.1015625	
962.3040161132813	3467.636474609375	1246508.75	4254.66650390625	9498.5	136575.28125	
963.52197265625	1943.166625976563	1260343.5	82904.4375	4296.16650390625	47431.5	
964.739990234375	1691.300048828125	1230906.625	86012.5859375	3937.25	45986.3984375	
965.9580078125	2813.888916015625	1217501.375	2944.416748046875	4095.916748046875	50607.3984375	
967.176025390625	2121.800048828125	1195094.375	3663.5	4989.08349609375	48615.5	
968.3939819335938	850.4166870117188	1200202.625	63277.27734375	8193.75	46708.19921875	
969.6119995117188	1437.272705078125	1160600.875	3854.75	3244.833251953125	49420.19921875	
970.8300170898438	1410.	1129805.375	2138.181884765625	5590.25	47935.	
972.0479736328125	1260.900024414063	1101845.875	8787.9091796875	6428.08349609375	61242.6015625	
973.2670288085938	1581.099975585938	1127050.625	2444.	2201.916748046875	46407.3984375	
974.4849853515625	1378.77783203125	1096011.5	6919.91650390625	2502.25	44239.6015625	
