Trace for Mass:	Na23(LR)	Mg25(LR)	Cu63(LR)	Pb208(LR)	Sn118(LR)
Resolution:	Low	Low	Low	Low	Low
					
Time	Intensity	Intensity	Intensity	Intensity	Intensity
[sec]	[cps]	[cps]	[cps]	[cps]	[cps]

1.25	811064.	1851.25	13200.6669921875	1425.916625976563	500.0833435058594	
2.497999906539917	811900.	1250.75	12774.9169921875	1309.25	558.4166870117188	
3.746000051498413	797244.	1876.5	13133.6669921875	1142.25	591.8333129882813	
4.99399995803833	776272.	1726.5	13643.	1067.166625976563	483.4166564941406	
6.242000102996826	783140.	2627.25	13325.9169921875	1092.166625976563	566.6666870117188	
7.491000175476074	952889.875	6357.25	14669.8330078125	1751.25	558.4166870117188	
8.73900032043457	882424.	4354.5	15830.1669921875	1467.75	591.6666870117188	
9.987000465393066	984516.	6106.75	16866.	1367.5	516.8333129882813	
11.23499965667725	978008.	4504.5	16924.083984375	1417.583374023438	525.0833129882813	
12.48299980163574	1100405.5	8535.5	16982.416015625	1559.416625976563	575.0833129882813	
13.73099994659424	1286406.25	5781.25	19036.5	1509.333374023438	458.3333435058594	
14.97900009155273	983496.	8034.25	17700.416015625	1968.25	583.4166870117188	
16.22699928283691	913845.4375	6257.	18035.	1734.5	608.5	
17.47500038146973	1305536.875	4379.25	17867.75	1709.583374023438	583.5	
18.72299957275391	987544.375	6382.	19354.583984375	1451.	583.5833129882813	
19.97100067138672	968581.	19063.	18477.5	1576.166625976563	750.25	
21.21999931335449	901912.	4454.25	20882.916015625	1434.333374023438	691.9166870117188	
22.46800041198731	996908.	3678.5	16990.583984375	2402.25	516.6666870117188	
23.71599960327148	892541.75	5756.5	16781.833984375	4388.75	767.	
24.9640007019043	976908.	5480.75	17249.75	3503.25	591.75	
26.21199989318848	908776.	4755.	20540.	2635.75	616.8333129882813	
27.45999908447266	953896.	11992.	19546.	3795.416748046875	750.25	
28.70800018310547	1003255.4375	5881.5	15805.0830078125	3545.083251953125	733.6666870117188	
29.95599937438965	970524.	4204.25	15713.25	3695.416748046875	508.3333435058594	
31.20400047302246	924432.	6507.25	16882.25	4446.25	700.25	
32.45199966430664	1018094.6875	4529.75	16890.666015625	6401.41650390625	700.1666870117188	
33.70000076293945	898488.	7559.	16690.	3044.5	683.5	
34.94900131225586	1043476.9375	6081.5	20991.	2635.583251953125	641.6666870117188	
36.19699859619141	979744.	5405.75	21011.5	2535.583251953125	625.25	
37.44499969482422	892540.	4780.	16648.416015625	2844.25	491.6666564941406	
38.69300079345703	974554.125	6482.5	18494.916015625	2552.416748046875	600.1666870117188	
39.94100189208984	903056.	9086.25	19363.	3236.583251953125	558.3333129882813	
41.18899917602539	907088.	4129.25	19128.833984375	3503.666748046875	500.1666564941406	
42.4370002746582	984872.	7208.	16957.416015625	2151.75	633.5	
43.68500137329102	897308.	4079.	17249.583984375	2435.333251953125	358.3333435058594	
44.93299865722656	912056.	5030.	18042.666015625	2210.	608.5	
46.18099975585938	974700.875	6232.	18359.916015625	3186.25	608.4166870117188	
47.42900085449219	957173.375	30835.5	19763.166015625	3561.833251953125	666.8333129882813	
48.67800140380859	1178877.25	59049.	24593.916015625	3778.75	666.9166870117188	
49.92599868774414	1145044.25	58797.	21107.25	5289.75	708.6666870117188	
51.17399978637695	1278151.	97270.	24765.916015625	4446.33349609375	658.5833129882813	
52.42200088500977	1133756.	80282.25	21859.583984375	4170.91650390625	741.9166870117188	
53.66999816894531	1255892.75	58523.25	22242.916015625	3319.75	616.75	
54.91799926757813	1129644.25	42588.75	21792.25	8144.58349609375	583.4166870117188	
56.16600036621094	1173455.375	48066.	25367.666015625	5572.75	650.0833129882813	
57.41400146484375	1095619.	48142.5	23763.583984375	2802.416748046875	558.4166870117188	
58.6619987487793	1021308.	40025.75	26108.833984375	8104.5	683.5	
59.90999984741211	957852.	35801.	31666.75	3303.166748046875	708.5833129882813	
61.15800094604492	985536.	141847.640625	22126.583984375	3670.416748046875	842.0833129882813	
62.40700149536133	1045784.	106918.40625	24725.166015625	3803.833251953125	842.1666870117188	
63.65499877929688	1023696.	108674.59375	21432.833984375	2368.666748046875	558.4166870117188	
64.90299987792969	995760.	21433.	29532.5	3002.75	558.4166870117188	
66.1510009765625	1044468.625	32791.75	28292.916015625	2277.	616.8333129882813	
67.39900207519531	997988.	26022.	25592.333984375	2702.416748046875	491.6666564941406	
68.64700317382813	1058422.5	62920.	25226.833984375	1984.833374023438	725.4166870117188	
69.89499664306641	1084940.875	37032.75	28192.916015625	3520.166748046875	616.8333129882813	
71.14299774169922	1004236.	94624.75	20347.5	2176.833251953125	558.5	
72.39099884033203	943024.	90435.	25811.25	1984.916625976563	650.0833129882813	
73.63899993896484	1008880.	18530.25	23194.916015625	2694.083251953125	575.0833129882813	
74.88700103759766	1164025.5	11415.	24908.583984375	2468.833251953125	683.5833129882813	
76.13600158691406	966468.	14069.	24532.5	2009.916625976563	616.75	
77.38400268554688	967928.125	17726.25	24015.833984375	2235.333251953125	508.4166564941406	
78.63200378417969	1112015.625	64195.75	20489.5	1542.666625976563	341.6666564941406	
79.87999725341797	2278387.5	38564.5	24199.833984375	2719.166748046875	650.0833129882813	
81.12799835205078	929048.	31371.	34053.66796875	2493.666748046875	591.9166870117188	
82.37599945068359	997637.625	15499.	20021.666015625	1693.	525.	
83.62400054931641	864416.	9661.75	38106.66796875	1818.083374023438	633.5	
84.87200164794922	897768.	60381.25	27776.166015625	1784.583374023438	683.5833129882813	
86.12000274658203	856924.	15497.75	20681.583984375	2777.583251953125	500.1666564941406	
87.36799621582031	877101.	16249.5	33731.58203125	2485.583251953125	616.8333129882813	
88.61599731445313	964212.125	8735.5	24541.416015625	2351.916748046875	691.8333129882813	
89.86499786376953	949680.	20608.5	25358.75	2418.833251953125	658.5	
91.11299896240234	917136.	10613.25	22588.25	2894.416748046875	566.8333129882813	
92.36100006103516	922760.	11640.	27893.666015625	2752.333251953125	908.8333129882813	
93.60900115966797	1014351.5	15821.75	26666.75	2527.25	666.9166870117188	
94.85700225830078	970507.75	12215.75	25586.166015625	4321.58349609375	591.75	
96.10500335693359	942848.	10187.25	34559.66796875	5617.08349609375	675.25	
97.35299682617188	925172.	9486.25	28467.166015625	2910.916748046875	858.75	
98.60099792480469	1086796.	24355.25	32773.75	2227.	583.4166870117188	
99.8489990234375	932028.	15397.25	20522.583984375	2251.916748046875	525.0833129882813	
101.0970001220703	965716.	17401.25	34767.75	3095.	908.9166870117188	
102.3450012207031	976947.9375	7433.5	22812.	2059.916748046875	491.75	
103.5940017700195	930284.	8535.	21283.916015625	2193.416748046875	550.	
104.8420028686523	1064655.	12919.5	23403.083984375	2844.166748046875	525.1666870117188	
106.0899963378906	1021014.3125	8284.75	25210.75	1743.	675.25	
107.3379974365234	1604339.875	7383.25	16898.75	2694.	583.4166870117188	
108.5859985351563	1078395.	12468.	25770.166015625	3278.	625.	
109.8339996337891	931912.	11365.75	19479.25	3336.5	741.8333129882813	
111.0820007324219	1120755.	19354.	25493.583984375	6760.91650390625	708.5833129882813	
112.3300018310547	1065119.625	62428.25	26552.916015625	9666.4169921875	750.3333129882813	
113.5780029296875	1007528.	28704.25	28333.75	4396.16650390625	483.4166564941406	
114.8259963989258	1260421.	33311.75	27915.416015625	12632.0830078125	541.75	
116.0739974975586	1149472.	37807.25	43724.33203125	5597.91650390625	642.	
117.322998046875	1017541.4375	31362.25	25068.416015625	16806.833984375	591.75	
118.5709991455078	1374208.25	104805.	25067.083984375	5122.66650390625	917.0833129882813	
119.8190002441406	961587.9375	36845.25	28913.916015625	6591.5	750.25	
121.0670013427734	993297.625	64438.75	22411.	5197.5	533.3333129882813	
122.3150024414063	1025268.	31156.	35590.234375	7655.91650390625	691.75	
123.5630035400391	1013832.	31207.75	21441.333984375	2802.666748046875	475.0833435058594	
124.8109970092773	965208.	22785.75	22612.	2068.333251953125	533.5	
126.0589981079102	961940.	39166.5	19311.916015625	2802.666748046875	600.0833129882813	
127.306999206543	931840.	20280.5	17917.333984375	2644.	683.5833129882813	
128.5549926757813	1774078.25	12340.5	20088.666015625	2226.75	533.3333129882813	
129.8029937744141	949732.	28326.	22408.416015625	8217.25	425.	
131.052001953125	921033.5	13343.5	31731.583984375	2109.916748046875	600.0833129882813	
132.3000030517578	992484.	62801.75	17266.25	3053.166748046875	500.0833435058594	
133.5480041503906	933352.	15070.75	18269.416015625	3378.916748046875	641.75	
134.7960052490234	915792.	11164.	16857.166015625	1667.833374023438	566.75	
136.0440063476563	939376.	12493.	16306.1669921875	1951.583374023438	633.4166870117188	
137.2920074462891	917420.	8234.5	15679.8330078125	2026.666625976563	541.6666870117188	
138.5399932861328	944600.	6081.5	34228.25	1567.833374023438	541.6666870117188	
139.7879943847656	890132.	6056.5	15162.25	2544.166748046875	500.0833435058594	
141.0359954833984	883952.	6181.75	17132.833984375	1526.083374023438	466.6666564941406	
142.2839965820313	1244830.375	8309.5	18410.75	1617.833374023438	450.	
143.5319976806641	928880.	7208.	19396.416015625	2076.666748046875	433.5	
144.781005859375	891956.	9236.	16590.	1559.583374023438	558.5	
146.0290069580078	897048.	12140.75	18979.083984375	1576.25	616.75	
147.2769927978516	868708.	5881.25	18535.416015625	1476.083374023438	550.1666870117188	
148.5249938964844	895780.	18228.75	20802.5	1584.5	458.4166564941406	
149.7729949951172	939424.	16122.5	18903.083984375	1484.333374023438	500.0833435058594	
151.02099609375	919716.	14519.25	18168.333984375	1434.166625976563	675.25	
152.2689971923828	935872.	30043.5	16347.8330078125	1417.666625976563	516.6666870117188	
153.5169982910156	952924.	22412.5	19420.583984375	1517.833374023438	416.6666564941406	
154.7649993896484	947660.	46956.	18727.166015625	1693.083374023438	775.1666870117188	
156.0130004882813	962355.1875	25799.75	18351.75	1417.666625976563	583.4166870117188	
157.2610015869141	949441.9375	14719.75	17333.083984375	1459.416625976563	508.4166564941406	
158.5099945068359	972124.	44954.25	17132.666015625	1325.916625976563	433.3333435058594	
159.7579956054688	922680.	17102.75	19095.5	1659.5	533.4166870117188	
161.0059967041016	948476.	14670.	15487.8330078125	1434.333374023438	550.0833129882813	
162.2539978027344	896776.	18102.25	16915.666015625	1384.25	450.	
163.5019989013672	1002882.5	14120.25	15796.75	1392.5	483.4166564941406	
164.75	888676.	10087.5	15011.9169921875	1609.416625976563	516.75	
165.9980010986328	896960.	6457.25	14678.0830078125	1401.	608.5833129882813	
167.2460021972656	886064.	8485.25	18469.75	1551.	525.	
168.4940032958984	922208.	7508.75	16005.6669921875	1609.5	475.	
169.7420043945313	896988.	7758.5	15153.9169921875	1392.75	475.1666564941406	
170.9900054931641	936237.5625	6331.75	16372.75	1417.5	475.0833435058594	
172.2389984130859	984380.	6031.5	15529.6669921875	1492.666625976563	566.75	
173.4869995117188	897796.	8235.25	17751.333984375	1401.083374023438	516.75	
174.7350006103516	874800.	14671.25	15229.1669921875	1668.	508.3333435058594	
175.9830017089844	905668.	6857.75	16247.6669921875	1542.666625976563	583.4166870117188	
177.2310028076172	913744.	12492.75	16606.583984375	1626.166625976563	608.3333129882813	
178.47900390625	929744.	7233.25	17450.083984375	1492.833374023438	658.5	
179.7270050048828	924848.	4304.5	17057.5	1526.25	525.	
180.9750061035156	896360.	7083.	16306.	2043.5	366.6666564941406	
182.2230072021484	940392.	9411.5	16598.583984375	1509.416625976563	516.75	
183.4709930419922	909000.	6882.5	17066.416015625	1401.083374023438	541.8333129882813	
184.718994140625	945657.125	4980.	15537.8330078125	1784.666625976563	591.75	
185.9680023193359	917184.	12141.25	17299.916015625	1367.5	533.4166870117188	
187.2160034179688	919520.	4654.5	17650.416015625	1384.333374023438	541.6666870117188	
188.4640045166016	890676.	4504.5	15563.0830078125	1334.166625976563	625.0833129882813	
189.7120056152344	920052.	3653.5	17909.083984375	1651.166625976563	691.8333129882813	
190.9600067138672	898612.	4780.	17709.666015625	1484.416625976563	383.3333435058594	
192.2079925537109	984560.0625	4579.5	16681.916015625	1609.416625976563	575.0833129882813	
193.4559936523438	968468.	6131.75	17040.833984375	1642.916625976563	591.9166870117188	
194.7039947509766	945324.	7934.5	16197.8330078125	1359.25	483.3333435058594	
195.9519958496094	955720.	5130.25	16305.9169921875	1526.166625976563	600.0833129882813	
197.1999969482422	964132.	4679.75	18336.916015625	1542.916625976563	700.1666870117188	
198.447998046875	946692.	11167.25	20182.75	1909.583374023438	608.4166870117188	
199.6970062255859	941428.	6983.25	18711.25	1601.166625976563	550.0833129882813	
200.9450073242188	902136.	5055.	22335.75	1818.083374023438	541.6666870117188	
202.1929931640625	932536.	41225.	20474.25	1909.75	508.4166564941406	
203.4409942626953	937504.	6907.75	18886.333984375	2060.	625.0833129882813	
204.6889953613281	1059461.75	29929.25	18961.333984375	2026.666625976563	516.6666870117188	
205.9369964599609	942156.	13669.	18193.25	2285.333251953125	566.8333129882813	
207.1849975585938	926372.	23060.75	18193.166015625	2969.416748046875	783.6666870117188	
208.4329986572266	923336.	32909.5	20517.	2543.833251953125	408.3333435058594	
209.6809997558594	947928.	34238.5	18493.5	2936.	591.75	
210.9290008544922	919644.	36821.	28981.583984375	2510.416748046875	725.25	
212.177001953125	925247.5	42863.5	17909.083984375	2335.416748046875	575.0833129882813	
213.4259948730469	1007408.	30403.	16965.583984375	2452.083251953125	575.0833129882813	
214.6739959716797	948388.	27747.25	19932.	2594.	541.75	
215.9219970703125	1060352.	27497.25	17450.666015625	2602.333251953125	608.5	
217.1699981689453	1016898.5	39811.	18996.	5851.41650390625	558.5	
218.4179992675781	1029915.75	17625.25	17467.	2118.333251953125	433.3333435058594	
219.6660003662109	911240.	13142.	16247.5830078125	2777.583251953125	791.9166870117188	
220.9140014648438	904288.	14644.75	16690.083984375	2468.75	533.3333129882813	
222.1620025634766	901308.	14846.	17032.666015625	1734.583374023438	575.0833129882813	
223.4100036621094	879860.	10187.5	17500.166015625	1851.416625976563	458.3333435058594	
224.6580047607422	891532.	9511.25	17466.416015625	1843.	541.75	
225.906005859375	948316.	11314.	16506.416015625	1592.833374023438	458.4166564941406	
227.1549987792969	1003703.3125	13193.	17057.833984375	1868.083374023438	591.8333129882813	
228.4029998779297	921494.9375	7984.25	16748.25	1743.	583.5	
229.6510009765625	856064.	8084.25	17166.083984375	1701.416625976563	541.75	
230.8990020751953	891628.	8660.25	16999.	2744.166748046875	600.1666870117188	
232.1470031738281	914496.	19053.	17675.5	2059.916748046875	666.8333129882813	
233.3950042724609	1030820.	49822.25	16890.333984375	2318.583251953125	766.75	
234.6430053710938	1045056.	52625.75	19163.166015625	2694.	725.25	
235.8910064697266	1089062.25	43391.75	19454.333984375	2744.083251953125	658.5	
237.1390075683594	1030803.4375	66243.	18427.083984375	2118.416748046875	658.3333129882813	
238.3869934082031	1055452.5	51922.25	16857.25	2944.333251953125	633.3333129882813	
239.6349945068359	1112293.5	57457.5	18827.416015625	2343.75	708.5833129882813	
240.8840026855469	1018928.	38125.5	16832.166015625	2093.416748046875	550.0833129882813	
242.1320037841797	972876.	38049.5	16823.833984375	2076.916748046875	450.	
243.3800048828125	957168.	34090.	15713.4169921875	1943.25	650.1666870117188	
244.6280059814453	971036.	22760.75	15579.75	2160.	758.6666870117188	
245.8760070800781	900856.	22485.	16415.	2085.	491.75	
247.1239929199219	999908.875	17124.5	17985.166015625	1834.833374023438	441.6666564941406	
248.3719940185547	917024.	17274.75	16080.8330078125	1701.25	383.3333435058594	
249.6199951171875	1041932.	11238.75	17442.75	1918.333374023438	725.25	
250.8679962158203	875952.	14645.	14911.8330078125	2076.666748046875	558.5	
252.1159973144531	923008.	8760.5	15930.4169921875	1843.166625976563	658.5833129882813	
253.3639984130859	904576.	125632.1875	15997.5	2326.916748046875	633.4166870117188	
254.6130065917969	1058038.25	6957.5	15178.9169921875	2285.416748046875	458.4166564941406	
255.8609924316406	830235.3125	6957.75	18988.333984375	2752.75	591.8333129882813	
257.1090087890625	918296.	11741.25	14185.5	1751.166625976563	583.5	
258.3569946289063	874220.	7784.25	15629.9169921875	1651.25	408.4166564941406	
259.6050109863281	1073104.75	10364.25	14853.5830078125	1442.5	516.75	
260.8529968261719	960836.9375	6782.75	14936.75	1926.5	558.4166870117188	
262.1010131835938	887624.	5055.25	15270.8330078125	1542.75	383.4166564941406	
263.3489990234375	866764.	4980.	23455.333984375	2719.333251953125	583.3333129882813	
264.5969848632813	916176.	6081.5	14911.75	3729.666748046875	533.4166870117188	
265.8450012207031	921064.	17008.75	16030.9169921875	1759.666625976563	600.0833129882813	
267.0929870605469	901457.8125	174408.875	17542.083984375	1317.583374023438	458.3333435058594	
268.3420104980469	877564.	5655.75	16322.8330078125	1567.666625976563	458.3333435058594	
269.5899963378906	902120.3125	5055.25	14786.8330078125	1976.666625976563	666.8333129882813	
270.8380126953125	1004201.5	5706.	15120.5	1709.583374023438	441.75	
272.0859985351563	881832.	9236.25	29269.166015625	1726.25	483.4166564941406	
273.3340148925781	940136.	12165.5	20883.166015625	1834.75	516.6666870117188	
274.5820007324219	1116496.875	14193.75	17784.083984375	2126.75	742.	
275.8299865722656	912584.	14294.75	20440.666015625	2084.916748046875	608.4166870117188	
277.0780029296875	1111490.	16699.25	19696.166015625	2327.	616.6666870117188	
278.3259887695313	893124.	11339.25	16648.25	2327.083251953125	608.5	
279.5740051269531	943837.3125	19806.75	19353.833984375	3311.666748046875	566.6666870117188	
280.8219909667969	1118139.5	18582.75	19187.083984375	5733.	533.5833129882813	
282.0710144042969	961868.	18453.	24336.666015625	2135.	583.4166870117188	
283.3190002441406	909072.	70826.75	22288.5	2485.416748046875	591.75	
284.5669860839844	1107059.375	13668.	20714.75	2402.	491.75	
285.8150024414063	942228.	11615.25	24412.083984375	1893.083374023438	550.0833129882813	
287.06298828125	973504.	8760.5	18710.583984375	3403.583251953125	508.4166564941406	
288.3110046386719	947652.	9786.75	24048.416015625	2435.333251953125	483.4166564941406	
289.5589904785156	973712.	6933.	20121.916015625	2043.333374023438	458.3333435058594	
290.8070068359375	977130.3125	7658.75	24276.75	1909.833374023438	658.5833129882813	
292.0549926757813	953508.	7133.	24223.916015625	1759.666625976563	683.6666870117188	
293.3030090332031	879924.	9436.75	18068.	1584.416625976563	525.	
294.5509948730469	885640.	8159.5	16690.083984375	1876.583374023438	817.	
295.7999877929688	921408.	5430.75	18602.666015625	1868.083374023438	558.5833129882813	
297.0480041503906	932832.	6407.	18101.5	1759.666625976563	600.1666870117188	
298.2959899902344	893612.	8885.75	17341.75	1793.	608.4166870117188	
299.5440063476563	911252.	8810.25	17566.75	2018.333374023438	533.5	
300.7919921875	865076.	8785.	17900.833984375	2368.583251953125	616.8333129882813	
302.0400085449219	880012.	5405.75	18820.5	1968.333374023438	450.	
303.2879943847656	886456.	9211.	17116.083984375	2377.166748046875	566.75	
304.5360107421875	966872.	20268.5	14502.75	1784.666625976563	475.	
305.7839965820313	900752.	8109.75	16314.5830078125	1793.	466.6666564941406	
307.0320129394531	920156.	6707.75	17901.416015625	1859.833374023438	683.5833129882813	
308.2799987792969	901272.	7784.25	17635.666015625	1467.75	641.9166870117188	
309.5289916992188	1041103.25	6281.75	15880.5	1467.833374023438	508.5	
310.7770080566406	979360.	12316.	15780.3330078125	1651.166625976563	641.9166870117188	
312.0249938964844	917936.	5431.	16130.8330078125	1434.416625976563	691.9166870117188	
313.2730102539063	921496.	5130.25	14753.0830078125	1476.083374023438	741.8333129882813	
314.52099609375	911836.	6381.75	16682.166015625	1809.666625976563	541.8333129882813	
315.7690124511719	902032.	6933.	16189.1669921875	1500.916625976563	625.0833129882813	
317.0169982910156	984168.	8384.75	17007.833984375	1484.416625976563	708.5833129882813	
318.2650146484375	903604.	7308.25	18259.833984375	1893.25	525.0833129882813	
319.5130004882813	885918.6875	18528.5	21411.833984375	41142.39453125	733.6666870117188	
320.760986328125	918476.	7734.	18036.083984375	1701.25	441.6666564941406	
322.0090026855469	932520.	8009.25	23841.583984375	2769.416748046875	658.5	
323.2579956054688	913552.	20433.25	19347.166015625	1859.833374023438	491.6666564941406	
324.5060119628906	877241.375	11139.	18578.583984375	2009.833374023438	575.0833129882813	
325.7539978027344	902004.	16523.25	15905.3330078125	1943.166625976563	541.8333129882813	
327.0020141601563	917704.	12165.5	17224.5	3412.416748046875	600.1666870117188	
328.25	884268.	24918.5	16038.75	2051.666748046875	508.3333435058594	
329.4979858398438	896764.	16498.25	25687.75	2251.833251953125	466.6666564941406	
330.7460021972656	905596.	25268.75	21260.916015625	2577.25	583.5	
331.9939880371094	999766.1875	24867.5	15888.5830078125	1851.416625976563	450.0833435058594	
333.2420043945313	962796.	33463.5	16272.5	1834.833374023438	616.8333129882813	
334.489990234375	886316.	30054.	18402.083984375	1909.833374023438	525.1666870117188	
335.7380065917969	912060.	32661.5	15972.0830078125	2594.	475.	
336.9869995117188	914628.	21962.25	15980.5830078125	2176.833251953125	591.75	
338.2349853515625	910076.	19255.25	16949.083984375	2210.25	616.9166870117188	
339.4830017089844	908512.	25792.75	15880.3330078125	1626.25	541.75	
340.7309875488281	890524.	21108.75	15446.1669921875	1609.583374023438	433.3333435058594	
341.97900390625	951780.	23638.25	14244.	1759.583374023438	591.6666870117188	
343.2269897460938	905268.	24090.25	17260.666015625	1401.166625976563	550.0833129882813	
344.4750061035156	934228.	13468.25	14736.5830078125	1701.166625976563	583.4166870117188	
345.7229919433594	986403.0625	11439.5	15646.6669921875	1492.833374023438	575.0833129882813	
346.9710083007813	874044.	7083.	15287.5	1567.916625976563	541.75	
348.218994140625	903324.	6932.75	13400.9169921875	1576.166625976563	458.3333435058594	
349.4670104980469	902436.	17151.5	13409.25	1451.083374023438	516.6666870117188	
350.7160034179688	915668.	5380.5	14369.25	1567.833374023438	525.	
351.9639892578125	863412.	4129.25	15271.1669921875	1425.916625976563	450.0833435058594	
353.2120056152344	854940.	4029.	13826.5830078125	1317.583374023438	500.	
354.4599914550781	876880.	5305.75	14260.8330078125	1367.583374023438	600.1666870117188	
355.7080078125	870540.	4104.	14703.1669921875	1542.75	483.5	
356.9559936523438	835644.	4229.25	14018.5830078125	1375.833374023438	616.6666870117188	
358.2040100097656	841668.	3503.5	14778.4169921875	1309.25	508.4166564941406	
359.4519958496094	866261.875	4554.5	14076.9169921875	1309.083374023438	500.1666564941406	
360.7000122070313	859216.	3828.5	15981.1669921875	1317.5	591.8333129882813	
361.947998046875	895252.	10465.75	15821.75	1451.	616.8333129882813	
363.1960144042969	898976.	3778.75	15496.1669921875	1284.	541.75	
364.4450073242188	853092.	17941.25	15212.5	1517.916625976563	591.75	
365.6929931640625	934748.	4154.	14736.5830078125	1484.333374023438	658.5	
366.9410095214844	868076.	4879.75	14394.3330078125	1567.833374023438	591.6666870117188	
368.1889953613281	900612.	4905.	14594.8330078125	1417.583374023438	550.0833129882813	
369.43701171875	888126.25	3853.75	14043.75	1426.	458.3333435058594	
370.6849975585938	909592.	11116.5	16231.1669921875	1484.333374023438	516.75	
371.9330139160156	882800.	5605.75	17057.583984375	1442.583374023438	483.4166564941406	
373.1809997558594	955600.	6156.5	15320.6669921875	1242.416625976563	516.6666870117188	
374.4289855957031	941796.	5881.5	15370.9169921875	1626.083374023438	483.4166564941406	
375.677001953125	885560.	7708.75	15989.	1334.25	708.5833129882813	
376.9249877929688	920512.	15503.75	16373.0830078125	1342.583374023438	516.75	
378.1740112304688	915472.	10764.75	15537.9169921875	1417.583374023438	491.75	
379.4219970703125	910960.	7759.25	15888.6669921875	1551.083374023438	650.3333129882813	
380.6700134277344	995638.5625	5856.25	19815.166015625	1325.833374023438	483.3333435058594	
381.9179992675781	922056.	6106.5	16865.333984375	1450.916625976563	558.4166870117188	
383.1659851074219	898736.	4354.25	17391.833984375	1509.333374023438	483.3333435058594	
384.4140014648438	958169.	6757.5	18493.5	1384.416625976563	550.0833129882813	
385.6619873046875	874564.	6031.5	19320.666015625	1834.916625976563	616.9166870117188	
386.9100036621094	945208.	5530.75	17533.5	1759.666625976563	466.6666564941406	
388.1579895019531	907640.	5355.5	19430.5	1859.833374023438	683.5	
389.406005859375	965456.	5280.5	24573.666015625	1909.75	450.	
390.6539916992188	927113.125	5856.25	17316.333984375	3011.333251953125	550.0833129882813	
391.9030151367188	971710.375	6006.75	18084.916015625	3078.333251953125	500.0833435058594	
393.1510009765625	1009949.0625	5430.5	19470.75	1526.166625976563	650.1666870117188	
394.3989868164063	987452.	6582.25	22362.083984375	2402.083251953125	716.75	
395.6470031738281	1657512.25	5280.5	17658.666015625	1659.5	433.4166564941406	
396.8949890136719	920828.	5480.75	18143.166015625	1626.166625976563	491.75	
398.1430053710938	913840.	11139.75	18043.416015625	1551.083374023438	533.4166870117188	
399.3909912109375	1805693.75	14147.25	18877.75	1417.75	516.6666870117188	
400.6390075683594	954454.6875	9511.75	17784.166015625	1659.583374023438	566.75	
401.8869934082031	891444.3125	4730.	17825.583984375	1417.583374023438	425.	
403.135009765625	907908.5	8209.5	18927.833984375	1793.	516.6666870117188	
404.3829956054688	868840.	5706.25	17867.25	1509.416625976563	608.5	
405.6319885253906	888440.	6006.25	18860.833984375	1409.166625976563	650.0833129882813	
406.8800048828125	879756.	12392.25	19328.666015625	1617.666625976563	533.4166870117188	
408.1279907226563	965008.	5280.5	19972.333984375	1576.	450.	
409.3760070800781	907296.	5681.	19437.25	1601.083374023438	458.4166564941406	
410.6239929199219	905456.	13769.5	20105.666015625	1793.166625976563	616.8333129882813	
411.8720092773438	902992.	5580.75	19613.083984375	1417.583374023438	591.8333129882813	
413.1199951171875	925852.875	6207.	17174.25	1375.75	708.5	
414.3680114746094	922412.	3903.75	18184.833984375	1350.916625976563	541.6666870117188	
415.6159973144531	891828.	5906.25	19020.916015625	1734.666625976563	550.0833129882813	
416.864013671875	896460.	5605.75	20393.083984375	1451.	575.1666870117188	
418.1119995117188	919328.	3428.	18134.416015625	1743.166625976563	666.9166870117188	
419.3609924316406	895903.875	18483.75	16247.5	1576.166625976563	491.75	
420.6090087890625	917480.	7333.5	15537.9169921875	1459.25	558.4166870117188	
421.8569946289063	1077928.125	7734.	16038.8330078125	1400.833374023438	775.4166870117188	
423.1050109863281	910328.	7734.	16122.5	1401.083374023438	425.0833435058594	
424.3529968261719	886064.	15251.5	16272.75	1426.083374023438	650.25	
425.6010131835938	917796.	5631.	15746.75	1509.333374023438	458.3333435058594	
426.8489990234375	875276.	5030.25	16030.75	1517.916625976563	500.0833435058594	
428.0969848632813	877272.	5981.5	15237.5830078125	1984.916625976563	525.0833129882813	
429.3450012207031	920459.75	8786.75	15128.9169921875	1667.916625976563	458.3333435058594	
430.5929870605469	876920.	4004.	15003.75	1359.166625976563	575.0833129882813	
431.8410034179688	888164.	5781.	14678.	1467.583374023438	658.5833129882813	
433.0899963378906	889512.	14198.	13734.6669921875	1400.916625976563	441.75	
434.3380126953125	878716.	5781.	14928.75	1509.5	491.75	
435.5859985351563	899416.	4955.	14419.4169921875	1350.833374023438	525.0833129882813	
436.8340148925781	920916.	4655.	15362.75	1476.	491.75	
438.0820007324219	908864.	3703.5	14861.6669921875	1459.416625976563	566.75	
439.3299865722656	905552.	3353.25	15087.1669921875	1409.25	692.	
440.5780029296875	947556.	5455.75	19830.833984375	1809.833374023438	483.5	
441.8259887695313	922588.	6832.75	15062.	1542.833374023438	441.6666564941406	
443.0740051269531	980732.	7809.	14010.4169921875	1442.666625976563	700.1666870117188	
444.3219909667969	987268.	8710.25	14987.	1576.083374023438	575.	
445.5700073242188	981908.	19330.5	15271.	1526.	500.0833435058594	
446.8190002441406	1000264.0625	17504.75	15187.5	1551.083374023438	441.8333435058594	
448.0669860839844	945356.	12391.5	15429.5	1609.5	658.5	
449.3150024414063	957896.	7959.5	15329.5830078125	1542.75	616.8333129882813	
450.56298828125	2257538.	18755.5	14811.9169921875	1325.916625976563	525.1666870117188	
451.8110046386719	961084.	9035.75	14886.75	1292.5	600.1666870117188	
453.0589904785156	897546.75	6106.75	16030.6669921875	1542.666625976563	566.75	
454.3070068359375	948140.	8935.25	15262.5	1584.333374023438	641.75	
455.5549926757813	952168.	8410.	15187.3330078125	1375.916625976563	625.0833129882813	
456.8030090332031	935464.	8560.	14953.6669921875	1551.083374023438	508.3333435058594	
458.0509948730469	931224.	8635.5	15863.4169921875	1484.25	433.3333435058594	
459.2990112304688	950376.	9636.75	14778.25	1901.333374023438	483.3333435058594	
460.5480041503906	925672.	7057.75	14018.6669921875	1375.916625976563	500.0833435058594	
461.7959899902344	1625536.875	7884.25	14260.8330078125	1726.083374023438	466.6666564941406	
463.0440063476563	950561.1875	6181.75	15036.8330078125	1401.	516.75	
464.2919921875	900000.	15680.	14636.25	3487.5	483.4166564941406	
465.5400085449219	1352089.25	9110.75	16072.3330078125	1767.916625976563	533.4166870117188	
466.7879943847656	923800.	7758.5	15613.0830078125	1751.333374023438	550.1666870117188	
468.0360107421875	972824.	9862.25	14936.8330078125	1526.	400.	
469.2839965820313	976756.	14744.75	14586.25	1634.583374023438	550.1666870117188	
470.5320129394531	977256.	10538.25	15070.3330078125	1300.833374023438	658.5	
471.7799987792969	930184.	11064.25	14644.75	1542.666625976563	466.75	
473.0280151367188	1019940.	6832.5	15913.75	1376.083374023438	558.5	
474.2770080566406	1159169.75	10087.5	17283.916015625	1492.666625976563	650.1666870117188	
475.5249938964844	930584.	9461.25	15212.3330078125	1726.25	633.4166870117188	
476.7730102539063	976976.	7533.25	15629.9169921875	1617.916625976563	525.	
478.02099609375	942824.	5781.25	19048.166015625	1509.416625976563	658.5833129882813	
479.2690124511719	928700.	14019.	18145.666015625	1459.416625976563	650.1666870117188	
480.5169982910156	935112.	4679.75	15763.3330078125	1459.333374023438	550.0833129882813	
481.7650146484375	1054256.75	7333.5	14352.6669921875	1651.25	733.5833129882813	
483.0130004882813	1195258.125	5831.5	17591.75	1542.75	583.5	
484.260986328125	1181835.125	5831.25	15462.8330078125	1242.5	541.8333129882813	
485.5090026855469	998634.375	3578.5	18185.166015625	1934.916625976563	608.3333129882813	
486.7569885253906	1001400.	4479.5	15387.9169921875	1276.	575.	
488.0060119628906	963972.	4254.25	15237.5	1934.916625976563	541.75	
489.2539978027344	1011349.125	5405.75	16172.3330078125	7693.75	717.	
490.5020141601563	1098016.75	16653.	17733.833984375	1884.75	658.5833129882813	
491.75	980407.625	11016.25	18744.416015625	2577.25	491.75	
492.9979858398438	1051280.	7158.25	22384.916015625	4538.58349609375	800.3333129882813	
494.2460021972656	1561759.	8911.25	56689.20703125	3044.583251953125	641.75	
495.4939880371094	1166435.625	11289.5	22938.166015625	7714.75	733.5833129882813	
496.7420043945313	1681957.5	6882.5	30659.166015625	2860.833251953125	608.5833129882813	
497.989990234375	2080071.	9637.	31575.083984375	2844.333251953125	600.1666870117188	
499.2380065917969	2599325.75	9086.	41637.546875	11409.0830078125	575.1666870117188	
500.4859924316406	1084588.	17003.	23245.916015625	5239.91650390625	767.	
501.7349853515625	1355548.875	9361.75	21550.333984375	2276.833251953125	508.4166564941406	
502.9830017089844	1041208.	9111.5	20656.416015625	3929.25	666.8333129882813	
504.2309875488281	1089636.	11942.	19236.666015625	1626.083374023438	433.3333435058594	
505.47900390625	1130636.	17456.5	19654.916015625	3186.333251953125	616.8333129882813	
506.7269897460938	954531.	10538.	21116.583984375	4748.66650390625	1084.	
507.9750061035156	1075011.625	12792.	17232.583984375	2869.25	466.6666564941406	
509.2229919433594	958628.	9311.5	18777.5	2535.416748046875	1184.	
510.4710083007813	1367646.5	7884.25	21541.75	2710.75	1309.25	
511.718994140625	1319957.75	10212.25	24692.416015625	5840.75	1659.583374023438	
512.9669799804688	1132952.	20131.25	33968.25	6858.16650390625	2568.833251953125	
514.2150268554688	1437746.5	15145.25	49725.25	5681.33349609375	4087.416748046875	
515.4639892578125	2233021.	24741.25	42013.	8017.91650390625	4638.08349609375	
516.7119750976563	1623397.5	36181.	87759.2734375	6207.	4738.25	
517.9600219726563	2001687.25	98369.75	58136.41796875	6248.66650390625	4045.833251953125	
519.2080078125	1623791.25	26469.75	41828.83203125	7743.41650390625	4028.916748046875	
520.4559936523438	1696163.	24439.75	52260.83203125	4513.	3628.583251953125	
521.7039794921875	1613042.625	42420.75	50835.	8318.5	3394.916748046875	
522.9520263671875	1602297.75	61830.75	48285.91796875	15137.9169921875	3136.333251953125	
524.2000122070313	1536144.	27854.25	42026.75	5864.66650390625	3286.333251953125	
525.447998046875	1768252.375	33494.25	74248.3125	4304.41650390625	2468.75	
526.6959838867188	1382331.25	33579.25	33702.25	4454.58349609375	2886.083251953125	
527.9439697265625	1381832.	20231.5	48170.16796875	7142.5	1734.75	
529.1929931640625	5678624.	24969.	40054.75	3853.666748046875	2001.5	
530.4409790039063	1299376.	14570.	26001.833984375	3244.666748046875	1542.75	
531.6890258789063	1462438.25	15047.25	24322.833984375	3086.25	2268.916748046875	
532.93701171875	1473128.75	12240.5	36677.25	2802.416748046875	1267.5	
534.1849975585938	1917949.75	22063.75	33211.66796875	4246.	1759.833374023438	
535.4329833984375	1194519.25	18228.25	61802.62109375	2927.666748046875	1409.416625976563	
536.6810302734375	1168601.375	16349.5	21633.75	3478.416748046875	1275.833374023438	
537.9290161132813	1082980.	11390.25	23888.75	2368.833251953125	925.5	
539.177001953125	1109076.25	13718.	20697.833984375	2560.583251953125	1034.	
540.4249877929688	2438707.5	15341.86328125	32529.333984375	9944.0830078125	1109.083374023438	
541.6729736328125	1560362.5	11239.	27032.5	2936.	1309.25	
542.9219970703125	2461606.25	8860.5	22596.416015625	6117.66650390625	917.1666870117188	
544.1699829101563	1017555.25	343767.125	24751.833984375	1993.25	875.5	
545.4180297851563	997380.	20233.5	22628.166015625	3445.833251953125	741.9166870117188	
546.666015625	1061004.	59644.5	27266.583984375	1918.166625976563	691.8333129882813	
547.9140014648438	1168976.125	8109.25	18485.416015625	5574.75	700.1666870117188	
549.1619873046875	950528.	11943.25	23061.916015625	2377.083251953125	625.1666870117188	
550.4099731445313	1014100.	6807.75	17191.25	1893.166625976563	833.75	
551.6580200195313	1398377.5	7533.75	19545.916015625	2168.5	691.8333129882813	
552.906005859375	961700.	11139.25	18443.416015625	2694.	875.4166870117188	
554.1539916992188	970164.	15526.25	21384.833984375	5122.5	575.25	
555.4019775390625	961595.75	9336.25	20973.916015625	1934.833374023438	600.25	
556.6510009765625	1014612.	8785.25	24157.5	3620.75	633.4166870117188	
557.8989868164063	966020.	8009.75	20924.	1918.166625976563	641.75	
559.14697265625	1002712.	9786.75	22762.583984375	2318.583251953125	500.0833435058594	
560.39501953125	1997041.25	11791.25	24145.583984375	2143.5	758.6666870117188	
561.6430053710938	986045.9375	15522.	21892.666015625	3086.25	550.	
562.8909912109375	912304.	9686.5	27767.166015625	2827.5	500.	
564.1389770507813	998849.	12767.25	18886.166015625	2101.5	475.1666564941406	
565.3870239257813	974788.	14045.5	19253.75	1768.	641.9166870117188	
566.635009765625	911800.	18301.5	20246.916015625	2009.833374023438	683.5	
567.8829956054688	1269172.375	14819.75	25716.916015625	2110.	633.5833129882813	
569.1309814453125	931780.	9161.	19704.5	2218.583251953125	500.0833435058594	
570.3800048828125	905704.	10162.75	19370.25	2276.916748046875	825.3333129882813	
571.6279907226563	1054926.375	18478.25	30342.333984375	1793.	483.5	
572.8759765625	962639.8125	9135.75	21458.666015625	2727.5	708.6666870117188	
574.1240234375	1024712.	8259.75	104172.6953125	1976.666625976563	591.8333129882813	
575.3720092773438	1042113.0625	9887.5	21333.083984375	1934.75	566.6666870117188	
576.6199951171875	1453471.	10738.25	23287.25	1976.5	516.75	
577.8679809570313	974508.	19711.75	19220.083984375	2185.25	575.1666870117188	
579.1160278320313	976064.	23593.75	20456.333984375	2026.583374023438	666.8333129882813	
580.364013671875	1056716.	9060.75	18744.5	2777.5	516.6666870117188	
581.6119995117188	1103510.	8986.	19612.166015625	2160.25	541.75	
582.8599853515625	1193685.5	6532.25	24234.666015625	1718.083374023438	708.5	
584.1090087890625	932632.	15623.25	20423.	2452.	633.4166870117188	
585.3569946289063	3490126.75	17652.75	26957.666015625	2468.583251953125	483.3333435058594	
586.60498046875	976684.	116457.0625	17917.416015625	2035.083374023438	566.75	
587.85302734375	1135571.75	14920.25	22503.	1809.666625976563	516.6666870117188	
589.1010131835938	950380.	17550.5	35370.5	2193.333251953125	466.6666564941406	
590.3489990234375	922928.	25077.5	21726.75	1934.833374023438	516.8333129882813	
591.5969848632813	952316.	9160.75	20924.25	2185.083251953125	625.25	
592.844970703125	973972.	13117.	20699.083984375	2235.	508.3333435058594	
594.093017578125	1109391.375	13192.25	25110.333984375	1934.75	583.5	
595.3410034179688	998933.5	18806.5	19620.75	2952.916748046875	616.9166870117188	
596.5889892578125	983612.	10413.	22428.25	2235.166748046875	466.75	
597.8380126953125	958256.	12842.5	22719.083984375	2151.75	425.	
599.0859985351563	929491.1875	13643.75	20013.25	2935.916748046875	475.0833435058594	
600.333984375	961044.	9836.75	19697.	2076.666748046875	550.0833129882813	
601.5819702148438	988628.	14621.25	20013.166015625	2477.083251953125	658.5	
602.8300170898438	938120.	7333.25	18377.5	2443.75	616.8333129882813	
604.0780029296875	947180.	8334.5	19806.416015625	2009.75	675.0833129882813	
605.3259887695313	947280.	12216.25	18394.166015625	3278.666748046875	483.4166564941406	
606.573974609375	895324.	5706.	18502.583984375	1818.083374023438	666.9166870117188	
607.822021484375	937016.	9311.75	18652.833984375	2327.083251953125	600.0833129882813	
609.0700073242188	937515.625	7183.	16389.5	1551.	600.0833129882813	
610.3179931640625	1053869.	8234.5	18027.	1717.916625976563	541.75	
611.5670166015625	1055704.625	12642.	20458.333984375	1809.666625976563	508.4166564941406	
612.8150024414063	1020600.	7508.5	18460.75	1559.5	550.	
614.06298828125	1051931.375	9937.25	31556.833984375	2101.666748046875	733.6666870117188	
615.3109741210938	964076.	12316.	22406.416015625	1693.	541.8333129882813	
616.5590209960938	950000.	13420.5	18761.	1868.166625976563	767.	
617.8070068359375	996089.3125	9286.5	18560.083984375	2135.	825.4166870117188	
619.0549926757813	1086216.	7308.5	19512.25	1909.666625976563	708.5	
620.302978515625	941452.	10412.75	20071.75	1801.333374023438	641.75	
621.551025390625	8098871.5	20360.25	21741.916015625	1759.666625976563	600.1666870117188	
622.7990112304688	960876.	13793.5	24952.916015625	2268.416748046875	675.1666870117188	
624.0469970703125	983071.625	21737.	23257.25	1709.666625976563	675.1666870117188	
625.2960205078125	923356.	11690.25	27222.083984375	1617.75	516.75	
626.5440063476563	6103371.5	11088.75	21719.333984375	1659.666625976563	650.3333129882813	
627.7919921875	1003400.5	14472.5	22002.75	3220.	558.4166870117188	
629.0399780273438	978572.	42743.	18936.583984375	1751.333374023438	541.8333129882813	
630.2880249023438	947444.	11188.75	17082.333984375	1709.666625976563	475.	
631.5360107421875	999038.3125	21337.	17658.5	1601.	550.0833129882813	
632.7839965820313	1017239.6875	7158.	42331.	1868.083374023438	575.0833129882813	
634.031982421875	913456.8125	9888.75	21442.5	1718.083374023438	600.1666870117188	
635.280029296875	1027540.625	8259.75	17375.333984375	1609.333374023438	500.0833435058594	
636.5280151367188	981384.	9261.	17266.	3295.333251953125	583.3333129882813	
637.7760009765625	916252.	6282.	16932.5	1626.25	608.5	
639.0250244140625	7626327.	6432.	17066.916015625	1484.333374023438	425.	
640.2730102539063	977627.	11014.75	17909.583984375	1584.5	491.6666564941406	
641.52099609375	1036828.	10062.5	17792.166015625	1918.166625976563	458.3333435058594	
642.7689819335938	5650827.	6983.	17642.166015625	1684.416625976563	541.6666870117188	
644.0170288085938	1087953.	7708.5	18527.083984375	1651.166625976563	491.8333435058594	
645.2650146484375	979605.8125	17481.	28821.916015625	1634.5	458.4166564941406	
646.5130004882813	983108.	8459.75	18209.583984375	1776.25	608.5833129882813	
647.760986328125	1128677.75	7633.75	20734.	1718.	550.0833129882813	
649.0089721679688	993116.	67907.5	18936.333984375	1509.416625976563	533.3333129882813	
650.2570190429688	976068.	9786.75	19512.666015625	1743.	475.	
651.5050048828125	977412.	7533.5	20373.166015625	1551.	616.8333129882813	
652.7540283203125	1026899.8125	7984.25	17600.25	1943.166625976563	508.4166564941406	
654.0020141601563	988228.	8485.	23246.5	1809.583374023438	541.75	
655.25	955992.	15197.	26739.75	1600.916625976563	566.6666870117188	
656.4979858398438	1033164.	7133.	20598.	1576.	625.	
657.7459716796875	1105402.5	14999.	18527.	1434.25	525.1666870117188	
658.9940185546875	1040700.8125	11715.5	19019.583984375	1718.	541.6666870117188	
660.2420043945313	974380.	12516.25	18652.333984375	1526.083374023438	650.1666870117188	
661.489990234375	1057512.	15221.5	18193.083984375	1943.333374023438	633.6666870117188	
662.7379760742188	1025868.	7108.	21644.166015625	1985.25	533.3333129882813	
663.9860229492188	951516.	7583.5	19579.833984375	2035.083374023438	566.8333129882813	
665.2340087890625	1008040.	8710.5	125901.421875	1926.5	625.1666870117188	
666.4829711914063	987088.	6807.75	16690.	2385.416748046875	591.75	
667.7310180664063	1021320.	11491.5	18084.5	1843.083374023438	566.8333129882813	
668.97900390625	962380.	6507.25	16348.	1542.75	433.4166564941406	
670.2269897460938	1001172.	5781.25	21994.75	1684.75	450.	
671.4749755859375	946448.	5155.25	23296.333984375	1676.166625976563	416.6666564941406	
672.7230224609375	1034607.9375	14370.5	23271.083984375	2302.	525.0833129882813	
673.9710083007813	938560.875	7583.75	36296.	1876.333374023438	491.8333435058594	
675.218994140625	923080.125	9837.25	30602.666015625	1959.833374023438	541.75	
676.4669799804688	973409.625	6807.75	24699.166015625	2719.166748046875	491.6666564941406	
677.7150268554688	968092.	7483.5	24498.25	1651.166625976563	500.	
678.9630126953125	992148.	8309.75	24666.166015625	1893.25	483.4166564941406	
680.2119750976563	1033565.9375	9086.75	25801.5	1751.25	558.4166870117188	
681.4600219726563	1039752.75	5931.5	89593.7734375	1901.5	516.6666870117188	
682.7080078125	1035844.	6131.75	34173.16796875	2001.583374023438	591.75	
683.9559936523438	1048459.1875	9286.75	26991.916015625	2135.	633.5	
685.2039794921875	4137563.5	5581.	40282.08203125	1743.	566.75	
686.4520263671875	1035004.	26038.75	22636.166015625	2035.	533.5	
687.7000122070313	1022007.5	7132.75	18059.583984375	2310.333251953125	600.1666870117188	
688.947998046875	1052629.5	8660.5	21792.083984375	2009.833374023438	641.8333129882813	
690.1959838867188	1037168.	6307.	21435.583984375	2702.583251953125	425.0833435058594	
691.4439697265625	1015056.	6282.	21075.416015625	3078.166748046875	683.6666870117188	
692.6920166015625	1092568.	6156.75	18184.666015625	1909.75	575.	
693.9409790039063	983632.	21301.5	23200.083984375	1776.333374023438	558.4166870117188	
695.1890258789063	978553.0625	7483.5	35672.58203125	2710.916748046875	475.	
696.43701171875	994864.	9787.25	24643.083984375	1592.833374023438	575.0833129882813	
697.6849975585938	1015380.	6682.	18861.416015625	2427.25	592.	
698.9329833984375	1027668.	4880.	29990.681640625	1617.75	516.75	
700.1810302734375	1150492.875	6682.75	17308.25	1526.166625976563	458.4166564941406	
701.4290161132813	948420.	5055.25	16473.25	1559.416625976563	600.25	
702.677001953125	968288.	6282.	19647.5	1684.666625976563	583.4166870117188	
703.9249877929688	989632.	7458.5	16873.916015625	1584.416625976563	383.4166564941406	
705.1729736328125	951828.	8159.25	21193.833984375	1717.833374023438	416.75	
706.4210205078125	905780.	7908.75	17467.	1275.916625976563	466.6666564941406	
707.6699829101563	1009849.0625	8134.25	18495.25	1359.416625976563	483.4166564941406	
708.9180297851563	931028.	8861.25	15705.0830078125	1934.833374023438	758.5	
710.166015625	987744.	5856.25	16865.5	1584.416625976563	491.6666564941406	
711.4140014648438	963564.	9462.	19036.916015625	1993.416625976563	516.75	
712.6619873046875	926772.	65552.3125	17040.666015625	2160.25	575.0833129882813	
713.9099731445313	1016337.375	6181.75	17517.	1501.	591.8333129882813	
715.1580200195313	903268.	5155.5	18152.75	1617.833374023438	650.1666870117188	
716.406005859375	998152.	11841.	18178.	1484.25	458.3333435058594	
717.6539916992188	956794.375	4705.	18201.75	1617.75	458.3333435058594	
718.9019775390625	954148.	5831.	16923.916015625	1768.083374023438	541.75	
720.1500244140625	1755287.125	9336.25	17182.75	1509.25	500.0833435058594	
721.3989868164063	917767.9375	12767.75	17984.666015625	1601.166625976563	491.75	
722.64697265625	957348.	5881.25	17166.333984375	1509.333374023438	516.75	
723.89501953125	944292.	11365.25	16022.3330078125	1367.5	550.0833129882813	
725.1430053710938	927904.	7007.75	18309.833984375	1359.333374023438	616.8333129882813	
726.3909912109375	957172.	8184.75	17199.833984375	1375.916625976563	491.6666564941406	
727.6389770507813	975880.	23129.25	33256.	1517.75	541.75	
728.8870239257813	999939.8125	9136.	16264.25	1375.916625976563	566.75	
730.135009765625	3390672.5	15672.75	17283.25	1818.083374023438	416.6666564941406	
731.3829956054688	959826.5	6632.25	33099.	1809.75	400.	
732.6309814453125	911084.	6832.75	43583.66796875	2569.	675.1666870117188	
733.8790283203125	1085272.375	10438.25	69915.75	2577.166748046875	591.6666870117188	
735.1279907226563	1004976.	10337.5	69373.1640625	2852.666748046875	525.0833129882813	
736.3759765625	974372.	8760.5	77409.75	2885.916748046875	450.0833435058594	
737.6240234375	927228.	8309.75	85921.6640625	3353.166748046875	575.1666870117188	
738.8720092773438	993179.625	14145.5	72607.0859375	3102.75	608.4166870117188	
740.1199951171875	1016096.	22994.	90111.4453125	3303.25	625.0833129882813	
741.3679809570313	959300.	8861.	87003.3359375	3303.	558.5	
742.6160278320313	960736.	8410.	78688.0859375	2944.333251953125	541.75	
743.864013671875	2809449.75	7207.75	61292.5	3803.75	550.0833129882813	
745.1119995117188	918636.	10663.5	58647.33203125	2385.25	591.6666870117188	
746.3599853515625	954076.	19511.75	55161.66796875	2468.75	641.8333129882813	
747.6079711914063	903372.	18002.5	47288.58203125	2318.666748046875	666.8333129882813	
748.8569946289063	961060.	8034.25	47994.16796875	2277.	491.75	
750.10498046875	945380.	17677.	51113.33203125	2652.416748046875	525.0833129882813	
751.35302734375	946708.	23495.	48491.25	2844.166748046875	608.4166870117188	
752.6010131835938	1052229.75	29485.25	42633.25	2669.083251953125	508.4166564941406	
753.8489990234375	7307317.5	38934.75	37214.41796875	2785.833251953125	525.25	
755.0969848632813	956364.	19229.	33247.41796875	6124.75	491.75	
756.344970703125	1073328.875	10112.5	44697.25	2468.666748046875	466.6666564941406	
757.593017578125	1002068.	13794.	33394.83203125	2335.333251953125	541.75	
758.8410034179688	985660.8125	21082.25	28041.166015625	2544.083251953125	541.8333129882813	
760.0889892578125	1019524.	22685.75	32294.5	7182.25	600.1666870117188	
761.3369750976563	1064728.	24690.	25659.166015625	3194.833251953125	500.	
762.5859985351563	1146360.	21460.75	27732.083984375	2719.083251953125	633.5	
763.833984375	1037444.75	26950.	26872.583984375	3862.583251953125	500.	
765.0819702148438	1106597.625	16874.5	25710.333984375	2343.5	566.8333129882813	
766.3300170898438	1154337.875	19179.5	23955.583984375	3320.	616.8333129882813	
767.5780029296875	1471313.25	14344.	24022.416015625	2769.166748046875	575.0833129882813	
768.8259887695313	1428995.5	21007.5	26169.166015625	2694.083251953125	566.8333129882813	
770.073974609375	1411152.375	16373.	23763.416015625	2452.083251953125	691.8333129882813	
771.322021484375	1398944.625	19354.5	23554.75	2827.666748046875	691.8333129882813	
772.5700073242188	1172660.375	138341.	24131.083984375	3111.25	533.3333129882813	
773.8179931640625	1227262.125	22109.5	27844.166015625	2952.666748046875	867.3333129882813	
775.0659790039063	1407640.625	26194.25	24523.333984375	2777.416748046875	641.75	
776.3150024414063	1469694.5	19680.	25377.666015625	4220.91650390625	616.75	
777.56298828125	1407200.875	34505.5	23830.583984375	5064.41650390625	683.4166870117188	
778.8109741210938	1311846.875	25119.5	20973.583984375	2835.833251953125	750.25	
780.0590209960938	1200466.	44272.25	25868.5	4212.66650390625	575.1666870117188	
781.3070068359375	1148245.	35752.5	21182.416015625	3127.916748046875	516.8333129882813	
782.5549926757813	1201958.5	23339.5	30627.25	2835.916748046875	783.5833129882813	
783.802978515625	1231088.	26751.	40297.30859375	2752.583251953125	625.1666870117188	
785.051025390625	1392379.	24718.25	27224.833984375	2627.166748046875	591.75	
786.2990112304688	1250840.125	13242.5	25952.416015625	3094.333251953125	641.75	
787.5469970703125	1292639.75	33814.75	21332.916015625	3027.833251953125	491.6666564941406	
788.7949829101563	1228816.	19254.5	24098.416015625	3319.75	675.0833129882813	
790.0440063476563	1238336.	18502.25	25133.833984375	2201.75	550.1666870117188	
791.2919921875	1443495.25	23623.25	23036.5	2527.	566.75	
792.5399780273438	1337749.625	19053.75	25528.75	2610.583251953125	558.3333129882813	
793.7880249023438	1225516.375	13242.	23796.333984375	2752.583251953125	491.75	
795.0360107421875	1135453.125	20332.5	26537.583984375	2602.416748046875	700.3333129882813	
796.2839965820313	1218614.5	26193.25	24632.25	2527.25	666.8333129882813	
797.531982421875	1123444.375	24439.75	24457.166015625	2668.916748046875	508.4166564941406	
798.780029296875	1129933.875	24138.5	25960.416015625	2752.5	566.75	
800.0280151367188	1254232.875	17149.	23170.083984375	2719.	733.5	
801.2760009765625	1146027.625	31382.75	22368.25	2326.833251953125	700.25	
802.5239868164063	1097159.	22760.75	22160.083984375	2118.166748046875	608.5	
803.7730102539063	1188059.875	16698.5	22084.166015625	2251.833251953125	575.	
805.02099609375	1122572.	35444.25	24155.833984375	2719.	633.4166870117188	
806.2689819335938	1084992.	21007.25	26458.333984375	2802.666748046875	625.1666870117188	
807.5170288085938	1868838.75	16298.25	23571.333984375	2327.	541.8333129882813	
808.7650146484375	1100103.875	12115.5	20439.333984375	1801.333374023438	625.0833129882813	
810.0130004882813	1062506.25	18777.75	21541.333984375	2493.75	491.75	
811.260986328125	2071260.5	15896.75	21735.333984375	2410.416748046875	575.1666870117188	
812.5089721679688	1442062.625	20305.5	22101.25	2293.5	666.8333129882813	
813.7570190429688	1108832.	34145.25	20907.333984375	2093.25	1217.416625976563	
815.0050048828125	1222919.25	19855.75	21499.75	2544.	833.5833129882813	
816.2529907226563	1163601.75	17827.25	19403.916015625	2060.	708.6666870117188	
817.5020141601563	1134936.375	13167.	24791.166015625	1960.	733.4166870117188	
818.75	1198021.	21837.25	24949.333984375	2435.333251953125	750.25	
819.9979858398438	1156030.625	15897.5	21249.25	5483.91650390625	666.75	
821.2459716796875	1743174.75	235257.8125	22518.833984375	1918.166625976563	775.3333129882813	
822.4940185546875	1101723.75	11239.25	23547.75	2427.083251953125	4015.416748046875	
823.7420043945313	2030482.5	14721.75	19821.416015625	2327.	525.1666870117188	
824.989990234375	1183376.	12516.25	19654.	1584.416625976563	708.5833129882813	
826.2379760742188	1619439.	21211.25	20146.75	2051.666748046875	708.5	
827.4860229492188	1336939.75	12617.	22938.333984375	1959.833374023438	633.4166870117188	
828.7340087890625	1431738.5	12816.5	23688.333984375	1868.083374023438	683.5	
829.9819946289063	1417449.	16473.75	19763.083984375	2660.666748046875	566.75	
831.2310180664063	1365381.5	16049.	20948.5	2109.916748046875	616.6666870117188	
832.47900390625	1162168.	13443.5	23196.25	1842.916625976563	1092.25	
833.7269897460938	1347674.375	9210.75	23647.833984375	1943.166625976563	691.8333129882813	
834.9749755859375	1359787.	9962.5	21057.25	1751.416625976563	700.1666870117188	
836.2230224609375	1472344.	10989.	28501.666015625	2068.166748046875	558.4166870117188	
837.4710083007813	1379549.	16225.	20522.666015625	1726.333374023438	500.0833435058594	
838.718994140625	1301480.	10288.	19019.75	1601.333374023438	650.1666870117188	
839.9669799804688	1228298.875	6307.	19796.083984375	1659.666625976563	625.1666870117188	
841.2150268554688	1603548.875	16426.25	21099.	1609.5	533.4166870117188	
842.4630126953125	1207362.125	8785.5	22763.	1717.833374023438	600.1666870117188	
843.7109985351563	1116428.625	58511.75	20447.5	1584.5	591.8333129882813	
844.9600219726563	1562659.625	12918.25	18760.666015625	1934.75	675.1666870117188	
846.2080078125	1155531.125	9962.	25652.75	2001.666625976563	633.5	
847.4559936523438	1586662.25	7608.75	25836.666015625	1659.5	525.1666870117188	
848.7039794921875	1570771.25	11515.5	22279.25	1392.666625976563	475.0833435058594	
849.9520263671875	1801251.625	14194.	28152.833984375	2051.666748046875	666.8333129882813	
851.2000122070313	1808341.875	20935.25	20472.583984375	2135.166748046875	666.8333129882813	
852.447998046875	1308352.	17952.25	25729.083984375	2635.833251953125	758.75	
853.6959838867188	1535126.875	18001.25	22234.75	1818.083374023438	675.3333129882813	
854.9439697265625	1640915.375	16047.5	25392.833984375	2376.916748046875	641.75	
856.1920166015625	1447303.375	30640.5	28543.916015625	1943.083374023438	525.0833129882813	
857.4400024414063	1470747.75	22537.5	29731.5	7431.41650390625	566.75	
858.6890258789063	1282720.	15095.5	24373.416015625	2235.166748046875	425.0833435058594	
859.93701171875	1264664.	16372.75	28326.666015625	2143.5	483.4166564941406	
861.1849975585938	1439698.25	14644.25	25092.	2518.916748046875	508.4166564941406	
862.4329833984375	1351020.375	23292.25	25300.083984375	2660.583251953125	650.0833129882813	
863.6810302734375	1391919.125	11589.5	27948.	2168.5	500.0833435058594	
864.9290161132813	1598633.	15046.	28282.416015625	3845.916748046875	500.	
866.177001953125	1771981.25	19606.75	31988.666015625	2243.583251953125	608.4166870117188	
867.4249877929688	1484953.625	10363.	29287.	2210.083251953125	608.5	
868.6729736328125	1460698.75	14169.25	24464.75	2677.5	650.	
869.9210205078125	1669973.25	11164.	27956.75	3211.583251953125	558.5	
871.1690063476563	1462035.	12892.	26596.333984375	3144.583251953125	466.6666564941406	
872.4180297851563	1302257.25	19131.	28180.25	2710.833251953125	541.6666870117188	
873.666015625	1488248.	10813.	21675.333984375	3553.75	633.5	
874.9140014648438	1469274.25	75785.453125	24180.916015625	2719.083251953125	616.75	
876.1619873046875	1474495.5	11990.25	22686.	3152.916748046875	508.4166564941406	
877.4099731445313	1450648.5	14120.25	23437.916015625	2360.5	633.4166870117188	
878.6580200195313	1350446.75	25280.75	20973.5	2602.416748046875	541.6666870117188	
879.906005859375	1256586.	21790.25	23815.25	2310.25	541.6666870117188	
881.1539916992188	1419686.5	17250.5	27389.75	3086.333251953125	533.4166870117188	
882.4019775390625	2685649.25	12792.	22243.583984375	1951.333374023438	700.25	
883.6500244140625	3082637.25	7333.25	24942.916015625	2093.333251953125	475.	
884.8980102539063	1300282.875	24476.25	40602.58203125	3712.75	508.3333435058594	
886.14697265625	1337510.875	9812.	25952.	1984.916625976563	575.0833129882813	
887.39501953125	1199280.	10738.75	29540.166015625	1768.083374023438	608.4166870117188	
888.6430053710938	1330402.625	9611.5	22217.666015625	1676.166625976563	450.	
889.8909912109375	1218504.	8334.75	24166.583984375	3036.333251953125	458.4166564941406	
891.1389770507813	1285329.	9862.	27683.916015625	1943.25	483.3333435058594	
892.3870239257813	1119016.	10388.5	21650.083984375	2235.416748046875	616.75	
893.635009765625	1223530.	13544.5	25076.083984375	1951.5	625.1666870117188	
894.8829956054688	1143936.	11615.5	26295.25	2302.	508.3333435058594	
896.1309814453125	1137568.	10337.5	26495.	1767.833374023438	683.4166870117188	
897.3790283203125	1278919.	14119.5	25149.583984375	1718.083374023438	508.5	
898.6270141601563	1654094.75	12116.75	26177.166015625	2301.75	600.25	
899.8759765625	1801385.5	17553.	32195.166015625	1968.166625976563	716.9166870117188	
901.1240234375	1151981.5	10464.	27288.666015625	2193.5	633.5	
902.3720092773438	1128024.5	9787.75	27154.833984375	2218.583251953125	558.5	
903.6199951171875	1291221.	9461.5	26879.416015625	2201.833251953125	408.3333435058594	
904.8679809570313	1143117.125	10963.5	29126.666015625	2310.25	666.8333129882813	
906.1160278320313	1165791.25	15798.25	28341.083984375	2060.083251953125	700.25	
907.364013671875	1181069.25	10212.5	37819.91796875	1659.416625976563	441.6666564941406	
908.6119995117188	1251713.625	8234.25	28434.333984375	3161.833251953125	591.8333129882813	
909.8599853515625	1113940.	8234.5	26210.333984375	1667.833374023438	583.3333129882813	
911.1079711914063	1310447.875	7383.5	34683.41796875	1826.416625976563	491.6666564941406	
912.3560180664063	1313136.375	5856.25	24950.75	1659.5	716.9166870117188	
913.60498046875	1229050.75	10462.75	28308.416015625	3470.083251953125	658.6666870117188	
914.85302734375	1173805.875	6832.5	30698.416015625	1751.333374023438	666.8333129882813	
916.1010131835938	1158268.75	6632.25	22619.75	2327.	892.1666870117188	
917.3489990234375	1295279.	9261.	25560.833984375	1968.25	641.9166870117188	
918.5969848632813	1645805.25	7408.25	28776.166015625	1768.083374023438	683.5833129882813	
919.844970703125	1056036.125	7934.	21950.916015625	1993.25	508.3333435058594	
921.093017578125	1087512.125	7158.25	38545.83203125	2585.75	591.75	
922.3410034179688	1901904.375	10613.75	23772.	1617.833374023438	616.8333129882813	
923.5889892578125	1269095.5	9586.5	31191.916015625	2760.833251953125	525.1666870117188	
924.8369750976563	1177494.	7558.5	27264.166015625	1651.25	591.8333129882813	
926.0850219726563	1516629.25	7684.25	32621.166015625	1726.416625976563	616.75	
927.333984375	1343906.25	8911.	25141.666015625	2251.916748046875	483.4166564941406	
928.5819702148438	1167903.25	9010.75	24047.583984375	2018.25	483.5	
929.8300170898438	1211873.5	7658.75	26103.583984375	1692.916625976563	508.3333435058594	
931.0780029296875	1431746.25	6632.25	27840.416015625	1843.	541.75	
932.3259887695313	1187969.5	7108.	26740.	1743.166625976563	633.5	
933.573974609375	1307241.625	8159.5	29060.583984375	2093.333251953125	450.	
934.822021484375	1713992.75	6507.25	22869.	1709.666625976563	616.8333129882813	
936.0700073242188	1729599.125	7709.	26088.083984375	1951.583374023438	483.3333435058594	
937.3179931640625	1335698.5	7483.5	24790.083984375	18796.205078125	616.8333129882813	
938.5659790039063	1301276.375	11164.	24014.75	2126.916748046875	608.4166870117188	
939.8140258789063	1311168.	14750.5	22585.25	1901.25	625.0833129882813	
941.06298828125	1531607.375	8059.5	22318.25	1601.166625976563	541.6666870117188	
942.3109741210938	1374567.125	5230.5	26461.333984375	1884.666625976563	591.6666870117188	
943.5590209960938	1363296.25	10538.75	25324.666015625	2986.416748046875	650.25	
944.8070068359375	1536831.375	27147.	29307.333984375	1909.833374023438	558.4166870117188	
946.0549926757813	1264441.5	14695.	26018.916015625	1793.083374023438	691.8333129882813	
947.302978515625	1414226.5	13042.	25341.416015625	1834.75	633.5	
948.551025390625	1549136.75	22995.5	29455.583984375	1834.833374023438	575.0833129882813	
949.7990112304688	1385698.625	14394.25	29631.833984375	1809.666625976563	616.8333129882813	
951.0469970703125	1612345.	11639.5	31726.	1884.833374023438	425.0833435058594	
952.2949829101563	1262744.	11239.	28023.083984375	1901.416625976563	741.8333129882813	
953.5430297851563	1711464.	9411.	29580.416015625	1918.25	541.75	
954.7919921875	1355339.125	11414.5	27271.5	1784.666625976563	600.0833129882813	
956.0399780273438	1461048.75	12967.5	29794.75	2093.333251953125	600.0833129882813	
957.2880249023438	1694357.625	10588.	27639.416015625	2018.25	675.1666870117188	
958.5360107421875	1375129.125	10638.25	35038.33203125	2285.333251953125	725.3333129882813	
959.7839965820313	1340381.25	12666.5	33056.83203125	2427.	583.5	
961.031982421875	1434172.25	14995.5	34945.75	2085.083251953125	458.3333435058594	
962.280029296875	1394163.25	11564.5	27713.666015625	2360.25	600.1666870117188	
963.5280151367188	1423741.5	15672.75	30363.083984375	2652.333251953125	591.75	
964.7760009765625	1810210.5	18678.25	25992.916015625	2760.916748046875	641.9166870117188	
966.0239868164063	1415362.75	14720.25	26628.333984375	2118.416748046875	533.5	
967.27197265625	2084446.625	22342.	25492.75	2185.166748046875	566.6666870117188	
968.52099609375	1301728.875	10137.5	22051.083984375	1893.	725.1666870117188	
969.7689819335938	1223070.25	8485.	23354.916015625	1859.75	591.9166870117188	
971.0170288085938	996220.	10187.5	20430.666015625	1951.416625976563	575.1666870117188	
972.2650146484375	1049504.	8309.5	25884.166015625	1826.416625976563	650.25	
973.5130004882813	1040560.	7433.5	20973.916015625	1684.583374023438	525.	
974.760986328125	958810.	6156.5	19562.583984375	1676.25	600.0833129882813	
976.0089721679688	1013876.	5155.25	21608.666015625	1542.75	441.75	
977.2570190429688	994864.	7008.25	19846.5	1567.666625976563	466.6666564941406	
978.5050048828125	886548.	3979.25	17015.75	1584.5	575.	
979.7529907226563	904124.	4379.5	16648.416015625	1400.833374023438	475.	
981.0009765625	867068.	5731.25	17592.166015625	1509.333374023438	525.	
982.25	858568.	3027.75	17166.25	1325.833374023438	433.3333435058594	
983.4979858398438	901504.	3803.75	16632.083984375	1417.666625976563	575.	
984.7459716796875	859828.	6182.5	14202.25	1426.	483.4166564941406	
985.9940185546875	1035737.25	6632.75	14394.3330078125	1334.166625976563	583.5	
987.2420043945313	883560.	4454.5	16515.166015625	1617.833374023438	500.	
988.489990234375	834216.0625	6883.25	14360.8330078125	1350.916625976563	558.4166870117188	
989.7379760742188	804708.	3628.25	15947.5830078125	1517.75	550.0833129882813	
990.9860229492188	813224.	3077.75	14252.4169921875	1359.25	475.0833435058594	
992.2340087890625	807980.	2977.75	14402.5830078125	1425.916625976563	600.25	
993.4819946289063	785604.	2652.25	14302.5830078125	1325.833374023438	675.25	
994.72998046875	842500.	1801.25	13876.6669921875	1367.583374023438	500.	
995.97900390625	798424.	1701.25	13617.9169921875	1409.333374023438	591.75	
997.2269897460938	796444.	2352.	14052.25	1601.083374023438	550.0833129882813	
998.4749755859375	804524.	2727.25	13651.25	1350.666625976563	483.4166564941406	
