Trace for Mass:	Al27(MR)	Si28(MR)	Ca44(MR)	Fe56(MR)	S32(MR)
Resolution:	Medium	Medium	Medium	Medium	Medium
					
Time	Intensity	Intensity	Intensity	Intensity	Intensity
[sec]	[cps]	[cps]	[cps]	[cps]	[cps]

1.22000002861023	32568.583984375	1430748.	1200.75	4763.25	31858.583984375	
2.437999963760376	25767.583984375	1457728.	1000.666687011719	4421.08349609375	30078.833984375	
3.655999898910523	16298.3330078125	1417328.	733.5	3361.666748046875	30162.583984375	
4.875	11068.5458984375	1412168.	633.5833129882813	2502.166748046875	28558.75	
6.092999935150147	7909.2998046875	1369356.	458.5	2602.25	28884.333984375	
7.310999870300293	5569.63623046875	1301804.75	316.6666564941406	2393.583251953125	28307.75	
8.529000282287598	3949.363525390625	1279922.375	200.	1584.5	29206.544921875	
9.746999740600586	3383.199951171875	1228494.375	1184.416625976563	1826.333374023438	30017.2734375	
10.96500015258789	2919.333251953125	1228426.375	358.3333435058594	2410.416748046875	29269.908203125	
12.18299961090088	1961.599975585938	1163197.625	308.3333435058594	7350.83349609375	31267.544921875	
13.40100002288818	11026.875	1148889.625	216.6666717529297	2001.75	28515.	
14.61900043487549	1591.	1209207.125	441.6666564941406	2535.75	31206.80078125	
15.83699989318848	3381.22216796875	1094615.5	7340.111328125	2836.	33543.19921875	
17.05599975585938	1581.099975585938	1073055.625	933.8333129882813	3412.083251953125	30455.30078125	
18.27400016784668	1768.22216796875	1163240.	817.0833129882813	3645.833251953125	31074.455078125	
19.49200057983398	2561.666748046875	1181452.5	7278.75	8718.0830078125	28031.2734375	
20.70999908447266	1911.5	1160830.25	2987.416748046875	8984.9169921875	30424.80078125	
21.92799949645996	1901.416625976563	1153664.	2811.25	11006.6669921875	30124.19921875	
23.14599990844727	2352.10009765625	1164330.625	1743.083374023438	10072.6669921875	28222.544921875	
24.36400032043457	4572.	1147169.75	3358.363525390625	18042.333984375	43764.08984375	
25.58200073242188	1761.199951171875	1156111.125	6092.08349609375	5858.	29703.30078125	
26.79999923706055	1545.555541992188	1131273.75	1559.666625976563	3320.083251953125	28951.908203125	
28.01899909973145	2101.77783203125	1172543.125	3321.	3971.083251953125	29542.30078125	
29.23699951171875	2091.800048828125	1146478.25	35852.890625	5658.5	30355.599609375	
30.45499992370606	1861.699951171875	1120190.25	616.8333129882813	2059.916748046875	29603.099609375	
31.67300033569336	1010.599975585938	1130485.375	6333.818359375	2126.833251953125	28150.181640625	
32.89099884033203	973.272705078125	1078531.5	327.3636474609375	73255.234375	26795.599609375	
34.10900115966797	1350.900024414063	1115241.75	1293.	2393.833251953125	28209.599609375	
35.32699966430664	891.3636474609375	1129208.875	258.4166564941406	1576.	29072.30078125	
36.54499816894531	1120.800048828125	1106470.25	283.3333435058594	2160.25	28359.5	
37.76300048828125	1100.636352539063	1105688.	508.5833435058594	2218.75	29081.5	
38.98099899291992	1211.77783203125	1107152.875	333.4166564941406	2460.583251953125	30374.400390625	
40.20000076293945	1111.555541992188	1135635.5	525.25	1676.25	29512.69921875	
41.41799926757813	1140.699951171875	1110594.625	1034.416625976563	1776.25	28500.19921875	
42.63600158691406	750.2999877929688	1114902.25	283.3333435058594	1392.75	30425.099609375	
43.85400009155273	575.1666870117188	1152123.5	5944.888671875	1509.5	29662.900390625	
45.07199859619141	1058.916625976563	1081464.875	458.5	1609.583374023438	27988.5	
46.29000091552734	1100.666625976563	1115529.75	458.5	3729.416748046875	28359.69921875	
47.50799942016602	1100.699951171875	1096924.5	908.8333129882813	1593.	29622.80078125	
48.72600173950195	1190.699951171875	1128476.5	5886.41650390625	2010.083374023438	30063.80078125	
49.94400024414063	1461.	1092672.	2584.727294921875	1818.	28720.69921875	
51.1619987487793	1451.	1126767.125	1067.333374023438	2001.583374023438	29643.099609375	
52.38100051879883	908.75	1097928.	1050.75	1743.083374023438	27517.80078125	
53.5989990234375	950.2999877929688	1134215.125	1009.166687011719	1609.583374023438	30655.5	
54.81700134277344	1020.599975585938	1109031.125	2312.181884765625	1409.333374023438	29061.599609375	
56.03499984741211	1089.555541992188	1113002.625	14151.8330078125	1759.666625976563	29512.900390625	
57.25299835205078	1042.25	1148481.75	2319.833251953125	1976.666625976563	28740.80078125	
58.47100067138672	1310.800048828125	1127389.375	436.4545593261719	4682.66650390625	26805.599609375	
59.68899917602539	3171.416748046875	1132632.	275.	1601.25	28295.63671875	
60.90700149536133	1170.699951171875	1134013.375	250.	1476.083374023438	28158.80078125	
62.125	1070.5	1123940.5	325.0833435058594	1726.333374023438	30495.599609375	
63.34400177001953	1240.699951171875	1162755.5	216.6666717529297	1676.166625976563	31889.	
64.56199645996094	1050.599975585938	1141102.25	263.6363525390625	1559.583374023438	30585.69921875	
65.77999877929688	1345.22216796875	1162091.5	281.8181762695313	1601.083374023438	31438.30078125	
66.99800109863281	475.1666564941406	1158598.25	258.3333435058594	1818.083374023438	31619.	
68.21600341796875	950.5	1159910.25	183.3333282470703	2585.75	36826.80078125	
69.43399810791016	1455.727294921875	1216143.125	275.	1542.833374023438	34236.	
70.65200042724609	1027.909057617188	1199949.25	391.75	1384.083374023438	33845.1015625	
71.87000274658203	1246.272705078125	1211341.375	283.3333435058594	1668.	34346.19921875	
73.08799743652344	1067.333374023438	1204283.5	150.	1684.75	34766.6015625	
74.30599975585938	1117.75	1214679.125	200.	1884.916625976563	36432.30078125	
75.52500152587891	1280.800048828125	1240903.125	325.0833435058594	1693.083374023438	37014.30078125	
76.74299621582031	1050.699951171875	1281893.375	275.	1851.416625976563	37335.1015625	
77.96099853515625	1356.333374023438	1258106.25	300.	3076.363525390625	37997.80078125	
79.17900085449219	1334.111083984375	1245033.75	291.6666564941406	1601.083374023438	39573.	
80.39700317382813	1033.916625976563	1258830.25	300.	1651.333374023438	41529.30078125	
81.61499786376953	1901.75	1276586.625	375.25	2084.916748046875	41410.3984375	
82.83300018310547	1120.699951171875	1231504.	475.1666564941406	5044.54541015625	42041.30078125	
84.05100250244141	1421.099975585938	1298255.125	541.9166870117188	1559.5	45181.5	
85.26899719238281	1209.818237304688	1320524.5	463.8181762695313	3395.5	47871.1015625	
86.48699951171875	1100.699951171875	1313795.5	466.75	2927.916748046875	47220.5	
87.70600128173828	917.0833129882813	1292530.625	436.3636474609375	1676.166625976563	49326.69921875	
88.92400360107422	1220.699951171875	1307795.5	581.9091186523438	2151.916748046875	47259.19921875	
90.14199829101563	2925.77783203125	1351440.875	291.6666564941406	10995.25	52459.80078125	
91.36000061035156	1120.5	1372256.	327.2727355957031	1617.833374023438	63324.3984375	
92.5780029296875	1883.45458984375	1345260.5	2420.166748046875	2009.916625976563	61668.19921875	
93.79599761962891	1367.555541992188	1335673.75	7940.83349609375	1959.833374023438	56476.6015625	
95.01399993896484	1020.700012207031	1342712.875	673.0908813476563	1893.083374023438	57250.19921875	
96.23200225830078	1200.699951171875	1373883.5	35171.81640625	2827.75	62674.1015625	
97.44999694824219	1018.909118652344	1286458.375	1237.45458984375	2744.166748046875	59883.1015625	
98.66799926757813	892.0833129882813	1347747.5	1290.	2343.666748046875	61732.19921875	
99.88700103759766	964.272705078125	1406744.	336.4545593261719	1968.333374023438	73164.1015625	
101.1050033569336	1170.800048828125	1388262.25	655.7777709960938	2018.25	65777.796875	
102.322998046875	1145.22216796875	1388054.25	633.5833129882813	2034.916625976563	69437.6015625	
103.5410003662109	1178.444458007813	1359899.5	2192.10009765625	1901.5	65769.	
104.7590026855469	1046.090942382813	1415826.625	381.9090881347656	2694.25	71699.5	
105.9769973754883	1184.25	1460075.5	333.3333435058594	2635.916748046875	77460.296875	
107.1949996948242	1341.	1390820.75	2621.9091796875	2085.083251953125	72483.	
108.4130020141602	1180.800048828125	1372137.75	491.8333435058594	2201.833251953125	71609.203125	
109.6309967041016	1245.111083984375	1405048.875	300.	1976.5	71969.8984375	
110.8499984741211	1710.083374023438	1377953.5	408.3333435058594	1901.5	76706.703125	
112.068000793457	1160.699951171875	1433554.375	333.4166564941406	2285.333251953125	80356.8984375	
113.286003112793	1330.800048828125	1463093.375	390.9090881347656	2201.833251953125	80527.1015625	
114.5039978027344	1389.77783203125	1388279.125	300.0833435058594	3094.75	74523.5	
115.7220001220703	1523.22216796875	1380952.875	316.75	2009.916625976563	76605.8984375	
116.9400024414063	1240.800048828125	1442214.25	2269.916748046875	2168.5	85907.5	
118.1579971313477	1027.909057617188	1430486.25	408.3333435058594	2101.75	81003.5	
119.3759994506836	19795.599609375	1390092.5	645.8181762695313	2043.333374023438	80938.3984375	
120.5940017700195	1050.699951171875	1433712.875	475.1666564941406	5223.33349609375	83666.703125	
121.8119964599609	17637.240234375	1420808.875	358.3333435058594	2293.75	89802.5	
123.0309982299805	1100.727294921875	1381632.	1376.25	2510.416748046875	85770.296875	
124.2490005493164	1200.75	1368609.75	683.75	2126.75	80769.5	
125.4670028686523	1440.900024414063	1439304.	545.6363525390625	2110.	84137.5	
126.6849975585938	1361.	1361045.875	418.2727355957031	2318.666748046875	80497.703125	
127.9029998779297	1737.727294921875	1391972.5	558.5833129882813	2285.166748046875	87486.703125	
129.1210021972656	1571.	1402635.125	11582.75	3787.25	91482.3984375	
130.3390045166016	1092.416625976563	1415739.5	783.75	2201.916748046875	93676.5	
131.5570068359375	1641.199951171875	1371835.5	9826.181640625	7103.83349609375	88244.296875	
132.7749938964844	1792.45458984375	1414040.875	5410.	2218.333251953125	90634.1015625	
133.9929962158203	1330.900024414063	1349990.25	11356.6669921875	2510.416748046875	89962.703125	
135.2120056152344	1601.083374023438	1372537.75	1467.916625976563	4814.41650390625	84685.6015625	
136.4299926757813	1459.666625976563	1472194.625	658.5833129882813	7052.83349609375	87984.5	
137.6479949951172	1291.818237304688	1363888.875	1351.333374023438	2960.916748046875	89955.5	
138.8659973144531	1531.300048828125	1390625.75	475.25	2861.	87562.203125	
140.0839996337891	1521.300048828125	1368405.375	2344.833251953125	2093.583251953125	86313.	
141.302001953125	1217.416625976563	1328181.375	8434.2001953125	2393.666748046875	101681.1015625	
142.5200042724609	1391.909057617188	1354257.75	20906.2734375	3495.083251953125	84421.703125	
143.7380065917969	2193.583251953125	1324516.5	500.1818237304688	3637.416748046875	87770.296875	
144.9559936523438	1040.599975585938	1313109.375	1067.416625976563	3294.916748046875	85608.8984375	
146.1750030517578	1551.	1315888.	50978.04296875	3386.583251953125	85309.	
147.3930053710938	1284.416625976563	1342373.375	11566.5830078125	3695.333251953125	88466.8984375	
148.6109924316406	2168.666748046875	1330475.75	10191.1669921875	3353.166748046875	88467.203125	
149.8289947509766	1531.	1361541.375	5717.5	2802.5	94219.8984375	
151.0469970703125	1745.77783203125	1352704.875	11413.4169921875	5174.33349609375	89507.703125	
152.2649993896484	1240.800048828125	1289817.	1064.272705078125	3503.916748046875	116163.96875	
153.4830017089844	1280.900024414063	1373033.75	3083.39990234375	3445.	85709.796875	
154.7010040283203	458.5833435058594	1269980.25	66016.296875	11057.9169921875	87128.	
155.9190063476563	1381.	1330886.	13911.77734375	3203.25	88968.296875	
157.1369934082031	1460.900024414063	1283753.75	15619.8330078125	10473.0830078125	84311.1015625	
158.3560028076172	2893.199951171875	1341693.375	6297.75	2802.5	97713.5	
159.5740051269531	1173.45458984375	1317001.75	61486.32421875	3261.416748046875	87894.703125	
160.7920074462891	1456.555541992188	1326566.25	4494.4443359375	2460.5	89966.796875	
162.0099945068359	1209.818237304688	1330081.75	758.5833129882813	2402.166748046875	92064.203125	
163.2279968261719	1160.800048828125	1276928.375	909.4545288085938	2060.	94352.703125	
164.4459991455078	1245.22216796875	1316972.5	8005.33349609375	2660.833251953125	87212.1015625	
165.6640014648438	1556.77783203125	1305253.375	11256.5830078125	7696.25	86333.796875	
166.8820037841797	1360.900024414063	1312467.125	4531.25	7472.25	130944.109375	
168.1000061035156	1159.	1355095.75	6359.41650390625	14530.0830078125	148980.25	
169.3179931640625	2493.45458984375	1314203.	44782.3984375	12442.5	97142.8984375	
170.5370025634766	1290.800048828125	1525360.625	60895.	12944.63671875	108879.6015625	
171.7550048828125	1965.272705078125	1310410.625	22024.583984375	5790.16650390625	90286.8984375	
172.9730072021484	1555.818237304688	1290792.875	13187.1669921875	7786.75	119237.8984375	
174.1909942626953	2268.5556640625	1279212.125	14769.9169921875	8211.4169921875	93376.1015625	
175.4089965820313	2156.363525390625	1396288.75	36898.33203125	6174.41650390625	95603.5	
176.6269989013672	2769.833251953125	1313292.75	43255.484375	2994.333251953125	90154.6015625	
177.8450012207031	1446.45458984375	1307672.5	2001.833374023438	2977.75	94772.203125	
179.0630035400391	1434.22216796875	1763393.375	3523.	7368.33349609375	119723.140625	
180.281005859375	1501.	1354487.25	13745.6669921875	6160.75	89552.203125	
181.5	3694.199951171875	1322537.75	5350.16650390625	4514.9091796875	93641.796875	
182.7180023193359	1289.77783203125	1340206.25	2527.666748046875	4738.91650390625	82955.296875	
183.9360046386719	1491.	1269648.	15958.5	3053.	85337.3984375	
185.1540069580078	1411.	1227084.5	8330.75	3161.75	80174.203125	
186.3719940185547	1956.181762695313	1301969.125	366.75	2059.916748046875	89218.	
187.5899963378906	1190.800048828125	1242115.5	591.8333129882813	3562.583251953125	82811.5	
188.8079986572266	1423.333374023438	1275837.375	1025.666625976563	4865.08349609375	90267.	
190.0260009765625	1489.888916015625	1254418.625	39174.44921875	22140.666015625	89660.5	
191.2440032958984	1410.	1300095.625	15844.	2201.916748046875	90869.3984375	
192.4620056152344	1410.900024414063	1309011.5	16721.833984375	10174.5830078125	94918.703125	
193.6809997558594	3792.25	1276734.75	5151.63623046875	5615.41650390625	97638.703125	
194.8990020751953	1823.555541992188	1292763.	1943.5	10850.1669921875	91894.8984375	
196.1170043945313	1646.727294921875	1373175.	3178.333251953125	46493.69140625	93901.703125	
197.3350067138672	1711.5	1271513.75	5249.58349609375	5798.75	91149.1015625	
198.5529937744141	1756.888916015625	1290456.	2786.083251953125	2927.833251953125	85356.	
199.77099609375	1891.599975585938	1258682.625	1951.666625976563	3278.	86499.703125	
200.9889984130859	1551.199951171875	1281178.625	10906.4541015625	13273.1669921875	90811.6015625	
202.2070007324219	850.4166870117188	1293868.125	2712.89990234375	4421.5	94514.203125	
203.4250030517578	1320.900024414063	1301376.875	925.5833129882813	2727.583251953125	91832.1015625	
204.6430053710938	1490.900024414063	1267707.375	7949.181640625	11596.5830078125	117769.4453125	
205.8619995117188	1661.300048828125	1278369.75	2132.199951171875	3470.25	90906.1015625	
207.0800018310547	1690.22216796875	1296918.25	2786.166748046875	3578.583251953125	90645.796875	
208.2980041503906	1745.77783203125	1277621.375	24462.302734375	6066.66650390625	91485.6015625	
209.5160064697266	4037.888916015625	1285688.875	2152.25	7052.83349609375	216331.96875	
210.7339935302734	1812.555541992188	1318506.625	575.1666870117188	8358.5	92089.296875	
211.9519958496094	1651.	1289826.25	1721.5	12504.9169921875	85968.5	
213.1699981689453	1491.099975585938	1260728.875	2344.75	12721.4169921875	84699.296875	
214.3880004882813	1291.818237304688	1263912.875	6473.181640625	5488.9091796875	85255.1015625	
215.6060028076172	925.6666870117188	1265811.375	1794.	4530.66650390625	96514.703125	
216.8249969482422	1117.5	1231928.	617.	2477.416748046875	102764.296875	
218.0429992675781	1058.833374023438	1252436.5	441.75	2468.833251953125	83583.296875	
219.2610015869141	1381.	1234260.5	5555.16650390625	3963.333251953125	86018.703125	
220.47900390625	1310.900024414063	1234146.625	516.8333129882813	3745.666748046875	91079.296875	
221.6970062255859	1767.888916015625	1239711.125	2527.916748046875	2769.083251953125	87498.703125	
222.9149932861328	26812.572265625	1306577.75	645.727294921875	2577.083251953125	87615.703125	
224.1329956054688	2493.54541015625	1274867.25	558.5	2243.75	86138.703125	
225.3509979248047	1441.	1248537.75	416.6666564941406	3904.083251953125	91059.296875	
226.5690002441406	1843.916625976563	1261548.5	1073.363647460938	3236.5	87394.1015625	
227.7870025634766	4945.36376953125	1227736.	500.0833435058594	3278.333251953125	85784.8984375	
229.0059967041016	1222.888916015625	1282421.375	545.5454711914063	10930.5830078125	81863.8984375	
230.2239990234375	791.1818237304688	1217957.375	441.6666564941406	2518.916748046875	79571.3984375	
231.4420013427734	1320.800048828125	1240707.75	13604.7001953125	4196.08349609375	87580.3984375	
232.6600036621094	1210.699951171875	1273794.625	2268.916748046875	2610.583251953125	86917.8984375	
233.8780059814453	1280.800048828125	1276248.125	4298.66650390625	5590.16650390625	89609.8984375	
235.0959930419922	1420.800048828125	1248467.5	8694.818359375	19145.	86961.8984375	
236.3139953613281	2420.272705078125	1283304.875	8173.63623046875	46189.54296875	97716.6015625	
237.5319976806641	1292.666625976563	1247922.25	8705.9169921875	7901.75	87992.296875	
238.75	1676.25	1289660.5	18580.25	12270.3330078125	80586.5	
239.9680023193359	4038.	1228573.5	42083.8828125	21428.416015625	110060.1015625	
241.1869964599609	5016.7998046875	1277656.625	22408.416015625	9396.5	151115.21875	
242.4049987792969	3236.5	1254794.625	55064.2734375	13178.75	124418.1015625	
243.6230010986328	2492.10009765625	1272812.	147809.296875	20753.666015625	125429.5	
244.8410034179688	3143.10009765625	1364392.	143887.328125	17328.5	151955.296875	
246.0590057373047	3553.5	1372106.625	91636.453125	22980.416015625	104959.203125	
247.2769927978516	4613.9091796875	1325020.375	170562.328125	34912.16796875	118599.	
248.4949951171875	5055.60009765625	1439461.625	127330.7734375	38966.75	137510.	
249.7129974365234	4174.39990234375	1447537.75	77411.484375	39906.75	183080.296875	
250.9309997558594	4468.181640625	1444870.875	102571.6328125	45112.83203125	155505.515625	
252.1490020751953	4655.10009765625	1375534.25	113771.1796875	38588.66796875	151634.	
253.3679962158203	4925.2998046875	1438305.75	134975.0625	33489.66796875	171085.09375	
254.5859985351563	3922.	1307907.25	94493.5	35691.25	229523.15625	
255.8040008544922	3995.75	1308236.75	63420.63671875	38067.15625	179014.140625	
257.0220031738281	4124.10009765625	1353760.875	95603.9140625	42857.47265625	126986.6015625	
258.239990234375	2892.60009765625	1392435.75	40240.41796875	28421.416015625	114770.5	
259.4580078125	3433.300048828125	1278931.875	49623.	13829.	111725.1015625	
260.6759948730469	2110.818115234375	1351374.5	61970.5546875	13325.8330078125	132502.59375	
261.8940124511719	2462.199951171875	1245213.375	28535.583984375	10948.1669921875	146860.515625	
263.1119995117188	2532.300048828125	1247138.625	18020.583984375	13194.5830078125	98141.8984375	
264.3309936523438	2201.800048828125	1256915.	25627.099609375	4696.66650390625	107525.3984375	
265.5490112304688	1981.5	1272699.875	11117.1669921875	13636.9169921875	154497.796875	
266.7669982910156	4646.2001953125	1273544.	7426.16650390625	9629.9169921875	94906.6015625	
267.9849853515625	1751.199951171875	1223126.25	15932.7275390625	8088.	99326.	
269.2030029296875	1961.5	1257171.5	28964.5	8680.0830078125	127793.6875	
270.4209899902344	1690.111083984375	1229800.875	7813.5	4263.	88156.703125	
271.6390075683594	1150.599975585938	1293852.875	12604.1669921875	5765.08349609375	85575.8984375	
272.8569946289063	1555.727294921875	1175458.	13986.8330078125	6833.75	88324.1015625	
274.0750122070313	758.75	1174023.125	35642.08203125	5706.36376953125	77792.	
275.2929992675781	990.5999755859375	1183828.5	65534.68359375	3745.583251953125	97421.796875	
276.5119934082031	1851.5	1112695.625	3947.	4187.75	114682.296875	
277.7300109863281	1741.400024414063	1130546.625	5041.83349609375	4246.	85811.703125	
278.947998046875	1667.888916015625	1122149.5	1476.333374023438	22308.	97791.296875	
280.1659851074219	1679.111083984375	1115802.5	24242.271484375	33636.73046875	87769.796875	
281.3840026855469	1400.900024414063	1145103.75	26039.25	4080.	100754.3984375	
282.6019897460938	2135.333251953125	1159496.125	4513.41650390625	3837.25	139033.953125	
283.8200073242188	1651.300048828125	1109597.375	33507.99609375	9839.25	134196.40625	
285.0379943847656	1264.45458984375	1283602.625	49511.16015625	3662.333251953125	103017.4453125	
286.2560119628906	936.9091186523438	1105616.875	58702.06640625	3979.083251953125	95378.6640625	
287.4739990234375	1409.416625976563	1223745.5	23757.544921875	4646.75	81993.5	
288.6929931640625	1150.699951171875	1214340.125	3379.416748046875	5499.16650390625	128738.6953125	
289.9110107421875	2047.45458984375	1129338.25	7884.10009765625	4947.41650390625	80949.1015625	
291.1289978027344	982.3636474609375	1123636.	11445.0830078125	4671.75	90264.1015625	
292.3469848632813	880.5	1122187.5	92265.84375	3904.166748046875	79375.5	
293.5650024414063	1323.22216796875	1176870.5	2218.583251953125	4746.83349609375	77634.203125	
294.7829895019531	946.	1170526.25	12729.	10014.3330078125	94560.796875	
296.0010070800781	1084.	1161069.75	2886.166748046875	6449.66650390625	81662.1015625	
297.218994140625	1571.	1207551.125	16400.666015625	9605.6669921875	113712.515625	
298.43701171875	2980.888916015625	1261812.5	55603.6875	11204.8330078125	87165.703125	
299.656005859375	6784.125	1146055.125	35179.5	8319.1669921875	110675.4140625	
300.8739929199219	1828.727294921875	1240539.375	83411.3203125	12635.5	155018.90625	
302.0920104980469	1601.199951171875	1180314.625	13065.9091796875	9430.0830078125	112730.203125	
303.3099975585938	1771.5	1183347.5	7242.91650390625	7292.58349609375	90244.8984375	
304.5280151367188	825.5	1173579.5	23017.75	5740.	107000.296875	
305.7460021972656	1801.5	1184779.375	4788.83349609375	27461.833984375	92731.203125	
306.9639892578125	2031.900024414063	1205739.	38212.1484375	14596.5	125540.0625	
308.1820068359375	1284.166625976563	1128576.875	5369.63623046875	5189.33349609375	85192.8984375	
309.3999938964844	1646.727294921875	1162880.	7255.36376953125	8466.3330078125	97892.5234375	
310.6180114746094	1300.75	1159864.	4998.08349609375	5381.41650390625	74739.8984375	
311.8370056152344	1167.5	1120389.625	7546.9091796875	9063.1669921875	87183.796875	
313.0549926757813	1712.555541992188	1172356.25	8923.5458984375	11325.4169921875	122190.109375	
314.2730102539063	1267.444458007813	1144983.5	17525.666015625	7717.58349609375	198989.6875	
315.4909973144531	3114.	1248744.	30542.5	11256.9169921875	128904.3984375	
316.7090148925781	1891.400024414063	1411426.25	45634.25	16528.166015625	98352.	
317.927001953125	1501.181762695313	1201989.	39850.33203125	13336.	97665.6015625	
319.1449890136719	1084.	1164046.25	48431.38671875	14021.1669921875	102487.8984375	
320.3630065917969	1611.199951171875	1154842.75	16796.083984375	14216.5	83543.6015625	
321.5809936523438	1974.363647460938	1153480.	24654.818359375	7125.5	92741.6015625	
322.7990112304688	1879.333374023438	1084036.	11789.900390625	11801.	88810.6015625	
324.0180053710938	1590.22216796875	1178851.625	9439.1669921875	5222.83349609375	117656.109375	
325.2359924316406	2921.45458984375	1148376.5	41889.73046875	21948.	188743.296875	
326.4540100097656	2083.54541015625	1091112.	50479.109375	36665.33203125	96668.8984375	
327.6719970703125	792.	1471746.25	40547.03515625	45695.9609375	158291.59375	
328.8900146484375	2265.636474609375	1382087.875	42867.33203125	46909.59375	133862.484375	
330.1080017089844	1008.916687011719	1179380.125	377899.09375	113524.65625	218446.734375	
331.3259887695313	3058.4443359375	1550534.25	63884.515625	42299.66796875	345977.4375	
332.5440063476563	2646.888916015625	1100410.75	33046.81640625	18818.916015625	193230.203125	
333.7619934082031	2257.5556640625	1108216.25	36010.109375	11142.6669921875	96761.	
334.9809875488281	2151.89990234375	1068738.625	78230.3203125	8054.16650390625	181813.671875	
336.1990051269531	1373.636352539063	1225606.375	29624.583984375	159106.03125	113143.7265625	
337.4169921875	692.	1082899.625	40139.33203125	5047.5	71495.	
338.635009765625	1191.727294921875	1069234.625	7628.58349609375	8302.25	85312.	
339.8529968261719	533.5833129882813	1184898.625	6213.58349609375	8056.5	138229.9375	
341.0710144042969	441.75	1116518.625	7158.45458984375	2735.75	69462.5	
342.2890014648438	1040.599975585938	1166754.5	8140.54541015625	9141.	113630.5625	
343.5069885253906	1090.599975585938	1091123.5	16704.333984375	1651.25	74186.8984375	
344.7250061035156	1100.599975585938	1092629.875	717.	4097.25	81038.8984375	
345.9429931640625	1030.5	1073861.75	667.	1968.166625976563	76160.703125	
347.1619873046875	970.5999755859375	1096798.25	4417.58349609375	3303.333251953125	73829.6015625	
348.3800048828125	1360.900024414063	1097324.875	1255.54541015625	5371.27294921875	75485.203125	
349.5979919433594	1067.333374023438	1065195.5	1938.	2285.25	73444.8984375	
350.8160095214844	1323.111083984375	1056072.875	1509.5	2710.833251953125	70237.1015625	
352.0339965820313	1122.888916015625	1105497.75	2843.	2535.583251953125	104019.3359375	
353.2520141601563	3566.75	1052693.375	633.5833129882813	2877.5	96048.4609375	
354.4700012207031	1230.800048828125	1040295.125	692.	2176.916748046875	105648.890625	
355.68798828125	1167.444458007813	1053689.375	3404.583251953125	2068.333251953125	70859.6015625	
356.906005859375	791.3636474609375	1079692.5	1571.5	2402.25	74037.796875	
358.1239929199219	1010.599975585938	1088843.5	463.7272644042969	2769.25	73060.8984375	
359.3429870605469	1350.900024414063	1047486.25	483.4166564941406	2310.25	72639.	
360.5610046386719	1134.111083984375	1061100.875	1226.416625976563	2060.	69372.1015625	
361.7789916992188	1390.900024414063	1040905.75	372.9090881347656	2226.916748046875	70337.3984375	
362.9970092773438	1089.555541992188	1045797.3125	3213.166748046875	5593.16650390625	71382.5	
364.2149963378906	541.8333129882813	1045893.3125	1201.083374023438	6610.25	76261.6015625	
365.4330139160156	1256.333374023438	1057338.625	2702.75	2160.166748046875	79178.203125	
366.6510009765625	1133.888916015625	1094332.875	105911.03125	2744.25	76520.8984375	
367.8689880371094	990.5	1511978.875	5558.83349609375	2744.25	69231.796875	
369.0870056152344	760.2000122070313	1237878.5	6901.33349609375	3486.833251953125	45748.	
370.3059997558594	1080.599975585938	1041672.875	1100.727294921875	2310.166748046875	70588.3984375	
371.5239868164063	925.5833129882813	1024867.0625	758.9166870117188	1893.083374023438	71275.203125	
372.7420043945313	1140.699951171875	1040202.6875	991.4545288085938	1843.	70297.796875	
373.9599914550781	900.5833129882813	1038211.5625	1150.5	2435.583251953125	71494.796875	
375.1780090332031	1020.5	1069650.625	3148.111083984375	3687.083251953125	69892.703125	
376.39599609375	1323.111083984375	1047683.125	890.5	1684.666625976563	73062.8984375	
377.614013671875	1167.333374023438	1063925.	2820.916748046875	6746.66650390625	70236.3984375	
378.8320007324219	890.5	1058617.75	290.	1843.25	70578.296875	
380.0499877929688	1100.599975585938	1081324.5	583.5833129882813	1984.916625976563	74801.296875	
381.2680053710938	1011.777770996094	1013680.875	2102.833251953125	2176.916748046875	67513.703125	
382.4869995117188	956.2222290039063	1025492.875	370.	1843.083374023438	72539.703125	
383.7049865722656	1000.700012207031	1081428.875	636.6363525390625	2218.416748046875	67250.703125	
384.9230041503906	1111.888916015625	1056931.5	609.3636474609375	1718.	68477.3984375	
386.1409912109375	763.9091186523438	1062604.875	3623.818115234375	2443.833251953125	69865.3984375	
387.3590087890625	764.	1015318.25	782.1818237304688	7478.25	71144.5	
388.5769958496094	960.5999755859375	1034416.4375	1025.666625976563	2101.75	71563.8984375	
389.7950134277344	433.5	1013662.25	854.9091186523438	2201.75	66267.6015625	
391.0130004882813	740.2000122070313	1062648.875	709.4545288085938	2185.083251953125	69504.5	
392.2309875488281	1150.599975585938	1045483.125	358.3333435058594	1851.583374023438	67954.296875	
393.4490051269531	1178.333374023438	1036267.5625	792.0833129882813	2185.166748046875	68727.203125	
394.6679992675781	975.4166870117188	1025709.3125	366.75	1918.333374023438	67573.1015625	
395.885986328125	920.4000244140625	1032580.	263.6363525390625	1834.75	67331.796875	
397.10400390625	1070.599975585938	1048221.3125	542.	2085.25	70718.296875	
398.3219909667969	1022.888916015625	1047055.125	466.75	2076.666748046875	70387.703125	
399.5400085449219	1110.599975585938	1028678.25	391.9166564941406	2685.75	68115.703125	
400.7579956054688	1130.699951171875	1010707.5625	710.2999877929688	1726.416625976563	69460.796875	
401.9760131835938	844.888916015625	1036720.875	691.272705078125	1993.25	66838.5	
403.1940002441406	1022.888916015625	1041176.875	692.0833129882813	2110.083251953125	67874.6015625	
404.4119873046875	1110.599975585938	1007066.6875	1367.916625976563	3412.25	66346.1015625	
405.6310119628906	1060.5	1042488.	750.25	2026.583374023438	66608.5	
406.8489990234375	927.727294921875	1043449.1875	4032.083251953125	2201.75	68065.296875	
408.0669860839844	1289.555541992188	1048575.125	566.8333129882813	2168.5	69601.296875	
409.2850036621094	1189.555541992188	1047693.3125	375.	1985.	70831.703125	
410.5029907226563	1200.888916015625	1022896.875	608.6666870117188	1743.	68107.3984375	
411.7210083007813	783.6666870117188	1009967.125	450.1666564941406	1709.416625976563	65752.796875	
412.9389953613281	1100.666625976563	1023519.125	491.8333435058594	1809.916625976563	72623.5	
414.1570129394531	940.7000122070313	1066715.	466.6666564941406	2085.	67213.1015625	
415.375	946.	1036041.	241.6666717529297	1893.166625976563	68266.296875	
416.5929870605469	1067.22216796875	1028127.125	375.	2126.833251953125	66927.	
417.81201171875	1100.666625976563	1031811.5625	358.3333435058594	2694.25	65070.1015625	
419.0299987792969	922.6666870117188	1021653.3125	375.0833435058594	2026.75	71285.3984375	
420.2479858398438	940.5	1031545.875	620.2999877929688	2035.	70989.703125	
421.4660034179688	1189.77783203125	1031160.4375	425.0833435058594	2126.75	70326.703125	
422.6839904785156	1145.111083984375	1034160.875	3916.	2827.833251953125	71106.6015625	
423.9020080566406	980.5	1032121.75	481.9090881347656	1876.416625976563	87022.3359375	
425.1199951171875	1000.799987792969	1040807.5625	409.1818237304688	2001.583374023438	64920.1015625	
426.3380126953125	989.4444580078125	1024652.4375	418.3636474609375	1909.916625976563	62257.19921875	
427.5559997558594	1378.77783203125	1013328.4375	166.6666717529297	1976.5	68787.3984375	
428.7739868164063	864.1818237304688	1022697.75	37141.71875	1934.833374023438	64223.69921875	
429.9930114746094	1156.444458007813	1036384.4375	275.	1592.666625976563	63954.6015625	
431.2109985351563	1033.916625976563	1053940.5	358.4166564941406	1943.083374023438	69665.1015625	
432.4289855957031	930.5999755859375	1021162.6875	533.5833129882813	1626.166625976563	66948.1015625	
433.6470031738281	767.0833129882813	992891.5625	333.4166564941406	2035.083374023438	65049.5	
434.864990234375	945.	1029899.5625	450.0833435058594	1609.416625976563	66868.296875	
436.0830078125	1170.699951171875	1053861.75	2378.333251953125	1751.333374023438	70777.8359375	
437.3009948730469	978.3333129882813	1030579.5625	366.75	1818.166625976563	65663.703125	
438.5190124511719	658.4166870117188	1004529.3125	472.9090881347656	1868.083374023438	62400.	
439.7369995117188	1060.5	1032527.125	550.25	1809.833374023438	67290.703125	
440.9549865722656	791.3636474609375	1016935.125	727.727294921875	1676.25	64085.	
442.1740112304688	1060.699951171875	972703.5625	300.	1826.416625976563	61283.69921875	
443.3919982910156	950.5999755859375	1000768.	254.5454559326172	2059.916748046875	65835.796875	
444.6099853515625	980.5999755859375	1011532.4375	882.4545288085938	1834.833374023438	66714.703125	
445.8280029296875	2482.699951171875	1055621.	2893.199951171875	1734.75	39183.83203125	
447.0459899902344	958.9166870117188	1041417.3125	350.	2660.75	72160.296875	
448.2640075683594	1451.166625976563	1053579.125	920.5	2544.	63904.	
449.4819946289063	1220.699951171875	1061640.875	2862.5	2176.75	95649.890625	
450.7000122070313	873.272705078125	1027224.875	3167.45458984375	1726.333374023438	65700.8984375	
451.9179992675781	1091.54541015625	1001665.3125	1156.444458007813	1926.5	62971.30078125	
453.1369934082031	1070.699951171875	1052920.875	558.6666870117188	2051.666748046875	64336.3984375	
454.3550109863281	910.5	1037434.6875	4891.08349609375	18357.78515625	65365.30078125	
455.572998046875	1170.699951171875	1022735.5625	483.4166564941406	1818.	65848.296875	
456.7909851074219	833.7777709960938	1020604.4375	241.6666717529297	1951.5	68095.3984375	
458.0090026855469	1022.666687011719	1013281.75	291.6666564941406	1876.5	64957.19921875	
459.2269897460938	1256.22216796875	1066070.625	218.1818237304688	1934.916625976563	60751.30078125	
460.4450073242188	910.5	992237.	345.4545593261719	1726.25	60679.30078125	
461.6629943847656	890.4000244140625	1021181.75	275.	1893.25	62730.80078125	
462.8810119628906	930.4000244140625	1022736.875	550.4166870117188	2010.083374023438	66668.296875	
464.0989990234375	1189.444458007813	991927.5625	2837.4443359375	1901.416625976563	63915.6015625	
465.3179931640625	1111.77783203125	1003885.75	266.6666564941406	1826.5	62650.	
466.5360107421875	990.5999755859375	1045997.75	375.0833435058594	1909.833374023438	64871.69921875	
467.7539978027344	1122.888916015625	999810.25	281.8181762695313	1918.25	61334.	
468.9719848632813	845.9091186523438	999903.5625	191.6666717529297	2226.916748046875	63763.	
470.1900024414063	822.6666870117188	1044861.3125	10890.7275390625	3787.25	65903.796875	
471.4079895019531	791.3636474609375	1014556.875	300.	4246.33349609375	62334.8984375	
472.6260070800781	1089.444458007813	1027400.875	266.6666564941406	27720.908203125	63129.80078125	
473.843994140625	910.5	1023796.	409.2727355957031	35920.08203125	72287.8984375	
475.06201171875	1221.	1007851.5625	1476.833374023438	6683.5	74000.	
476.2799987792969	475.1666564941406	1032726.25	433.4166564941406	3495.	71811.8984375	
477.4989929199219	1200.800048828125	1009784.	10794.	6700.33349609375	62308.30078125	
478.7170104980469	1040.599975585938	1025864.	1521.300048828125	3937.416748046875	63170.19921875	
479.9349975585938	1036.909057617188	1033530.25	8754.9091796875	4380.16650390625	60329.69921875	
481.1530151367188	1160.699951171875	1055393.75	856.	3653.833251953125	64594.3984375	
482.3710021972656	1234.	1031580.4375	12003.	2885.916748046875	70930.296875	
483.5889892578125	1009.545471191406	1079564.5	13384.5556640625	3236.5	63702.5	
484.8070068359375	1100.77783203125	1018191.125	817.0833129882813	4212.75	60930.6015625	
486.0249938964844	1592.181762695313	1004901.75	625.25	42799.72265625	62236.69921875	
487.2430114746094	1040.599975585938	1032127.5625	917.25	3002.666748046875	64255.30078125	
488.4620056152344	1150.900024414063	1009553.3125	408.5	4338.33349609375	64838.	
489.6799926757813	855.888916015625	1017867.5625	409.0909118652344	10818.6669921875	65069.3984375	
490.8980102539063	1182.54541015625	1028982.4375	2386.083251953125	2769.25	69586.8984375	
492.1159973144531	1167.444458007813	1004717.75	4384.	3570.5	58522.30078125	
493.3340148925781	600.3333129882813	1037634.6875	617.	2477.166748046875	57837.	
494.552001953125	1050.699951171875	974731.5625	375.	8876.5	61172.19921875	
495.7699890136719	927.8181762695313	977164.875	5386.66650390625	6333.5	34592.75	
496.9880065917969	1200.77783203125	1016076.	1677.	1901.5	58930.80078125	
498.2059936523438	975.5833129882813	1005221.3125	10557.6669921875	2026.5	63210.69921875	
499.4240112304688	1156.555541992188	996076.	200.	5574.08349609375	72890.5	
500.6430053710938	1025.583374023438	1046435.5625	7928.5	2402.166748046875	61834.30078125	
501.8609924316406	940.5999755859375	1036519.5625	7581.16650390625	5457.08349609375	66355.6015625	
503.0790100097656	1471.	1012628.4375	2103.083251953125	2878.083251953125	58005.80078125	
504.2969970703125	1130.599975585938	1006744.875	291.6666564941406	3312.54541015625	62538.19921875	
505.5150146484375	780.2999877929688	1023790.25	536.5454711914063	1793.083374023438	62134.69921875	
506.7330017089844	922.7777709960938	1031430.25	358.5	2360.416748046875	80685.703125	
507.9509887695313	2394.75	1017129.75	350.	2127.	64627.6015625	
509.1690063476563	1011.777770996094	1002143.5625	673.	2577.416748046875	61051.3984375	
510.3869934082031	1060.599975585938	1005328.875	1246.636352539063	1592.833374023438	59134.1015625	
511.6050109863281	558.5	1104740.875	850.75	2185.166748046875	61202.80078125	
512.823974609375	709.272705078125	1000947.5625	1301.25	2118.416748046875	63230.1015625	
514.0419921875	820.5	1004989.75	708.9166870117188	1792.916625976563	60698.3984375	
515.260009765625	1211.888916015625	1012299.5625	545.6363525390625	2193.666748046875	62709.8984375	
516.47802734375	1100.599975585938	1005894.6875	1790.666625976563	1709.5	60940.5	
517.6959838867188	1367.555541992188	1000938.6875	491.0909118652344	1826.333374023438	62074.30078125	
518.9140014648438	990.5	995938.6875	1985.583374023438	2126.75	60537.8984375	
520.1320190429688	1110.599975585938	1021713.3125	617.0833129882813	2786.	59204.	
521.3499755859375	770.4000244140625	1033101.3125	475.1666564941406	1667.916625976563	57001.30078125	
522.5679931640625	767.111083984375	1011726.6875	391.8333435058594	1959.75	62497.69921875	
523.7869873046875	970.5	1003224.	1977.25	2001.75	59886.5	
525.0050048828125	1060.599975585938	998780.	440.1000061035156	1676.166625976563	58367.3984375	
526.2230224609375	1345.22216796875	990617.75	742.	1918.333374023438	58368.5	
527.4409790039063	1100.699951171875	996164.875	4651.41650390625	2293.75	60962.	
528.6589965820313	1100.555541992188	997116.	13295.4169921875	1876.333374023438	104901.203125	
529.8770141601563	1000.599975585938	976326.6875	208.3333282470703	1843.166625976563	55255.5	
531.094970703125	1323.	984279.5625	436.4545593261719	6522.33349609375	57525.30078125	
532.31298828125	900.5	984246.6875	225.	1868.083374023438	60067.1015625	
533.531005859375	1000.599975585938	1008069.3125	2803.	1934.916625976563	61513.80078125	
534.7490234375	990.5	998905.3125	3146.25	4489.5	59623.80078125	
535.968017578125	1030.5	1040825.625	1383.	2352.	65072.5	
537.1859741210938	891.4545288085938	1005035.4375	4139.16650390625	3061.333251953125	58661.	
538.4039916992188	1078.444458007813	996114.25	4609.	4313.41650390625	60579.19921875	
539.6220092773438	1070.599975585938	1009501.3125	500.25	2819.333251953125	59815.8984375	
540.8400268554688	1140.800048828125	1004825.3125	1090.900024414063	1993.25	60741.30078125	
542.0579833984375	1070.599975585938	1043916.875	959.	2018.416625976563	57094.6015625	
543.2760009765625	873.0908813476563	998377.75	608.75	4322.75	59533.	
544.4940185546875	1060.699951171875	1013686.25	1241.	2026.75	59251.3984375	
545.7119750976563	1070.599975585938	1133337.75	650.5	3670.75	57615.	
546.9299926757813	1067.22216796875	996067.125	658.8333129882813	1843.083374023438	57858.30078125	
548.1489868164063	1167.444458007813	1004065.75	250.0833282470703	1859.833374023438	57352.3984375	
549.3670043945313	940.5	1004306.25	300.	3136.75	57043.30078125	
550.5850219726563	809.4545288085938	1020127.125	6752.5	1926.416625976563	60407.1015625	
551.802978515625	900.4545288085938	1020423.125	236.3636322021484	1859.666625976563	73481.8984375	
553.02099609375	989.5555419921875	1004952.4375	250.	1584.333374023438	58027.1015625	
554.239013671875	882.1818237304688	994612.	518.4545288085938	1893.166625976563	62777.	
555.4569702148438	810.4000244140625	1000687.5625	291.6666564941406	13515.	75770.78125	
556.6749877929688	2393.54541015625	975184.875	617.25	8308.9169921875	79250.78125	
557.8930053710938	1060.699951171875	988439.125	946.1818237304688	1709.583374023438	58379.5	
559.1119995117188	754.9091186523438	1005136.875	782.1818237304688	1985.	57695.3984375	
560.3300170898438	1645.77783203125	1008940.	35759.71484375	2702.666748046875	85830.0859375	
561.5479736328125	900.4000244140625	1013277.75	627.4545288085938	2101.666748046875	61195.80078125	
562.7659912109375	978.3333129882813	997696.	400.0909118652344	1809.833374023438	59211.30078125	
563.9840087890625	873.1818237304688	995000.875	358.3333435058594	3236.916748046875	55935.69921875	
565.2020263671875	2013.	995410.6875	951.	1409.25	57091.8984375	
566.4199829101563	964.0908813476563	995931.125	1292.916625976563	1684.5	59352.69921875	
567.6380004882813	1100.699951171875	1023520.	463.9090881347656	1609.583374023438	58138.5	
568.8560180664063	800.4166870117188	1020587.125	275.	2869.666748046875	57502.80078125	
570.073974609375	1055.272705078125	999737.3125	341.6666564941406	1784.666625976563	56158.8984375	
571.2930297851563	1089.444458007813	1002684.875	658.9166870117188	1943.25	58731.	
572.510986328125	870.5	1026668.4375	216.6666717529297	5550.5	57082.69921875	
573.72900390625	1841.599975585938	1033762.6875	892.5	1676.416625976563	57452.69921875	
574.947021484375	937.	988044.4375	316.75	2644.	54280.69921875	
576.1649780273438	1090.599975585938	1003405.75	345.4545593261719	2326.916748046875	54562.5	
577.3829956054688	967.2222290039063	966892.875	258.3333435058594	2043.5	55525.80078125	
578.6010131835938	1412.111083984375	1014941.75	491.9166564941406	9553.25	56438.8984375	
579.8189697265625	1000.666687011719	1008547.125	408.4166564941406	2318.5	57233.80078125	
581.0369873046875	978.4444580078125	1012196.	650.2999877929688	2594.	58076.8984375	
582.2550048828125	1067.22216796875	1002159.5625	1943.833374023438	5995.66650390625	57774.6015625	
583.4739990234375	930.5999755859375	998972.875	650.5	2135.166748046875	117029.96875	
584.6920166015625	1040.599975585938	997698.25	408.4166564941406	2018.333374023438	54251.80078125	
585.9099731445313	910.5999755859375	994488.875	325.0833435058594	1951.583374023438	55887.30078125	
587.1279907226563	833.7777709960938	1000335.125	241.6666717529297	3228.666748046875	58087.6015625	
588.3460083007813	1040.599975585938	1037577.9375	233.3333282470703	2226.916748046875	59262.3984375	
589.5640258789063	1142.333374023438	1017553.75	275.	6628.83349609375	54420.5	
590.781982421875	1225.833374023438	1013885.75	258.3333435058594	7363.58349609375	54339.1015625	
592.	1270.800048828125	978646.25	316.6666564941406	1876.5	54482.30078125	
593.218017578125	1721.300048828125	989143.5625	250.	2627.583251953125	56228.1015625	
594.4359741210938	1000.599975585938	997903.125	325.	1984.916625976563	55325.	
595.655029296875	882.272705078125	1033432.	400.1666564941406	2060.	53498.8984375	
596.8729858398438	1067.333374023438	989864.4375	3305.300048828125	1792.916625976563	55287.30078125	
598.0910034179688	1178.555541992188	984000.	272.7272644042969	2276.916748046875	53538.3984375	
599.3090209960938	1110.699951171875	998174.25	216.6666717529297	4623.41650390625	54500.30078125	
600.5269775390625	1010.599975585938	1042568.125	266.6666564941406	2051.666748046875	55435.	
601.7449951171875	1060.599975585938	1018946.6875	3834.181884765625	4906.818359375	55174.30078125	
602.9630126953125	1100.555541992188	1006942.25	391.6666564941406	5162.27294921875	57121.8984375	
604.1810302734375	1100.666625976563	1044343.125	670.2999877929688	1868.083374023438	56620.80078125	
605.3989868164063	880.5999755859375	1008676.4375	216.6666717529297	2176.833251953125	56008.19921875	
606.6179809570313	1100.666625976563	1017794.25	150.	2068.416748046875	55817.30078125	
607.8359985351563	1011.666687011719	1011167.125	283.3333435058594	2160.083251953125	53899.5	
609.0540161132813	1120.800048828125	996390.6875	345.4545593261719	2226.833251953125	59733.80078125	
610.27197265625	1060.5	1002368.	383.3333435058594	13936.	56158.30078125	
611.489990234375	1211.888916015625	986990.25	433.5833435058594	3094.833251953125	54029.6015625	
612.7080078125	1010.5	1026241.3125	250.	1993.333374023438	53517.5	
613.926025390625	1234.22216796875	1012979.5625	964.4545288085938	9980.8330078125	55334.80078125	
615.1439819335938	1067.333374023438	991618.6875	241.6666717529297	1776.166625976563	55766.8984375	
616.3619995117188	810.5	1038151.625	200.	1709.583374023438	55124.30078125	
617.5800170898438	800.4000244140625	1007811.125	200.	1626.166625976563	54581.69921875	
618.7990112304688	870.4000244140625	991824.4375	1635.25	1884.833374023438	57966.	
620.0170288085938	1223.	1014102.25	358.5	1851.416625976563	51640.	
621.2349853515625	583.75	994505.75	283.3333435058594	2435.5	52733.80078125	
622.4530029296875	1090.599975585938	1002441.3125	283.3333435058594	4999.58349609375	51842.	
623.6710205078125	1111.77783203125	1005589.	290.9090881347656	1826.416625976563	52905.	
624.8889770507813	416.75	1009737.3125	166.6666717529297	1843.	54280.6015625	
626.1069946289063	978.2222290039063	975361.75	258.3333435058594	2652.416748046875	57453.69921875	
627.3250122070313	1245.444458007813	1002730.25	350.	1793.	53557.6015625	
628.5430297851563	840.4000244140625	982174.6875	336.3636474609375	2043.416625976563	56259.1015625	
629.760986328125	2068.333251953125	998265.25	354.5454406738281	33229.65234375	97592.859375	
630.97998046875	958.9166870117188	1004346.25	375.	2786.083251953125	55214.80078125	
632.197998046875	1250.900024414063	976189.3125	1493.166625976563	2977.75	30429.916015625	
633.416015625	1010.599975585938	997680.875	1131.	89155.03125	54380.69921875	
634.6339721679688	1030.599975585938	987624.	2979.916748046875	4338.33349609375	53125.19921875	
635.8519897460938	1170.800048828125	999437.375	608.75	2143.5	54230.8984375	
637.0700073242188	1064.363647460938	1003674.6875	366.75	26500.6875	52223.30078125	
638.2880249023438	1011.555541992188	1011246.625	558.5	3420.083251953125	52383.6015625	
639.5059814453125	1278.77783203125	998451.5625	300.0833435058594	2218.583251953125	54149.30078125	
640.7239990234375	950.6666870117188	1029783.125	1109.416625976563	4940.66650390625	55274.30078125	
641.9429931640625	1611.199951171875	985230.25	263.6363525390625	2460.583251953125	53206.3984375	
643.1610107421875	922.7777709960938	1030678.25	658.6666870117188	3720.75	55826.19921875	
644.3790283203125	975.6666870117188	1009003.125	318.1818237304688	4154.41650390625	54682.6015625	
645.5969848632813	1055.181762695313	1017588.4375	250.	2527.25	51217.69921875	
646.8150024414063	842.0833129882813	1014279.125	625.4166870117188	2861.	52643.6015625	
648.0330200195313	1030.599975585938	975537.75	308.3333435058594	2010.	52935.6015625	
649.2509765625	1010.5	1006683.125	308.3333435058594	5340.5	52863.80078125	
650.468994140625	1050.599975585938	995892.4375	363.7272644042969	1851.5	52815.	
651.68701171875	1280.699951171875	1009560.4375	218.1818237304688	2110.166748046875	54048.8984375	
652.905029296875	1351.099975585938	998877.3125	318.1818237304688	2326.916748046875	52102.8984375	
654.1240234375	890.5	972025.75	333.4166564941406	2293.666748046875	52133.1015625	
655.3419799804688	375.0833435058594	991944.	266.6666564941406	1926.5	56891.1015625	
656.5599975585938	1178.444458007813	987124.4375	300.	1968.333374023438	53055.	
657.7780151367188	1020.5	998582.25	316.6666564941406	1793.083374023438	51177.69921875	
658.9959716796875	3459.77783203125	993295.125	275.	2460.583251953125	52813.69921875	
660.2139892578125	1080.699951171875	1011677.4375	227.2727203369141	1976.5	54559.80078125	
661.4320068359375	773.	973402.6875	280.	1767.916625976563	56108.8984375	
662.6500244140625	4829.66650390625	995775.5625	472.9090881347656	2151.833251953125	54401.19921875	
663.8679809570313	955.	996132.	400.0909118652344	8858.25	51721.	
665.0859985351563	1200.77783203125	972888.	300.	2285.25	50555.30078125	
666.3049926757813	1034.	975404.875	366.75	1893.25	55004.8984375	
667.5230102539063	1130.699951171875	982016.875	491.75	1884.833374023438	51619.6015625	
668.7410278320313	1010.599975585938	969707.125	391.	1926.416625976563	51942.	
669.958984375	910.5	990027.5625	358.4166564941406	2018.25	51379.3984375	
671.177001953125	391.75	993513.3125	391.	2402.166748046875	54331.6015625	
672.39501953125	1060.599975585938	1007180.125	281.8181762695313	2919.5	51890.8984375	
673.6129760742188	1189.666625976563	1010643.5625	341.6666564941406	2752.5	52352.30078125	
674.8309936523438	1070.699951171875	984955.5625	691.272705078125	2535.583251953125	51930.3984375	
676.0490112304688	1117.5	980596.4375	500.1000061035156	3658.727294921875	51429.19921875	
677.2680053710938	1590.	972271.125	358.3333435058594	2602.25	49833.	
678.4860229492188	1412.111083984375	988423.125	900.6666870117188	3278.083251953125	49310.	
679.7039794921875	15303.75	1010629.75	383.4166564941406	2794.083251953125	52453.30078125	
680.9219970703125	2444.916748046875	998612.125	542.0833129882813	2318.75	55325.	
682.1400146484375	1561.099975585938	1018374.25	1200.916625976563	22542.25	50917.69921875	
683.3579711914063	3637.666748046875	1038859.125	550.1666870117188	39124.76171875	51027.30078125	
684.5759887695313	1531.199951171875	981137.75	642.	6023.5	54211.3984375	
685.7940063476563	1217.833374023438	1004896.1875	516.8333129882813	3453.416748046875	52744.5	
687.0120239257813	1342.583374023438	1001581.75	682.0908813476563	6876.83349609375	51448.8984375	
688.22998046875	1260.900024414063	995992.4375	516.8333129882813	3703.583251953125	52431.80078125	
689.448974609375	890.5	978331.5625	250.1666717529297	3929.25	50363.19921875	
690.6669921875	1440.900024414063	973904.	241.6666717529297	5048.83349609375	61102.19921875	
691.885009765625	1334.22216796875	1014395.125	566.8333129882813	11335.4169921875	52042.6015625	
693.10302734375	1145.333374023438	993366.25	625.3333129882813	8308.8330078125	48486.6015625	
694.3209838867188	1020.5	1019430.	263.6363525390625	2452.25	50394.30078125	
695.5390014648438	783.75	993209.75	381.9090881347656	2944.416748046875	50474.3984375	
696.7570190429688	917.1666870117188	1008443.25	191.6666717529297	6103.66650390625	50986.69921875	
697.9749755859375	1523.22216796875	1051198.125	216.6666717529297	2560.5	49922.8984375	
699.1929931640625	1055.181762695313	973460.875	391.	2644.083251953125	52192.	
700.4110107421875	1240.699951171875	984488.4375	375.0833435058594	2368.666748046875	51850.80078125	
701.6300048828125	1245.333374023438	979065.75	516.8333129882813	2318.583251953125	50803.5	
702.8480224609375	1225.833374023438	1031853.75	333.4166564941406	2009.916625976563	49843.5	
704.0659790039063	1020.599975585938	1002329.3125	283.3333435058594	4496.75	50475.69921875	
705.2839965820313	922.7777709960938	1036585.75	336.3636474609375	2185.166748046875	53336.19921875	
706.5020141601563	940.5999755859375	994806.25	318.1818237304688	1826.5	51217.3984375	
707.719970703125	892.1666870117188	972268.875	4978.33349609375	1709.583374023438	50575.	
708.93798828125	3254.833251953125	1010268.4375	318.2727355957031	1534.333374023438	52192.1015625	
710.156005859375	970.5	1014035.125	333.3333435058594	2285.333251953125	52090.5	
711.3740234375	1000.636352539063	980050.25	345.4545593261719	1542.666625976563	51590.	
712.5919799804688	1000.700012207031	998910.6875	245.4545440673828	1642.916625976563	55752.3984375	
713.8109741210938	1164.272705078125	1031602.6875	281.8181762695313	2051.666748046875	49801.6015625	
715.0289916992188	433.4166564941406	1007117.3125	381.8181762695313	2110.083251953125	49600.30078125	
716.2470092773438	967.1666870117188	965265.75	358.4166564941406	1718.	50413.69921875	
717.4650268554688	1471.199951171875	988822.25	354.5454406738281	2310.25	50201.5	
718.6829833984375	1656.77783203125	973819.5625	375.1666564941406	2043.416625976563	50526.3984375	
719.9010009765625	1040.400024414063	993928.875	441.8333435058594	3303.083251953125	51076.	
721.1190185546875	1137.090942382813	996138.25	318.2727355957031	5735.36376953125	51168.	
722.3369750976563	980.5	1465494.125	291.6666564941406	5708.33349609375	49651.69921875	
723.5549926757813	1090.599975585938	983909.3125	308.5	5323.33349609375	50584.8984375	
724.7739868164063	950.3333129882813	986242.6875	481.8181762695313	5143.181640625	50636.	
725.9920043945313	1337.181762695313	1006104.	358.4166564941406	4063.25	50042.80078125	
727.2100219726563	18082.	967942.25	291.6666564941406	3678.916748046875	50535.30078125	
728.427978515625	900.4545288085938	997929.3125	525.25	5665.41650390625	49901.80078125	
729.64599609375	1434.5	1010845.3125	275.0833435058594	3687.25	48595.6015625	
730.864013671875	1559.833374023438	994460.875	327.3636474609375	2368.833251953125	49210.5	
732.0819702148438	1030.5	991511.125	250.	4321.66650390625	50484.8984375	
733.2999877929688	967.2222290039063	1001455.125	291.6666564941406	1959.916625976563	52402.5	
734.5180053710938	1056.111083984375	978424.	266.6666564941406	2360.5	49088.8984375	
735.7360229492188	1526.25	958900.4375	618.5454711914063	2560.583251953125	50004.1015625	
736.9550170898438	1160.599975585938	1008688.875	363.6363525390625	1667.916625976563	50754.6015625	
738.1729736328125	960.5	1007739.5625	2228.166748046875	1993.166625976563	49571.6015625	
739.3909912109375	950.5	997061.3125	525.25	2527.416748046875	49630.69921875	
740.6090087890625	867.	981956.4375	345.4545593261719	2251.916748046875	50113.8984375	
741.8270263671875	1037.	992057.75	236.3636322021484	1709.75	49049.3984375	
743.0449829101563	946.0908813476563	990561.3125	327.2727355957031	2060.083251953125	49109.1015625	
744.2630004882813	1145.22216796875	961641.3125	241.6666717529297	2735.833251953125	48908.80078125	
745.4810180664063	1056.22216796875	989023.5625	283.4166564941406	2168.666748046875	49620.3984375	
746.698974609375	783.6666870117188	988448.	425.0833435058594	2343.666748046875	48638.	
747.9169921875	1110.800048828125	1006652.	345.4545593261719	3361.916748046875	48596.80078125	
749.135986328125	1070.599975585938	984470.25	291.75	3236.75	46850.80078125	
750.35400390625	1150.699951171875	958229.3125	241.6666717529297	3069.5	50493.80078125	
751.572021484375	920.5	951164.4375	300.	1884.833374023438	49681.5	
752.7899780273438	1120.599975585938	998512.	450.1666564941406	2752.916748046875	96775.1953125	
754.0079956054688	1070.699951171875	991696.875	466.8333435058594	5300.5	49369.30078125	
755.2260131835938	1045.111083984375	943862.25	300.0833435058594	1676.333374023438	49228.19921875	
756.4439697265625	790.2000122070313	994459.5625	366.75	2243.666748046875	49470.6015625	
757.6619873046875	1055.090942382813	1034246.6875	233.3333282470703	4430.41650390625	50103.1015625	
758.8800048828125	641.9166870117188	986832.	2822.54541015625	2110.166748046875	50001.80078125	
760.0989990234375	1067.333374023438	962024.	300.	2519.	49501.69921875	
761.3170166015625	1256.333374023438	991616.875	350.	2593.833251953125	47914.3984375	
762.5349731445313	1189.77783203125	992226.6875	275.	2301.833251953125	47112.19921875	
763.7529907226563	930.5	966152.	375.0833435058594	8814.3330078125	48949.19921875	
764.9710083007813	891.1818237304688	992844.	300.	2769.333251953125	50725.80078125	
766.1890258789063	860.2999877929688	987588.4375	475.1666564941406	3169.916748046875	48899.30078125	
767.406982421875	1211.888916015625	1082204.75	1251.25	4363.25	49089.	
768.625	1046.090942382813	1004764.4375	592.	2736.	49983.3984375	
769.843017578125	973.1818237304688	1034884.1875	318.2727355957031	2510.583251953125	49229.8984375	
771.0609741210938	1100.54541015625	1012659.5625	225.	2802.666748046875	51539.30078125	
772.280029296875	973.272705078125	993118.6875	2278.333251953125	2126.75	48838.1015625	
773.4979858398438	2214.5	973532.	336.3636474609375	2335.166748046875	47211.	
774.7160034179688	984.	959340.4375	250.	2393.666748046875	46298.3984375	
775.9340209960938	19234.36328125	998390.25	209.0909118652344	2377.	48266.5	
777.1519775390625	890.5	950300.4375	263.7272644042969	2243.583251953125	74070.78125	
778.3699951171875	900.5555419921875	1051358.25	275.	1959.916625976563	47333.19921875	
779.5880126953125	1060.699951171875	952162.6875	325.	2268.5	48897.5	
780.8060302734375	810.5	956197.75	245.4545440673828	2368.666748046875	46289.1015625	
782.0239868164063	860.4000244140625	951190.25	263.6363525390625	2735.916748046875	47884.19921875	
783.2420043945313	980.7000122070313	976656.9375	225.	1776.25	46681.19921875	
784.4609985351563	778.111083984375	950773.75	309.0909118652344	2218.5	48316.6015625	
785.6790161132813	1010.599975585938	964738.6875	354.6363525390625	2569.25	47594.	
786.89697265625	1020.599975585938	974738.6875	325.	13708.36328125	47553.69921875	
788.114990234375	980.5999755859375	974422.25	333.3333435058594	2260.166748046875	47613.30078125	
789.3330078125	1060.599975585938	970615.5625	300.	2285.25	45526.	
790.551025390625	1160.699951171875	944320.	350.0833435058594	1634.583374023438	47102.30078125	
791.7689819335938	790.4000244140625	972223.5625	291.6666564941406	1584.5	48417.30078125	
792.9869995117188	1150.599975585938	984655.5625	540.2000122070313	2827.666748046875	48316.69921875	
794.2050170898438	1245.22216796875	958067.125	318.1818237304688	2502.166748046875	46249.19921875	
795.4240112304688	1145.111083984375	949416.4375	225.	1484.25	47605.	
796.6420288085938	441.8333435058594	972233.3125	254.5454559326172	2018.25	46058.1015625	
797.8599853515625	950.4000244140625	978620.875	316.6666564941406	2059.916748046875	47985.19921875	
799.0780029296875	980.5	958699.125	300.	8178.75	48818.1015625	
800.2960205078125	3058.888916015625	948952.4375	266.6666564941406	1851.416625976563	50103.5	
801.5139770507813	889.3333129882813	968220.	350.0833435058594	1617.666625976563	51109.69921875	
802.7319946289063	920.5	970608.875	591.272705078125	2018.416625976563	51238.	
803.9500122070313	727.6363525390625	995736.875	309.0909118652344	1851.416625976563	44301.5	
805.1680297851563	910.5	990058.6875	266.6666564941406	2051.583251953125	47864.69921875	
806.385986328125	958.8333129882813	1012384.	420.1000061035156	1618.	47794.80078125	
807.60498046875	910.5	977462.6875	200.	5258.66650390625	46248.6015625	
808.822998046875	820.4000244140625	993996.	190.9090881347656	1617.916625976563	49179.	
810.041015625	1034.	976576.	150.	2310.5	47864.3984375	
811.2589721679688	1133.888916015625	991431.5625	291.6666564941406	1701.166625976563	47574.19921875	
812.4769897460938	1222.888916015625	986211.5625	480.2000122070313	1659.583374023438	47783.5	
813.6950073242188	1022.888916015625	992361.75	308.3333435058594	1768.083374023438	48186.80078125	
814.9130249023438	889.3333129882813	971775.125	400.0833435058594	1801.333374023438	45264.8984375	
816.1309814453125	1134.	988226.6875	309.0909118652344	4322.66650390625	47854.69921875	
817.3489990234375	1146.181762695313	980687.125	241.6666717529297	1943.333374023438	47062.1015625	
818.5670166015625	1080.800048828125	957773.75	272.7272644042969	1492.666625976563	54309.19921875	
819.7860107421875	918.5454711914063	954726.6875	158.3333282470703	1976.583374023438	47422.30078125	
821.0040283203125	860.5	963122.25	291.6666564941406	1442.666625976563	76211.3046875	
822.2219848632813	920.4000244140625	974559.125	425.0833435058594	1993.166625976563	47974.6015625	
823.4400024414063	1089.444458007813	967452.4375	183.3333282470703	1576.083374023438	47844.80078125	
824.6580200195313	890.2999877929688	962033.75	227.2727203369141	1901.583374023438	44472.5	
825.8759765625	658.5833129882813	971065.3125	200.	1617.833374023438	46349.80078125	
827.093994140625	1050.699951171875	973996.4375	463.8181762695313	1709.666625976563	28797.666015625	
828.31201171875	800.2222290039063	982439.125	291.75	1901.5	49108.30078125	
829.530029296875	725.3333129882813	969854.6875	236.3636322021484	1659.5	48616.3984375	
830.7490234375	1000.444458007813	960472.875	930.7000122070313	1384.333374023438	46388.8984375	
831.9669799804688	830.4000244140625	954196.	208.3333282470703	1768.	47261.80078125	
833.1849975585938	1140.699951171875	976356.4375	308.3333435058594	1692.916625976563	43548.8984375	
834.4030151367188	1256.22216796875	962142.25	250.	11877.7001953125	47051.1015625	
835.6209716796875	1167.333374023438	950612.875	345.4545593261719	1776.416625976563	47353.	
836.8389892578125	889.3333129882813	970844.875	200.	2085.083251953125	47062.1015625	
838.0570068359375	1289.888916015625	959253.3125	258.3333435058594	1592.75	46570.30078125	
839.2750244140625	773.0908813476563	962327.125	316.75	1567.833374023438	46832.19921875	
840.4929809570313	980.5	954160.4375	363.6363525390625	2268.583251953125	46548.6015625	
841.7109985351563	930.4000244140625	955874.6875	300.0833435058594	3955.333251953125	47492.1015625	
842.9299926757813	1189.555541992188	966004.4375	236.3636322021484	1851.416625976563	47573.3984375	
844.1480102539063	911.5555419921875	935537.75	208.3333282470703	1701.25	45797.69921875	
845.3660278320313	900.5454711914063	964292.	290.9090881347656	1684.5	46479.5	
846.583984375	1060.599975585938	946151.5625	281.8181762695313	1759.833374023438	45938.69921875	
847.802001953125	1291.	962708.4375	266.6666564941406	1651.083374023438	48095.3984375	
849.02001953125	1034.	960188.	258.3333435058594	2101.75	46029.1015625	
850.2379760742188	867.	966552.4375	216.6666717529297	1843.083374023438	45065.5	
851.4559936523438	970.4000244140625	963678.25	283.3333435058594	8355.4169921875	46530.19921875	
852.6740112304688	780.2000122070313	956621.3125	236.4545440673828	1701.25	45767.69921875	
853.8920288085938	927.6363525390625	947530.25	236.3636322021484	1859.666625976563	45606.30078125	
855.1110229492188	940.2999877929688	963436.	200.	1609.5	45695.80078125	
856.3289794921875	1045.	964322.25	433.4166564941406	1500.916625976563	47343.	
857.5469970703125	1040.599975585938	968657.3125	275.	1526.083374023438	44611.8984375	
858.7650146484375	1156.111083984375	971120.875	300.	1743.166625976563	45816.19921875	
859.9829711914063	1040.699951171875	940234.25	380.1000061035156	1559.5	47513.8984375	
861.2009887695313	1040.599975585938	955444.4375	191.6666717529297	1467.666625976563	44772.69921875	
862.4190063476563	791.3636474609375	962480.875	190.9090881347656	2043.25	45767.	
863.6370239257813	1312.	946492.	200.	1743.	47935.19921875	
864.85498046875	1045.	953830.6875	291.75	1726.416625976563	45014.30078125	
866.072998046875	1100.666625976563	954076.875	290.9090881347656	1793.083374023438	45635.3984375	
867.2919921875	845.8181762695313	952798.25	300.	1642.916625976563	44673.19921875	
868.510009765625	945.9091186523438	950492.	290.9090881347656	1934.916625976563	45445.69921875	
869.72802734375	745.8181762695313	909392.4375	266.6666564941406	1793.083374023438	45866.19921875	
870.9459838867188	608.5	942571.5625	316.6666564941406	1651.083374023438	46238.69921875	
872.1640014648438	990.5999755859375	918658.6875	300.	1517.75	45334.8984375	
873.3820190429688	1160.699951171875	962127.5625	241.6666717529297	1609.583374023438	44772.80078125	
874.5999755859375	1080.599975585938	937384.	158.3333282470703	1834.75	44222.3984375	
875.8179931640625	1110.599975585938	951742.6875	236.3636322021484	1734.583374023438	43037.19921875	
877.0360107421875	833.6666870117188	934942.25	291.6666564941406	1784.75	45495.8984375	
878.2550048828125	970.5	926873.75	354.5454406738281	1693.	45064.6015625	
879.4730224609375	1210.800048828125	943970.25	240.	1634.5	45899.	
880.6909790039063	1000.636352539063	949125.3125	345.4545593261719	1767.916625976563	45978.	
881.9089965820313	854.9091186523438	945197.75	309.0909118652344	1643.	43158.5	
883.1270141601563	911.5555419921875	930127.125	391.0909118652344	1476.	46018.30078125	
884.344970703125	950.5999755859375	929063.125	458.4166564941406	1742.833374023438	45314.69921875	
885.56298828125	1089.555541992188	919876.	327.2727355957031	14340.36328125	44732.80078125	
886.781005859375	811.5555419921875	921056.4375	500.1666564941406	2085.166748046875	46128.19921875	
887.9990234375	836.727294921875	942692.	454.5454406738281	7903.75	44974.30078125	
889.2169799804688	940.5	945370.6875	258.3333435058594	2485.75	45615.80078125	
890.4359741210938	950.4000244140625	921197.75	308.3333435058594	1634.666625976563	44572.19921875	
891.6539916992188	970.5	958938.6875	466.8333435058594	1768.166625976563	52023.30078125	
892.8720092773438	1000.666687011719	941796.	325.	1884.833374023438	44372.	
894.0900268554688	1145.111083984375	948405.75	418.1818237304688	1701.333374023438	45967.80078125	
895.3079833984375	990.7000122070313	945281.75	281.8181762695313	1893.083374023438	44421.3984375	
896.5260009765625	1145.22216796875	961197.75	17732.333984375	1634.5	45756.30078125	
897.7440185546875	1018.727294921875	929037.3125	2403.333251953125	7074.5	45847.80078125	
898.9619750976563	950.4000244140625	936123.5625	227.2727203369141	1709.666625976563	46208.8984375	
900.1799926757813	1067.22216796875	1009119.375	290.9090881347656	1834.75	43439.1015625	
901.3980102539063	1080.800048828125	932255.125	272.7272644042969	1359.416625976563	44824.1015625	
902.6170043945313	782.1818237304688	952743.5625	842.4166870117188	1709.583374023438	45154.5	
903.8350219726563	840.4000244140625	936492.4375	266.6666564941406	1934.833374023438	45786.30078125	
905.052978515625	940.5	955596.4375	241.6666717529297	1793.	45033.80078125	
906.27099609375	845.9091186523438	944707.5625	250.	1601.166625976563	45275.80078125	
907.489013671875	1180.800048828125	939812.875	522.4444580078125	1759.666625976563	44181.6015625	
908.7069702148438	5009.45458984375	935340.875	316.6666564941406	1684.5	43789.8984375	
909.9249877929688	956.	923424.875	345.4545593261719	1859.75	44482.5	
911.1430053710938	720.2000122070313	934089.3125	225.	1734.583374023438	44782.5	
912.3610229492188	910.5999755859375	929532.	241.6666717529297	1759.75	45626.1015625	
913.5800170898438	900.3333129882813	943796.	275.	1451.	46136.69921875	
914.7979736328125	844.888916015625	929529.3125	10440.8330078125	2093.416748046875	43257.80078125	
916.0159912109375	980.5999755859375	928942.6875	44676.7734375	1726.25	44592.5	
917.2340087890625	950.4000244140625	912363.5625	859.	5902.16650390625	164869.6875	
918.4520263671875	718.5454711914063	932241.75	992.3333129882813	8404.6669921875	46662.19921875	
919.6699829101563	1060.599975585938	909566.6875	3313.166748046875	2110.	54625.4453125	
920.8880004882813	1140.800048828125	948420.4375	4296.9091796875	4981.	47687.19921875	
922.1060180664063	718.5454711914063	921130.25	9936.75	2552.083251953125	51913.546875	
923.323974609375	1050.599975585938	950319.6875	3228.75	2168.416748046875	45013.69921875	
924.5419921875	2041.800048828125	928484.4375	2472.300048828125	2351.916748046875	45587.1015625	
925.760986328125	950.5833129882813	950114.6875	15792.8330078125	2051.75	47313.19921875	
926.97900390625	973.	936740.	12751.0830078125	1809.583374023438	66843.6640625	
928.197021484375	1040.599975585938	912123.125	1901.54541015625	2168.416748046875	55655.69921875	
929.4149780273438	856.111083984375	939348.875	2229.272705078125	2085.	45755.1015625	
930.6329956054688	827.727294921875	924050.6875	800.4545288085938	2368.75	44895.	
931.8510131835938	700.2999877929688	942219.5625	800.4166870117188	2193.5	45966.3984375	
933.0689697265625	1000.555541992188	922138.6875	8559.75	2961.166748046875	42896.80078125	
934.2869873046875	873.0908813476563	928498.6875	580.2000122070313	1442.666625976563	61221.19921875	
935.5050048828125	956.	921378.6875	17773.083984375	1584.5	44251.5	
936.7230224609375	978.3333129882813	926111.125	350.	1651.083374023438	44923.3984375	
937.9420166015625	800.4545288085938	938313.3125	433.4166564941406	1667.833374023438	42937.30078125	
939.1599731445313	945.	945441.75	450.	1601.166625976563	43497.69921875	
940.3779907226563	1100.699951171875	927234.6875	445.5454406738281	1526.	44051.30078125	
941.5960083007813	922.6666870117188	934384.	241.6666717529297	1818.25	44432.5	
942.8140258789063	883.75	945348.875	1209.333374023438	2452.333251953125	43137.6015625	
944.031982421875	950.4000244140625	960213.3125	508.5	2744.5	45957.3984375	
945.25	882.272705078125	947213.75	300.0833435058594	2619.083251953125	43438.1015625	
946.468017578125	810.4000244140625	953935.5625	620.2999877929688	1684.5	44010.3984375	
947.6859741210938	1040.699951171875	946534.6875	742.0833129882813	3412.25	44673.19921875	
948.905029296875	790.2000122070313	923287.5625	683.75	1993.166625976563	43257.	
950.1229858398438	809.4545288085938	941318.75	4576.58349609375	2811.	44763.30078125	
951.3410034179688	1130.599975585938	961009.75	608.6666870117188	3820.833251953125	44843.1015625	
952.5590209960938	1431.	930048.875	1034.	8706.5830078125	48074.6015625	
953.7769775390625	817.	938972.	416.75	2193.416748046875	51166.3984375	
954.9949951171875	1320.900024414063	1010317.625	2762.	4079.25	46568.30078125	
956.2130126953125	1401.099975585938	969311.125	1501.272705078125	6872.25	45307.1015625	
957.4310302734375	2211.800048828125	980952.	1117.416625976563	3611.75	46270.30078125	
958.6489868164063	934.	977774.25	2845.083251953125	5889.91650390625	50851.8984375	
959.8670043945313	3549.181884765625	983648.4375	2343.666748046875	4813.58349609375	44772.69921875	
961.0859985351563	1534.5	983356.4375	2120.0908203125	8486.4169921875	47149.80078125	
962.3040161132813	2646.888916015625	958761.75	1409.333374023438	4521.41650390625	46984.3984375	
963.52197265625	4642.625	978424.375	1455.54541015625	4821.91650390625	45767.19921875	
964.739990234375	2356.818115234375	970360.875	1901.818237304688	6425.91650390625	43578.8984375	
965.9580078125	2256.45458984375	945506.6875	2939.363525390625	8030.7001953125	46662.	
967.176025390625	4728.77783203125	951140.4375	1617.916625976563	6182.16650390625	44632.5	
968.3939819335938	1200.900024414063	941592.	616.9166870117188	4721.83349609375	45173.6015625	
969.6119995117188	600.25	971086.6875	608.6666870117188	4405.08349609375	43779.19921875	
970.8300170898438	1679.111083984375	967880.875	1793.166625976563	2543.833251953125	43971.30078125	
972.0479736328125	3003.25	960718.25	750.2999877929688	2568.833251953125	42445.80078125	
973.2670288085938	1240.800048828125	902614.6875	754.9091186523438	2977.75	42154.30078125	
974.4849853515625	1761.5	947740.4375	1060.800048828125	2201.916748046875	45885.69921875	
