Trace for Mass:	Na23(LR)	Mg25(LR)	Cu63(LR)	Pb208(LR)	Sn118(LR)
Resolution:	Low	Low	Low	Low	Low
					
Time	Intensity	Intensity	Intensity	Intensity	Intensity
[sec]	[cps]	[cps]	[cps]	[cps]	[cps]

1.25	1062236.	5030.5	16431.333984375	1442.666625976563	867.0833129882813	
2.497999906539917	1056028.	3328.25	16990.5	1759.666625976563	1017.333312988281	
3.746000051498413	1032724.	2402.25	16665.083984375	1492.583374023438	800.3333129882813	
4.99399995803833	1032908.	2777.5	16481.5	1517.833374023438	925.25	
6.242000102996826	1015340.	2927.5	17073.916015625	1759.583374023438	917.0833129882813	
7.489999771118164	1089864.	3203.	17525.25	1984.916625976563	908.8333129882813	
8.73799991607666	1092468.	4054.	19170.166015625	2143.416748046875	1067.416625976563	
9.986000061035156	1124088.	22412.25	18977.916015625	1893.166625976563	983.75	
11.23499965667725	1161880.	3578.5	42800.16796875	9646.1669921875	1009.083312988281	
12.48299980163574	1114701.375	9237.75	20164.25	2435.583251953125	850.3333129882813	
13.73099994659424	1106488.	2977.75	18835.833984375	2009.833374023438	1000.416687011719	
14.97900009155273	1142356.	3403.	20623.75	3261.833251953125	1334.333374023438	
16.22699928283691	1101540.	3002.5	21325.666015625	1743.	1050.333374023438	
17.47500038146973	1148856.	3903.75	19462.416015625	2794.333251953125	950.5	
18.72299957275391	1240756.5	2652.25	17967.416015625	1684.583374023438	1150.666625976563	
19.97100067138672	7119962.	37127.75	18711.166015625	2151.833251953125	800.4166870117188	
21.2189998626709	2286485.	4329.25	20933.5	5058.41650390625	1267.5	
22.46699905395508	1120408.	4730.	21235.333984375	9543.0830078125	733.5833129882813	
23.71500015258789	1184554.75	3252.75	17249.666015625	2861.083251953125	1234.083374023438	
24.9640007019043	1242634.	3303.	27626.583984375	1851.583374023438	967.25	
26.21199989318848	1205450.125	2952.75	22791.	2068.5	1058.916625976563	
27.45999908447266	1081136.	2477.	16990.666015625	1968.25	958.9166870117188	
28.70800018310547	1111764.	4680.	51819.7421875	2043.25	975.6666870117188	
29.95599937438965	1187368.	3478.25	23811.166015625	2343.583251953125	1459.416625976563	
31.20400047302246	1216072.	3653.5	29207.666015625	2994.5	850.3333129882813	
32.45199966430664	1162619.875	4880.25	20616.5	2735.833251953125	1267.416625976563	
33.70000076293945	4023221.75	4354.5	19830.333984375	2101.666748046875	958.75	
34.94800186157227	1189220.	5105.5	18577.	2252.083251953125	792.	
36.19599914550781	1908875.625	6632.5	21067.083984375	1985.083374023438	750.3333129882813	
37.44400024414063	1677401.25	4604.5	17992.916015625	2268.666748046875	892.0833129882813	
38.69300079345703	1236210.125	3878.75	26988.166015625	2493.916748046875	850.3333129882813	
39.94100189208984	1252484.875	3828.75	19153.083984375	2477.25	792.	
41.18899917602539	1396605.375	3753.5	44038.33203125	3002.833251953125	2912.25	
42.4370002746582	1479550.625	54908.2265625	23326.166015625	3478.416748046875	767.0833129882813	
43.68500137329102	1374199.75	183453.359375	20063.333984375	3002.583251953125	1083.916625976563	
44.93299865722656	1129847.	6682.5	28741.583984375	2719.	908.75	
46.18099975585938	1123812.	6807.5	20856.833984375	9681.5830078125	1434.333374023438	
47.42900085449219	1178989.25	4680.	56527.95703125	2443.833251953125	2010.5	
48.67699813842773	1125043.25	4079.	20948.833984375	3853.916748046875	2285.75	
49.92499923706055	1166940.	4254.	25311.75	2377.	858.75	
51.17300033569336	1350882.75	6031.75	20898.75	3086.416748046875	883.8333129882813	
52.42200088500977	1144072.	7558.75	104400.140625	2035.	1042.166625976563	
53.66999816894531	1228957.	4655.	33731.5	2527.25	1517.833374023438	
54.91799926757813	1157144.	4404.75	18451.833984375	2093.25	833.5833129882813	
56.16600036621094	1180319.375	108184.1796875	20422.583984375	1742.916625976563	858.75	
57.41400146484375	1218184.	4154.25	19520.75	1926.583374023438	1376.	
58.6619987487793	1227896.	3803.75	18510.083984375	2327.25	817.0833129882813	
59.90999984741211	1179252.25	3177.75	18134.666015625	1793.	808.75	
61.15800094604492	1129616.	7535.5	19738.333984375	1926.5	983.9166870117188	
62.40599822998047	1096096.	3027.75	18009.166015625	1809.833374023438	983.75	
63.65399932861328	1106536.	3428.25	18944.916015625	1943.166625976563	850.3333129882813	
64.90200042724609	1169516.	3828.75	19136.583984375	1834.75	892.	
66.1510009765625	1141356.	3678.25	18443.583984375	1751.416625976563	850.4166870117188	
67.39900207519531	1120180.5	5356.5	28754.75	2068.333251953125	833.75	
68.64700317382813	1122272.	4129.	17892.416015625	1801.333374023438	1042.333374023438	
69.89499664306641	1112576.	4454.75	17884.	1693.	1083.916625976563	
71.14299774169922	1086332.	2602.25	19386.916015625	1492.583374023438	825.5	
72.39099884033203	1104064.	3703.5	21845.833984375	2669.083251953125	858.6666870117188	
73.63899993896484	1101266.125	4154.	20673.75	1517.833374023438	825.4166870117188	
74.88700103759766	1357441.75	3178.	20966.5	1709.583374023438	1025.5	
76.13500213623047	1134748.	3803.75	18827.583984375	1659.583374023438	892.25	
77.38300323486328	1149824.	4855.25	24417.	1934.833374023438	917.0833129882813	
78.63099670410156	1141520.	3703.75	19437.083984375	1768.	800.4166870117188	
79.87999725341797	1124854.5	6432.25	19671.083984375	1776.416625976563	967.1666870117188	
81.12799835205078	1415181.75	3152.75	25780.166015625	1692.916625976563	1117.5	
82.37599945068359	1125014.875	3102.75	20180.833984375	1709.75	750.25	
83.62400054931641	1096492.	2852.5	19428.916015625	2009.916625976563	916.9166870117188	
84.87200164794922	1135159.25	4705.	33989.83203125	1567.75	983.8333129882813	
86.12000274658203	1389245.375	3027.5	23468.083984375	1509.416625976563	875.4166870117188	
87.36799621582031	1235211.875	2802.5	20364.916015625	1601.25	808.6666870117188	
88.61599731445313	1469008.75	3103.	21383.583984375	5417.41650390625	741.8333129882813	
89.86399841308594	1227238.75	3603.5	17708.666015625	1576.	992.1666870117188	
91.11199951171875	1292855.875	4254.25	17257.916015625	1851.25	883.5833129882813	
92.36000061035156	1147176.	2627.	21526.666015625	1592.833374023438	975.5	
93.60900115966797	1095333.	10492.25	17784.	1634.416625976563	925.4166870117188	
94.85700225830078	1273375.	3954.	18869.833984375	1959.833374023438	900.5	
96.10500335693359	1158016.	4279.25	17692.	1801.416625976563	1317.5	
97.35299682617188	1124716.	3378.25	17032.666015625	1793.	2895.25	
98.60099792480469	1215896.	3553.5	19680.5	1851.416625976563	1033.833374023438	
99.8489990234375	1140640.	6507.25	18243.666015625	1742.916625976563	867.0833129882813	
101.0970001220703	1768149.875	97517.09375	17708.583984375	2001.666625976563	850.3333129882813	
102.3450012207031	1193433.375	8060.75	18393.166015625	2051.75	1050.666625976563	
103.5930023193359	1343895.25	6056.5	18009.25	1517.833374023438	1225.75	
104.8410034179688	1238852.25	6006.25	18602.25	1684.5	733.5833129882813	
106.088996887207	1256896.	3103.	19972.	2001.583374023438	867.	
107.3379974365234	1574506.625	4053.75	22144.083984375	1542.666625976563	867.0833129882813	
108.5859985351563	1178600.	6332.5	20357.166015625	1701.333374023438	1159.	
109.8339996337891	1226320.	4454.75	18101.166015625	3061.5	1100.75	
111.0820007324219	1234888.	4129.	21568.25	2118.416748046875	892.0833129882813	
112.3300018310547	1354120.	2852.75	18510.333984375	2085.	733.6666870117188	
113.5780029296875	1262745.25	7058.25	18385.166015625	1684.583374023438	1008.916687011719	
114.8259963989258	1549758.75	78980.75	19445.583984375	1634.333374023438	858.75	
116.0739974975586	1352679.375	47153.	28146.083984375	5582.91650390625	1075.583374023438	
117.3219985961914	1514813.625	49555.	28052.5	3053.333251953125	2368.916748046875	
118.5699996948242	2153383.75	18556.	22894.833984375	2936.333251953125	908.8333129882813	
119.818000793457	1386255.25	22714.25	27777.	3462.416748046875	875.5	
121.0670013427734	1427918.375	13568.25	29981.416015625	2493.916748046875	967.1666870117188	
122.3150024414063	1764675.	14770.	30414.083984375	2009.916625976563	875.25	
123.5630035400391	6007039.5	9536.5	81882.5546875	2068.333251953125	958.75	
124.8109970092773	1700294.5	51308.25	22878.25	2093.25	808.75	
126.0589981079102	1407200.	9011.	26597.916015625	2819.416748046875	1618.	
127.306999206543	1533686.25	49984.25	66875.6875	4580.75	975.6666870117188	
128.5549926757813	1362342.5	8910.5	31115.833984375	2377.083251953125	1058.916625976563	
129.8029937744141	2155427.25	16777.25	28692.416015625	2627.333251953125	875.4166870117188	
131.0509948730469	1471366.25	12316.25	25880.583984375	2435.333251953125	800.4166870117188	
132.2989959716797	1486975.5	24218.5	23261.916015625	2902.75	1175.75	
133.5469970703125	1545930.5	14369.25	49112.66796875	4305.66650390625	1718.083374023438	
134.7960052490234	1291708.75	21638.	60961.421875	2560.583251953125	1142.416625976563	
136.0440063476563	1606375.25	602459.875	31533.666015625	5247.75	1209.	
137.2920074462891	14357048.	96926.75	24556.666015625	7747.41650390625	1292.333374023438	
138.5399932861328	1769203.5	146416.890625	130603.3984375	2652.416748046875	1142.416625976563	
139.7879943847656	2073325.	179730.40625	34353.41796875	2352.	900.25	
141.0359954833984	2272777.25	61048.75	24523.916015625	2952.833251953125	2427.5	
142.2839965820313	6871190.	43245.5	26690.5	2485.583251953125	1509.416625976563	
143.5319976806641	1773631.125	959561.5	34236.25	1893.083374023438	1501.083374023438	
144.7799987792969	3099838.	231087.	32605.083984375	3445.166748046875	1417.583374023438	
146.0279998779297	2179539.75	67815.	46783.83203125	3854.166748046875	1217.416625976563	
147.2760009765625	1593981.125	1633572.25	50463.91796875	3328.25	1726.25	
148.5249938964844	3371406.75	120296.5	68986.203125	2911.083251953125	1442.666625976563	
149.7729949951172	2736489.25	99650.5	80873.5390625	5490.16650390625	1242.583374023438	
151.02099609375	2242177.	136896.125	43489.83203125	4087.583251953125	1634.583374023438	
152.2689971923828	2729325.75	76453.	43544.66796875	4246.16650390625	1092.25	
153.5169982910156	1865963.25	72757.5	28986.416015625	5172.66650390625	917.	
154.7649993896484	1813962.75	57468.75	25795.083984375	4271.08349609375	1150.583374023438	
156.0130004882813	1817616.5	83806.75	23378.916015625	3361.5	792.0833129882813	
157.2610015869141	1551779.25	38632.	32748.5	2635.666748046875	1108.916625976563	
158.5090026855469	5933067.	22386.	20547.75	3078.	1150.75	
159.7570037841797	1370811.5	32867.25	31987.916015625	3386.75	1885.	
161.0050048828125	1289079.25	86676.265625	20071.416015625	2009.916625976563	1192.5	
162.2539978027344	1254920.	12415.75	25942.083984375	2168.583251953125	983.8333129882813	
163.5019989013672	1969937.25	22587.75	25270.833984375	2886.166748046875	883.6666870117188	
164.75	3666120.75	57723.	18727.583984375	2101.583251953125	925.6666870117188	
165.9980010986328	2759350.	10938.75	46681.61328125	5006.	1075.75	
167.2460021972656	1230512.	68021.	29002.583984375	2377.083251953125	1317.5	
168.4940032958984	1275228.25	84907.	24657.75	4914.25	875.25	
169.7420043945313	1228816.	13993.75	40204.171875	2218.5	892.	
170.9900054931641	1222723.375	13768.5	55654.23046875	7146.5	892.0833129882813	
172.2380065917969	1180353.25	23371.5	28431.666015625	2343.583251953125	1258.916625976563	
173.4859924316406	1499939.375	27471.	20874.5	2477.166748046875	1125.666625976563	
174.7339935302734	1351817.625	27808.75	21804.666015625	2360.333251953125	1776.583374023438	
175.9830017089844	5162153.	167241.671875	25126.083984375	2377.	1192.416625976563	
177.2310028076172	1249392.	39490.	23449.75	2210.166748046875	1250.833374023438	
178.47900390625	1280254.125	28045.75	29006.666015625	1784.666625976563	867.0833129882813	
179.7270050048828	1612048.	20310.75	19144.666015625	2736.	2235.583251953125	
180.9750061035156	1176664.	6306.75	19003.083984375	1943.25	1000.5	
182.2230072021484	2737873.5	14521.5	19154.083984375	1918.25	1092.333374023438	
183.4709930419922	1232656.	72340.75	19830.416015625	1584.583374023438	875.4166870117188	
184.718994140625	1122876.	62852.44921875	36076.83203125	2160.	950.4166870117188	
185.9669952392578	1149864.	8084.5	63806.46875	1692.75	716.9166870117188	
187.2149963378906	1360326.	11917.5	20298.083984375	2110.	1342.583374023438	
188.4629974365234	1158639.25	13218.	37028.58203125	7350.25	1059.083374023438	
189.7120056152344	1375980.25	14220.	22161.583984375	1768.083374023438	1050.5	
190.9600067138672	1372079.625	17902.75	40339.25	2226.75	1401.083374023438	
192.2079925537109	1473578.875	91266.25	49030.41796875	1943.166625976563	950.5	
193.4559936523438	1883409.5	2576140.75	54259.8125	4088.25	1167.333374023438	
194.7039947509766	1858901.125	29404.5	21675.25	2134.916748046875	5486.	
195.9519958496094	1734871.625	796702.875	60169.	2577.25	2043.333374023438	
197.1999969482422	1301535.	455062.4375	21993.	1993.25	1351.083374023438	
198.447998046875	1497046.75	19929.5	52546.08203125	2835.916748046875	1058.916625976563	
199.6959991455078	1443899.75	307968.59375	23930.083984375	3111.333251953125	1109.	
200.9440002441406	1359311.5	18702.5	24899.916015625	2585.583251953125	1642.916625976563	
202.1920013427734	1565093.25	17575.25	30172.166015625	8370.8330078125	1125.666625976563	
203.4409942626953	1644838.125	32332.	36512.60546875	2368.666748046875	892.	
204.6889953613281	1371489.875	169269.859375	93126.546875	1909.75	1025.583374023438	
205.9369964599609	1777588.25	49875.5	49777.36328125	2518.833251953125	1058.916625976563	
207.1849975585938	3689155.	18929.	26282.333984375	2043.25	1100.75	
208.4329986572266	1753423.875	115904.921875	26986.25	2894.583251953125	1350.916625976563	
209.6809997558594	7506361.	17453.25	30046.75	2652.25	1067.25	
210.9290008544922	1359120.	24070.	24517.166015625	2877.666748046875	733.5833129882813	
212.177001953125	1426132.5	12867.75	21391.833984375	2836.083251953125	1284.166625976563	
213.4250030517578	1826714.625	74481.2734375	22880.5	2710.666748046875	1200.666625976563	
214.6730041503906	1438074.5	34137.5	28497.666015625	2468.75	1000.333312988281	
215.9210052490234	1212725.	12992.5	28946.916015625	3111.25	1084.	
217.1699981689453	2393424.75	59869.25	44777.91796875	6366.41650390625	1417.666625976563	
218.4179992675781	2886619.25	188042.5	26754.083984375	6759.58349609375	1642.75	
219.6660003662109	5718667.5	472661.75	57230.66796875	7278.16650390625	1901.5	
220.9140014648438	2313135.	273523.5	54588.58203125	4846.75	2035.	
222.1620025634766	7517980.5	970007.1875	67523.6640625	5806.66650390625	2285.333251953125	
223.4100036621094	7485581.5	553275.375	63771.25	5898.16650390625	1985.083374023438	
224.6580047607422	16934444.	986153.4375	84904.	6382.91650390625	1651.166625976563	
225.906005859375	4474462.5	389245.28125	62858.91796875	4287.83349609375	2193.583251953125	
227.1540069580078	9016219.	340302.6875	74304.4140625	4846.91650390625	1359.25	
228.4019927978516	4595525.	534936.875	67778.0859375	5808.66650390625	1467.666625976563	
229.6499938964844	2006960.75	911260.125	49025.08203125	5272.33349609375	1517.666625976563	
230.8990020751953	3405401.75	106826.25	28300.916015625	3178.083251953125	1709.75	
232.1470031738281	3145779.25	158727.	31382.333984375	3636.75	1918.25	
233.3950042724609	2691519.	498460.1875	48090.41796875	3261.333251953125	1692.916625976563	
234.6430053710938	1695174.75	161761.5	55595.60546875	4421.16650390625	1225.75	
235.8910064697266	1598048.75	196806.	78623.8046875	5900.08349609375	2577.25	
237.1390075683594	4657362.	77173.75	196669.421875	13534.5830078125	4623.41650390625	
238.3869934082031	1686704.25	137105.75	103415.625	11564.5830078125	2185.25	
239.6349945068359	2573661.	342841.40625	112279.5859375	5472.75	2543.916748046875	
240.8829956054688	1955549.5	615256.875	216379.671875	11674.9169921875	8139.5	
242.1309967041016	3721039.	1476719.625	225926.171875	15934.9169921875	4488.08349609375	
243.3789978027344	4122722.5	1508030.625	220771.421875	16001.3330078125	3027.833251953125	
244.6280059814453	7015852.	862843.	169361.5625	11498.3330078125	2627.333251953125	
245.8760070800781	3594253.	2141657.5	646008.4375	13427.5830078125	5848.08349609375	
247.1239929199219	5212000.	839030.	384845.	18731.166015625	4504.83349609375	
248.3719940185547	2790046.5	1034869.125	323103.46875	44298.14453125	2735.833251953125	
249.6199951171875	7899461.5	749636.25	223709.65625	31372.916015625	5114.08349609375	
250.8679962158203	12884243.	849724.875	187945.953125	39631.421875	4029.083251953125	
252.1159973144531	3271593.75	658509.25	259258.3125	29376.	3829.083251953125	
253.3639984130859	8882219.	1063930.	323387.96875	15360.75	2443.75	
254.6119995117188	7513534.	729329.4375	239653.15625	16404.	4096.08349609375	
255.8600006103516	9471895.	884259.125	168540.796875	14256.1669921875	3061.333251953125	
257.1080017089844	7059767.	175234.875	202993.328125	12728.	2151.916748046875	
258.3569946289063	2525607.	363191.25	160441.65625	8437.25	4738.91650390625	
259.6050109863281	2198344.5	299720.375	56382.83203125	4137.66650390625	1158.916625976563	
260.8529968261719	1504825.875	306249.5625	73875.25	6791.33349609375	1651.333374023438	
262.1010131835938	1955712.5	64504.	116350.2109375	3178.	1417.666625976563	
263.3489990234375	1334131.125	131648.15625	87080.3359375	4880.75	1484.5	
264.5969848632813	2091665.25	36021.25	27689.583984375	7177.41650390625	6638.25	
265.8450012207031	1422025.25	288603.25	96626.84375	9811.4169921875	5350.16650390625	
267.0929870605469	2552284.	1341923.125	73094.4140625	6625.	2685.916748046875	
268.3410034179688	7708026.	1195616.25	154080.8125	9103.1669921875	5114.58349609375	
269.5889892578125	6597754.5	1207956.25	328293.8125	24488.75	5431.5	
270.8370056152344	10594864.	1031088.	147867.515625	28579.833984375	7033.83349609375	
272.0859985351563	6742430.5	835358.125	458532.21875	27783.75	4913.75	
273.3340148925781	22196154.	4116946.75	188127.671875	22003.416015625	9992.	
274.5820007324219	5059733.5	1146434.25	302180.78125	14746.75	3211.666748046875	
275.8299865722656	10216515.	1311181.75	257632.03125	15606.25	3945.75	
277.0780029296875	15223457.	219982.375	123251.59375	9804.5	2051.75	
278.3259887695313	3765392.75	696183.625	160717.625	11299.9169921875	2627.5	
279.5740051269531	6246964.	1369538.125	146043.40625	11524.4169921875	2752.583251953125	
280.8219909667969	2106752.	685669.8125	250645.015625	15964.5830078125	1392.666625976563	
282.0700073242188	15520466.	320821.125	120730.09375	9064.1669921875	3428.25	
283.3179931640625	1586812.5	469490.125	60339.66796875	8152.83349609375	2335.5	
284.5660095214844	2359709.	302416.625	68721.4140625	10678.	5298.25	
285.8150024414063	6752506.	394005.4375	49976.5	5205.58349609375	1584.5	
287.06298828125	1044582.125	140623.75	67040.0234375	5472.83349609375	1609.416625976563	
288.3110046386719	1617626.25	104502.5	36573.25	32197.65625	2018.333374023438	
289.5589904785156	1819757.75	63287.921875	64172.16015625	3570.166748046875	1793.166625976563	
290.8070068359375	4872362.	96108.	1452025.	14250.0830078125	1459.25	
292.0549926757813	1458984.25	534382.375	101128.5859375	29421.583984375	2335.333251953125	
293.3030090332031	5657302.5	1191412.75	202035.21875	30674.416015625	4554.91650390625	
294.5509948730469	7866637.	2579242.5	338818.09375	42178.33203125	4888.66650390625	
295.7990112304688	19696244.	3851110.	601901.	74545.9140625	8393.5830078125	
297.0469970703125	25097292.	5847851.	758320.25	114056.09375	9789.75	
298.2950134277344	17891120.	4063686.25	842073.625	106842.6640625	7667.33349609375	
299.5440063476563	25165700.	5013003.5	534073.1875	70063.	7149.83349609375	
300.7919921875	24099152.	4756423.	636086.875	79317.8359375	7433.83349609375	
302.0400085449219	15972569.	5894124.	505508.3125	45811.75	5389.08349609375	
303.2879943847656	10266026.	3515113.75	487038.0625	76579.5859375	5155.41650390625	
304.5360107421875	14726909.	2293500.25	266924.	55777.75	4079.083251953125	
305.7839965820313	6932919.5	2442891.75	362669.5625	48824.44140625	3353.25	
307.0320129394531	5848413.5	2114265.	276838.96875	26237.833984375	3370.	
308.2799987792969	6124118.	1010226.125	211884.3125	19075.666015625	2543.833251953125	
309.5280151367188	4823138.	856976.3125	180189.515625	22403.666015625	2151.666748046875	
310.7760009765625	2974638.25	982158.75	186535.	29889.416015625	1801.5	
312.0239868164063	3343936.	1461092.	200089.46875	11994.	2385.333251953125	
313.2730102539063	2525436.	394212.1875	80651.265625	7276.33349609375	2026.75	
314.52099609375	3912033.25	153004.734375	166177.890625	27115.833984375	1817.916625976563	
315.7690124511719	1431465.75	116524.	69485.0859375	12580.6669921875	2168.666748046875	
317.0169982910156	2306283.	46905.25	108325.5859375	12062.0830078125	1300.833374023438	
318.2650146484375	1774160.25	910488.125	121166.8515625	5706.66650390625	2143.666748046875	
319.5130004882813	5280915.5	380533.625	35401.33203125	19188.083984375	1376.083374023438	
320.760986328125	3438008.5	181958.5625	106159.5390625	6859.41650390625	1617.916625976563	
322.0090026855469	3728457.	128581.75	76226.0078125	4071.25	2819.75	
323.2569885253906	3376928.5	296453.125	37881.25	3945.75	1050.583374023438	
324.5050048828125	3689405.5	89876.	64978.68359375	4154.33349609375	1050.583374023438	
325.7529907226563	7591479.	54320.25	37269.08203125	14283.3330078125	1901.583374023438	
327.0020141601563	1411207.625	32212.	176576.921875	14714.5	1108.916625976563	
328.25	1524979.375	106085.0625	97159.1875	12726.25	1117.166625976563	
329.4979858398438	1668326.625	42814.75	29289.833984375	6353.41650390625	1117.333374023438	
330.7460021972656	4598579.	23039.75	53735.51953125	9725.9169921875	1150.666625976563	
331.9939880371094	1627706.25	18980.	31240.916015625	4338.	2995.75	
333.2420043945313	1261350.	30244.75	34552.58203125	3120.083251953125	1084.083374023438	
334.489990234375	3943759.75	48138.	40342.41796875	3863.333251953125	1676.25	
335.7380065917969	9759644.	29139.	32350.833984375	9225.4169921875	1109.	
336.9859924316406	4026625.	3903681.	71383.0859375	4646.66650390625	1559.333374023438	
338.2340087890625	1836977.	304036.5625	78611.	5038.66650390625	1868.25	
339.4819946289063	6665758.5	263370.5	52148.33203125	6565.91650390625	2610.666748046875	
340.7309875488281	1691275.5	925232.875	64354.41796875	8043.75	2268.583251953125	
341.97900390625	1796856.	315277.3125	234078.75	7366.91650390625	2068.333251953125	
343.2269897460938	3287935.5	242529.953125	84504.515625	4796.58349609375	1943.166625976563	
344.4750061035156	1589688.75	174723.	72687.3984375	5756.33349609375	2018.333374023438	
345.7229919433594	1430187.25	368290.9375	50418.16796875	5256.66650390625	2594.083251953125	
346.9710083007813	1514129.75	279589.15625	62762.75	6866.5	1267.5	
348.218994140625	1482571.5	68101.25	58519.16796875	7386.16650390625	1000.583312988281	
349.4670104980469	10134120.	121455.75	38701.66796875	2877.583251953125	1309.333374023438	
350.7149963378906	1293547.75	43441.	29253.583984375	2468.916748046875	1726.5	
351.9630126953125	1411743.75	289236.6875	45645.9296875	2201.833251953125	2135.333251953125	
353.2109985351563	1725647.5	126110.46875	22979.25	2260.25	1342.583374023438	
354.4599914550781	4369142.5	27792.75	26179.25	3495.25	1092.25	
355.7080078125	1108531.125	49309.5	35393.75	1826.333374023438	1050.666625976563	
356.9559936523438	1085880.25	46634.75	23348.166015625	2452.083251953125	1117.416625976563	
358.2040100097656	1800169.375	12842.75	20481.416015625	2635.916748046875	1084.	
359.4519958496094	1078498.625	25700.25	28956.25	2293.583251953125	1000.5	
360.7000122070313	1198420.5	18659.25	30145.333984375	1784.666625976563	1693.25	
361.947998046875	1118660.	9562.5	29715.333984375	2193.583251953125	1342.666625976563	
363.1960144042969	1688702.75	7909.25	19637.75	2068.416748046875	967.25	
364.4440002441406	1075041.	31201.25	20013.5	1726.333374023438	1159.	
365.6919860839844	1102944.	462522.25	27541.25	7392.5	967.25	
366.9400024414063	1061828.	23046.	34144.33203125	1768.083374023438	1008.916687011719	
368.1889953613281	1069540.	6206.75	20114.083984375	1751.25	3271.25	
369.43701171875	1044140.	12292.25	18068.083984375	1692.75	1183.916625976563	
370.6849975585938	1077712.	8377.46875	20106.083984375	1767.916625976563	1234.083374023438	
371.9330139160156	1092560.	7233.25	19312.416015625	1467.666625976563	867.	
373.1809997558594	1206603.625	82480.0546875	30092.583984375	2051.666748046875	7545.16650390625	
374.4289855957031	1205694.5	13668.25	21659.083984375	2168.5	1217.416625976563	
375.677001953125	1232407.	27497.75	21608.333984375	2902.75	950.5833129882813	
376.9249877929688	1255089.75	53092.5	23555.916015625	2627.416748046875	1192.333374023438	
378.1730041503906	1639912.	58170.5	26955.916015625	2427.25	1000.5	
379.4209899902344	1341070.875	121668.5703125	34204.58203125	2101.75	817.1666870117188	
380.6690063476563	1168400.	84245.	28817.333984375	2535.583251953125	1108.916625976563	
381.9179992675781	1395838.5	23412.75	59191.53515625	2402.083251953125	967.1666870117188	
383.1659851074219	1257313.75	19205.	21266.25	1818.083374023438	808.5833129882813	
384.4140014648438	1087736.25	34323.5	178482.625	2118.333251953125	1067.25	
385.6619873046875	1245176.	50774.25	21988.	1609.5	892.1666870117188	
386.9100036621094	1177711.25	17376.5	27590.75	2585.75	808.5833129882813	
388.1579895019531	1190406.125	25545.75	20297.75	1467.666625976563	808.5833129882813	
389.406005859375	1163472.	20134.25	18393.333984375	2118.416748046875	1134.	
390.6539916992188	1231114.25	16298.	19019.916015625	1884.833374023438	1618.166625976563	
391.9020080566406	1074276.	9789.	17024.083984375	1626.166625976563	1050.666625976563	
393.1499938964844	1042463.625	14671.75	21894.75	1893.166625976563	808.6666870117188	
394.3980102539063	1103992.	6883.25	18920.166015625	1726.25	833.8333129882813	
395.6470031738281	1095727.	4104.	22201.416015625	1492.583374023438	1042.333374023438	
396.8949890136719	1062809.75	5981.5	20497.916015625	1451.166625976563	950.5	
398.1430053710938	1054932.	8662.25	19940.666015625	1684.583374023438	725.1666870117188	
399.3909912109375	1041648.	18716.75	36735.30078125	18265.115234375	767.0833129882813	
400.6390075683594	1761186.625	8735.75	17717.583984375	1893.166625976563	892.	
401.8869934082031	1118800.	6031.75	19504.5	1984.833374023438	833.5	
403.135009765625	1102252.	11494.25	33834.83203125	1717.833374023438	1050.666625976563	
404.3829956054688	1066212.	5280.5	17391.5	1676.25	750.3333129882813	
405.6310119628906	1172648.	17955.5	31402.166015625	1951.666625976563	725.25	
406.8789978027344	1651173.25	50901.5	32198.4375	1551.	842.1666870117188	
408.1270141601563	4021795.5	28406.	19921.666015625	2418.833251953125	1059.	
409.3760070800781	1178648.	32838.75	19470.583984375	6829.58349609375	1509.5	
410.6239929199219	1217742.625	6482.	22069.75	1893.166625976563	892.	
411.8720092773438	1174528.	7734.5	17675.75	4689.75	1417.666625976563	
413.1199951171875	1931902.375	24955.5	18635.833984375	1676.25	842.	
414.3680114746094	1174272.	5831.5	17382.916015625	1617.833374023438	942.25	
415.6159973144531	1157656.	273478.	16765.166015625	1809.666625976563	992.25	
416.864013671875	1172756.25	14654.75	24954.583984375	1884.583374023438	925.4166870117188	
418.1119995117188	1608701.125	7433.5	18819.5	1976.583374023438	717.	
419.3599853515625	1202107.25	46336.25	19179.083984375	2126.75	833.6666870117188	
420.6080017089844	1170208.5	52186.25	18159.5	2452.25	1142.333374023438	
421.8559875488281	1287138.125	15923.5	24519.	4706.25	1334.333374023438	
423.1050109863281	1148668.	26658.5	27855.583984375	1876.583374023438	1851.333374023438	
424.3529968261719	13941663.	17275.	31662.833984375	1751.333374023438	842.1666870117188	
425.6010131835938	1129256.	28235.25	19688.166015625	1893.25	825.4166870117188	
426.8489990234375	1147652.	40355.	18527.	2401.916748046875	892.0833129882813	
428.0969848632813	1107760.	54319.	17825.75	2577.333251953125	1509.5	
429.3450012207031	1115716.	7660.	17400.166015625	2218.5	1084.	
430.5929870605469	3187840.25	14171.5	18686.083984375	2636.	1083.833374023438	
431.8410034179688	1147035.875	8360.	18778.75	1751.25	1651.416625976563	
433.0889892578125	1123866.25	217007.859375	17959.416015625	1617.833374023438	942.0833129882813	
434.3370056152344	1124704.	4129.	16414.833984375	2352.	858.75	
435.5849914550781	1133819.625	5881.75	16706.833984375	1742.916625976563	900.5	
436.8340148925781	1126656.	8035.25	17332.916015625	1943.25	725.3333129882813	
438.0820007324219	1114392.	3203.	18887.166015625	1442.583374023438	1100.666625976563	
439.3299865722656	1056604.	3178.	16781.916015625	1634.5	850.4166870117188	
440.5780029296875	1070941.25	2351.75	17541.833984375	1701.25	850.25	
441.8259887695313	1080441.625	8036.25	17800.833984375	1542.75	925.4166870117188	
443.0740051269531	1094788.	6332.5	17007.666015625	1859.666625976563	1017.25	
444.3219909667969	1109501.	49574.	16790.25	1601.166625976563	900.25	
445.5700073242188	1081500.	2301.75	16389.666015625	1551.166625976563	983.9166870117188	
446.8179931640625	1087452.	4554.75	16255.9169921875	1459.333374023438	842.0833129882813	
448.0660095214844	1140270.25	2452.	17342.083984375	1351.083374023438	850.25	
449.3139953613281	1083736.	3278.	25291.75	2702.916748046875	842.	
450.56298828125	1118488.	3153.	17232.583984375	1676.25	1034.	
451.8110046386719	1115744.	33398.5	24604.333984375	2001.666625976563	1150.75	
453.0589904785156	1169056.	5931.5	17408.5	4105.16650390625	867.	
454.3070068359375	1193396.125	3253.	15988.75	1667.916625976563	875.4166870117188	
455.5549926757813	1101428.	3653.25	15922.1669921875	1584.416625976563	842.1666870117188	
456.8030090332031	1063424.	7008.5	18937.083984375	6788.08349609375	925.25	
458.0509948730469	1153400.	14852.	18560.5	1567.75	725.1666870117188	
459.2990112304688	1136059.375	2552.25	17149.166015625	3028.166748046875	975.4166870117188	
460.5469970703125	1316320.	7058.25	17708.75	1601.083374023438	750.25	
461.7950134277344	1193022.125	5606.	18193.333984375	1400.916625976563	825.4166870117188	
463.0429992675781	1262184.75	4955.	16790.5	1734.833374023438	1075.666625976563	
464.2919921875	1229515.25	5405.75	20197.833984375	1617.833374023438	1009.	
465.5400085449219	1142916.	7133.25	16940.583984375	1701.25	700.1666870117188	
466.7879943847656	1093200.	6607.25	17859.083984375	9126.1669921875	783.5833129882813	
468.0360107421875	1086425.	3778.25	20364.75	1918.25	3647.083251953125	
469.2839965820313	1108144.	149040.765625	19621.083984375	1409.25	1526.25	
470.5320129394531	1126422.625	4329.5	17583.75	1417.75	775.25	
471.7799987792969	1068676.	3528.25	24744.916015625	1968.166625976563	833.5833129882813	
473.0280151367188	1127184.	10841.5	24538.833984375	6312.66650390625	1109.	
474.2760009765625	1137672.	2979958.25	17834.25	1701.416625976563	950.5833129882813	
475.5239868164063	1113448.	5255.5	19670.833984375	2477.25	808.6666870117188	
476.7720031738281	1144456.	4104.25	18268.166015625	4430.5	1426.166625976563	
478.02099609375	1352846.	7609.75	22137.916015625	1759.583374023438	850.3333129882813	
479.2690124511719	1743499.	19341.25	20198.083984375	22885.416015625	942.25	
480.5169982910156	3787834.75	7784.25	18426.833984375	1801.416625976563	850.3333129882813	
481.7650146484375	1155984.	4805.	29847.583984375	5208.58349609375	992.25	
483.0130004882813	1302837.5	75414.0625	18410.25	1617.833374023438	1159.083374023438	
484.260986328125	1198640.	5906.25	18126.5	3470.833251953125	850.3333129882813	
485.5090026855469	1492287.875	13144.75	19988.833984375	2276.916748046875	3303.833251953125	
486.7569885253906	1188720.75	87026.25	20783.416015625	21553.359375	1567.916625976563	
488.0050048828125	1403160.75	54288.5	31177.166015625	2719.166748046875	908.75	
489.2529907226563	7294529.5	7208.	265565.09375	2686.	883.6666870117188	
490.5010070800781	2193394.75	18712.25	66752.8203125	12532.	2235.416748046875	
491.75	2269653.75	296971.625	43873.33203125	33003.41796875	1267.416625976563	
492.9979858398438	6676543.	11063.75	60911.83203125	5332.33349609375	983.75	
494.2460021972656	5379895.	47915.75	34820.58203125	7852.66650390625	1492.666625976563	
495.4939880371094	1241051.625	10864.25	24837.25	20484.916015625	2210.75	
496.7420043945313	1387072.5	344080.75	22103.5	5239.91650390625	1292.5	
497.989990234375	1126304.	103345.4921875	19787.583984375	1542.833374023438	5754.5	
499.2380065917969	1761220.875	8084.5	56004.96875	2251.833251953125	1042.166625976563	
500.4859924316406	1244500.25	4279.25	38928.	2318.666748046875	841.8333129882813	
501.7340087890625	1121356.625	57897.25	21727.583984375	2694.166748046875	1050.5	
502.9819946289063	11305939.	4154.	34664.08203125	10463.8330078125	1108.916625976563	
504.2300109863281	1203009.375	25047.25	21136.25	1459.333374023438	2160.833251953125	
505.47900390625	1127392.	3553.25	91030.5	2001.5	883.5833129882813	
506.7269897460938	1705396.25	38934.25	28126.666015625	6989.08349609375	7843.41650390625	
507.9750061035156	1118576.	494320.875	18577.333984375	1642.833374023438	1175.833374023438	
509.2229919433594	1437815.5	10790.25	60334.79296875	7140.08349609375	917.0833129882813	
510.4710083007813	1407161.25	1270841.5	32846.75	1918.166625976563	4648.08349609375	
511.718994140625	5549636.	6808.25	93450.734375	2185.333251953125	1409.333374023438	
512.9669799804688	1149404.	3728.75	39612.66796875	2260.333251953125	3446.583251953125	
514.2150268554688	1137744.25	700224.25	17842.166015625	1601.166625976563	2769.75	
515.4630126953125	1359116.375	5956.5	21951.166015625	6078.08349609375	733.5	
516.7109985351563	1130453.25	4704.75	24359.	3587.666748046875	867.	
517.958984375	1291677.	499244.875	21946.75	1851.333374023438	800.3333129882813	
519.2080078125	1156501.75	4905.25	19128.	1768.083374023438	866.9166870117188	
520.4559936523438	1191880.	24912.75	99284.625	5526.5	891.9166870117188	
521.7039794921875	1214344.25	10240.75	18017.666015625	4205.83349609375	933.9166870117188	
522.9520263671875	1104476.	7308.25	19905.75	1826.25	750.3333129882813	
524.2000122070313	8780160.	6231.75	17884.25	1625.916625976563	867.0833129882813	
525.447998046875	1124676.	6882.75	20306.333984375	3370.416748046875	908.8333129882813	
526.6959838867188	1108564.	4054.	19497.083984375	2076.666748046875	867.0833129882813	
527.9439697265625	1063936.	4179.25	19145.416015625	1592.75	892.0833129882813	
529.1920166015625	1096464.	5881.5	16973.916015625	1759.583374023438	958.8333129882813	
530.4400024414063	1092888.75	2652.25	19145.333984375	2961.5	850.25	
531.68798828125	1155768.	3378.25	18251.5	1684.583374023438	3479.583251953125	
532.93701171875	1023102.0625	545418.9375	47007.75	1826.416625976563	1184.083374023438	
534.1849975585938	1083900.	5531.25	23498.583984375	2034.916625976563	833.6666870117188	
535.4329833984375	1104160.	62894.75	26410.	2001.666625976563	942.1666870117188	
536.6810302734375	1542460.25	11695.84375	20365.5	1659.583374023438	1025.583374023438	
537.9290161132813	1121539.5	40044.	30450.916015625	4950.	975.5	
539.177001953125	1197744.	1089910.5	19428.666015625	24236.830078125	1584.583374023438	
540.4249877929688	2520945.	10563.	20230.916015625	11020.25	1292.416625976563	
541.6729736328125	1286240.	16874.	22571.666015625	1701.166625976563	833.75	
542.9210205078125	1218284.5	12967.	17032.583984375	1592.75	1109.083374023438	
544.1690063476563	1133416.	66033.4453125	28410.	2093.583251953125	942.0833129882813	
545.4169921875	1235509.	12444.5	17132.75	2452.166748046875	3438.333251953125	
546.666015625	1533551.5	7208.5	25306.083984375	1576.083374023438	908.8333129882813	
547.9140014648438	1080636.	4204.	39469.87890625	1634.666625976563	783.6666870117188	
549.1619873046875	12632322.	15399.25	16965.666015625	1793.	875.3333129882813	
550.4099731445313	1068100.	3228.	16439.75	1609.5	775.25	
551.6580200195313	1238505.875	8311.25	19972.666015625	1968.333374023438	1075.5	
552.906005859375	1062488.	3828.75	18017.916015625	1651.166625976563	2895.166748046875	
554.1539916992188	1635394.75	5556.25	17475.	1517.833374023438	925.3333129882813	
555.4019775390625	1093039.75	2527.25	20683.083984375	1526.166625976563	858.75	
556.6500244140625	1024008.	3052.75	36816.91796875	1651.25	883.75	
557.8980102539063	1055228.	2677.25	17207.666015625	1659.666625976563	850.4166870117188	
559.14599609375	1734703.25	3303.	17082.416015625	1792.916625976563	750.25	
560.39501953125	1039044.	3303.	17600.166015625	1634.5	975.5833129882813	
561.6430053710938	1134880.75	3178.	18243.166015625	1576.083374023438	1568.083374023438	
562.8909912109375	1038624.	50168.8203125	18469.25	1909.833374023438	900.3333129882813	
564.1389770507813	1128896.	7884.25	17007.333984375	1784.666625976563	733.5	
565.3870239257813	1068249.5	4129.25	24958.083984375	1601.083374023438	1192.5	
566.635009765625	1119812.875	7333.75	39665.33203125	1517.666625976563	1993.75	
567.8829956054688	1268837.5	37641.75	31676.166015625	2001.666625976563	983.9166870117188	
569.1309814453125	1085056.25	3728.75	16715.25	1751.25	817.	
570.3790283203125	1106492.	5130.25	31164.75	1934.916625976563	758.5833129882813	
571.6270141601563	1087352.	358607.375	17683.916015625	1768.083374023438	1150.75	
572.875	1071652.	5931.75	43120.91796875	2293.666748046875	1142.416625976563	
574.1240234375	1087200.	4429.5	17349.916015625	6838.08349609375	792.0833129882813	
575.3720092773438	1043812.	14322.75	25971.25	1626.083374023438	958.8333129882813	
576.6199951171875	2624917.	8360.25	30896.166015625	1918.166625976563	1025.583374023438	
577.8679809570313	1138289.5	65774.765625	20347.916015625	1484.25	925.6666870117188	
579.1160278320313	1076304.	10865.25	31128.583984375	2377.083251953125	833.6666870117188	
580.364013671875	1067592.	4955.25	17132.75	1601.166625976563	883.75	
581.6119995117188	1051356.	6107.	18301.583984375	2218.583251953125	683.6666870117188	
582.8599853515625	1075420.	72502.5	19203.333984375	2435.583251953125	867.1666870117188	
584.1079711914063	1026828.	3227.75	26095.083984375	2669.25	950.5833129882813	
585.3560180664063	1127420.	6532.25	18310.083984375	1709.833374023438	967.1666870117188	
586.60400390625	1187520.75	4479.5	16957.5	2151.75	717.	
587.85302734375	1040948.	3703.75	18770.083984375	1884.75	975.5	
589.1010131835938	1037756.	3853.75	17959.333984375	5300.33349609375	700.25	
590.3489990234375	1036244.	3278.	17625.083984375	1826.416625976563	992.	
591.5969848632813	1053080.	2802.5	19128.333984375	1759.666625976563	783.5833129882813	
592.844970703125	1031596.	2652.5	22382.916015625	3721.	758.6666870117188	
594.093017578125	1059132.	2702.25	16606.583984375	1676.25	641.8333129882813	
595.3410034179688	1072632.	3252.75	16539.833984375	1601.166625976563	1000.583312988281	
596.5889892578125	1053852.	2452.	21961.083984375	1943.166625976563	842.	
597.8369750976563	1025092.	2777.5	16531.333984375	1784.75	875.25	
599.0850219726563	1031372.	2677.25	18093.083984375	1634.416625976563	750.3333129882813	
600.3330078125	1022508.	2902.75	18160.	1634.583374023438	766.9166870117188	
601.5819702148438	1021588.	2752.5	18093.166015625	1450.916625976563	900.4166870117188	
602.8300170898438	1019876.	2427.25	16698.583984375	1767.916625976563	908.6666870117188	
604.0780029296875	1021916.	3403.	16030.5830078125	1476.	1033.75	
605.3259887695313	1011012.	2527.	24774.083984375	3553.833251953125	933.75	
606.573974609375	1014060.	2527.25	19138.833984375	1776.25	892.	
607.822021484375	1063212.	2577.25	22723.583984375	1801.416625976563	842.0833129882813	
609.0700073242188	1047936.	37610.	17274.583984375	1592.75	808.5833129882813	
610.3179931640625	1058284.	2852.5	17324.666015625	1409.333374023438	758.5833129882813	
611.5659790039063	1099888.	2602.5	17742.166015625	1801.5	1009.	
612.8140258789063	1061540.	3503.25	23091.25	1667.916625976563	800.1666870117188	
614.06201171875	1069356.	2126.5	17917.333984375	1584.416625976563	800.4166870117188	
615.3109741210938	1056120.	2702.25	16990.666015625	1717.833374023438	908.8333129882813	
616.5590209960938	1078556.	2927.75	16840.5	1559.416625976563	958.9166870117188	
617.8070068359375	1106656.	3378.	15880.3330078125	1534.5	967.1666870117188	
619.0549926757813	1066628.	2877.25	18076.416015625	1642.833374023438	908.75	
620.302978515625	1054680.	4705.25	16990.833984375	1517.75	800.3333129882813	
621.551025390625	1071708.	2226.75	18410.333984375	1459.416625976563	758.5	
622.7990112304688	1069156.	2652.25	20649.833984375	1626.083374023438	867.	
624.0469970703125	1057460.	2452.	16973.75	1793.	942.1666870117188	
625.2949829101563	1133989.5	2627.25	17425.083984375	1651.083374023438	908.8333129882813	
626.5430297851563	1220711.125	3077.75	17934.166015625	1567.666625976563	1008.916687011719	
627.791015625	1041312.	2277.	26110.583984375	1976.5	867.0833129882813	
629.0399780273438	1114468.	8588.	24560.166015625	2268.5	708.5	
630.2880249023438	1055440.	2652.	21092.25	1584.416625976563	850.25	
631.5360107421875	1095200.	2401.75	18518.5	2752.666748046875	1234.166625976563	
632.7839965820313	1083680.	3127.75	18410.083984375	9669.75	775.25	
634.031982421875	1879094.25	6007.25	17641.916015625	1959.916625976563	1008.833312988281	
635.280029296875	1071884.	3478.25	17708.583984375	3979.666748046875	983.75	
636.5280151367188	1126409.25	4855.25	18184.5	2268.5	850.3333129882813	
637.7760009765625	4399203.5	61999.9765625	24601.333984375	2310.333251953125	925.5	
639.0239868164063	1110384.	4029.	20130.	2260.166748046875	1092.333374023438	
640.27197265625	1081420.	4654.75	20990.75	2093.416748046875	833.75	
641.52001953125	1089476.	3378.	21535.5	2694.	1017.166687011719	
642.7689819335938	1095784.	3303.25	25091.333984375	2736.	1309.333374023438	
644.0170288085938	1058466.	7635.	17608.666015625	2218.333251953125	950.5833129882813	
645.2650146484375	1165120.	4104.	19846.25	2285.25	1300.833374023438	
646.5130004882813	1078504.	6507.25	19997.333984375	2226.916748046875	950.5833129882813	
647.760986328125	1073092.	13420.	20464.75	2493.833251953125	950.4166870117188	
649.0089721679688	1064340.	530599.8125	18977.916015625	1976.583374023438	1860.	
650.2570190429688	1107295.625	12469.25	18001.166015625	3820.75	800.25	
651.5050048828125	1119040.	5480.75	91410.875	2018.25	942.1666870117188	
652.7529907226563	1080956.	4579.25	18143.083984375	2026.583374023438	683.6666870117188	
654.0009765625	1054800.	5556.5	18226.583984375	1584.583374023438	758.5833129882813	
655.2490234375	1057396.	4029.	17717.25	4530.16650390625	683.5	
656.4979858398438	1055448.	2477.	17800.75	1667.916625976563	875.4166870117188	
657.7459716796875	1072564.	2301.75	17157.583984375	2085.166748046875	858.6666870117188	
658.9940185546875	1100197.75	2577.25	17190.916015625	4799.33349609375	850.4166870117188	
660.2420043945313	1094132.	3278.	19203.666015625	2619.166748046875	1008.916687011719	
661.489990234375	1068404.	3503.5	17232.75	1743.083374023438	850.25	
662.7379760742188	1114456.	3052.5	24686.916015625	1742.916625976563	850.25	
663.9860229492188	1127821.25	4604.75	18193.	1918.083374023438	700.25	
665.2340087890625	1083680.	8261.25	18193.166015625	2377.166748046875	950.5	
666.4819946289063	1070368.	28191.25	18635.416015625	2059.833251953125	825.3333129882813	
667.72998046875	1103032.	3353.25	18476.916015625	9182.3330078125	975.4166870117188	
668.97802734375	1095360.	4704.75	22321.25	2068.25	766.9166870117188	
670.2269897460938	1165096.	3103.	19002.833984375	1843.	908.6666870117188	
671.4749755859375	1080860.	21533.	22936.833984375	1759.666625976563	842.0833129882813	
672.7230224609375	1091752.	3103.	18426.916015625	2026.583374023438	1000.5	
673.9710083007813	1102296.	64270.	18760.833984375	2535.583251953125	900.4166870117188	
675.218994140625	1209679.75	4054.	51650.171875	2510.5	1542.583374023438	
676.4669799804688	1186849.375	6833.25	40872.62109375	2201.833251953125	1225.75	
677.7150268554688	1167216.	3278.	27398.666015625	3838.	867.0833129882813	
678.9630126953125	1114952.	3979.25	27373.166015625	2902.916748046875	1075.5	
680.2109985351563	1088248.	3753.5	18969.75	2752.75	950.5	
681.458984375	1145074.125	3779.	24777.666015625	2009.833374023438	1075.666625976563	
682.7069702148438	1143860.	3253.	45832.16796875	1943.166625976563	1592.833374023438	
683.9559936523438	1139312.	3328.25	24237.083984375	2193.333251953125	933.8333129882813	
685.2039794921875	1353212.75	3103.	25328.166015625	2519.	1542.916625976563	
686.4520263671875	1103716.	2477.	18869.166015625	2076.75	1084.	
687.7000122070313	1150376.	3628.5	19036.25	2276.916748046875	1109.	
688.947998046875	1163240.	8336.25	19094.5	3144.75	1050.75	
690.1959838867188	1098940.	5907.	20364.5	2351.916748046875	1034.	
691.4439697265625	1223558.125	3202.75	21318.166015625	2610.5	783.5	
692.6920166015625	1078864.	7585.	19837.75	1909.75	1034.	
693.9400024414063	1038931.1875	3878.75	24881.5	2919.5	908.6666870117188	
695.18798828125	1081040.	2752.5	19261.916015625	2076.75	875.3333129882813	
696.4359741210938	1022324.	2502.	28383.5	2318.5	775.25	
697.6849975585938	1055688.	3828.75	18460.083984375	1768.083374023438	958.8333129882813	
698.9329833984375	1087964.	3403.25	20581.083984375	2877.75	925.3333129882813	
700.1810302734375	1040120.	2877.5	24934.	2660.916748046875	792.	
701.4290161132813	1057012.	3328.25	20122.166015625	2126.75	775.25	
702.677001953125	1087628.	3128.	21023.5	2493.75	1042.333374023438	
703.9249877929688	1056172.75	3603.5	24798.083984375	1751.333374023438	1000.666687011719	
705.1729736328125	1041432.	2702.25	20889.833984375	1759.75	892.0833129882813	
706.4210205078125	1142448.	7535.	24803.916015625	1476.083374023438	925.5	
707.6690063476563	1123208.	3578.5	25452.583984375	1751.25	900.4166870117188	
708.9169921875	1148114.5	3803.75	20890.583984375	2043.416625976563	975.5	
710.1649780273438	1162052.	3128.	51860.35546875	3119.833251953125	1109.	
711.4140014648438	1151400.	2902.5	49523.5	1801.416625976563	908.6666870117188	
712.6619873046875	1100952.	2527.25	21257.916015625	1801.416625976563	917.0833129882813	
713.9099731445313	1133162.25	2677.5	27948.	1559.416625976563	925.4166870117188	
715.1580200195313	1325908.	3803.75	19670.75	1734.583374023438	1008.75	
716.406005859375	1183900.	4254.25	20239.166015625	3144.5	1676.25	
717.6539916992188	1265440.	7909.25	27278.75	2644.083251953125	1517.916625976563	
718.9019775390625	1466996.75	8860.5	22736.333984375	4279.58349609375	925.5833129882813	
720.1500244140625	1604817.	6632.25	27142.416015625	2660.583251953125	1167.25	
721.3980102539063	1248233.25	42255.25	22853.25	2343.583251953125	2352.083251953125	
722.64599609375	1319760.	8159.5	29627.25	3870.75	1717.833374023438	
723.8939819335938	1184080.	10038.25	91881.5625	3203.083251953125	1309.166625976563	
725.1430053710938	2956489.5	8760.5	52623.36328125	2719.083251953125	3278.916748046875	
726.3909912109375	1582523.625	4779.75	24592.666015625	1926.583374023438	1351.	
727.6389770507813	1253226.375	11992.5	34387.33203125	2836.	1968.166625976563	
728.8870239257813	1151597.5	4104.	38478.75	3036.25	967.0833129882813	
730.135009765625	1153408.	3928.75	22451.666015625	3512.333251953125	1225.833374023438	
731.3829956054688	2257204.25	5831.25	28341.	2135.	1083.916625976563	
732.6309814453125	1346055.	3628.25	24014.166015625	2293.583251953125	1150.666625976563	
733.8790283203125	1130832.	3703.5	26202.	3078.416748046875	1200.75	
735.1270141601563	2286289.	5055.25	47179.83203125	1701.333374023438	933.75	
736.375	1269951.625	2927.5	23337.583984375	1776.25	933.8333129882813	
737.6229858398438	1256732.	7459.	23228.583984375	1718.	950.4166870117188	
738.8720092773438	1131112.	3027.75	34639.75	1901.5	933.75	
740.1199951171875	4149999.25	4078.75	23814.166015625	2393.916748046875	1050.666625976563	
741.3679809570313	1107372.	3328.	20706.583984375	1667.916625976563	1158.916625976563	
742.6160278320313	1224272.25	3053.	22193.	1667.916625976563	2202.166748046875	
743.864013671875	1143606.5	3102.75	26846.083984375	3153.416748046875	925.4166870117188	
745.1119995117188	1108984.	3453.5	24966.75	3746.25	1058.75	
746.3599853515625	1076692.	3228.25	59446.140625	1692.916625976563	942.1666870117188	
747.6079711914063	1179412.125	6407.	20163.916015625	1768.	983.8333129882813	
748.8560180664063	1149514.375	12445.75	19738.166015625	1784.583374023438	917.1666870117188	
750.10400390625	1084600.	3253.	18978.416015625	1618.	817.	
751.3519897460938	1052044.	2652.25	18143.416015625	1809.583374023438	1000.416687011719	
752.6010131835938	1057431.25	3403.25	71806.796875	1642.916625976563	825.0833129882813	
753.8489990234375	1005752.	3453.25	16823.583984375	2552.666748046875	850.3333129882813	
755.0969848632813	1087532.25	3703.75	24181.833984375	1876.416625976563	875.3333129882813	
756.344970703125	1136715.	3979.	18460.5	1759.666625976563	683.5	
757.593017578125	1028756.	2952.75	16180.8330078125	2210.416748046875	942.0833129882813	
758.8410034179688	1047296.	3603.5	17667.5	1776.25	775.25	
760.0889892578125	1053548.	2978.	17609.	2110.25	950.5	
761.3369750976563	1023308.	5055.25	16781.916015625	1759.666625976563	766.9166870117188	
762.5850219726563	1603010.125	3728.5	21362.333984375	1784.666625976563	700.0833129882813	
763.8330078125	1057416.	3178.	16539.916015625	3186.916748046875	716.8333129882813	
765.0809936523438	1091784.	2627.25	16731.916015625	1935.	725.25	
766.3300170898438	1073656.	13022.	17015.75	1851.5	725.1666870117188	
767.5780029296875	1078652.	2902.75	17776.166015625	1551.25	716.8333129882813	
768.8259887695313	1072444.	7784.5	16506.416015625	1893.083374023438	1000.666687011719	
770.073974609375	1011712.	4504.5	16840.166015625	1943.333374023438	967.	
771.322021484375	1063040.	3278.	18118.166015625	2068.166748046875	741.9166870117188	
772.5700073242188	1043364.	3178.	17576.	1609.583374023438	875.5	
773.8179931640625	990860.	2802.5	16097.25	2852.916748046875	825.4166870117188	
775.0659790039063	1014648.	3453.25	15746.6669921875	6204.33349609375	908.6666870117188	
776.3140258789063	1006344.	2702.5	15454.4169921875	1509.416625976563	792.	
777.56201171875	1011208.	3628.5	15838.6669921875	1960.	900.5	
778.8099975585938	1015536.	2752.5	15513.0830078125	1534.5	741.9166870117188	
780.0590209960938	1036076.5	2852.5	19188.25	2226.833251953125	967.1666870117188	
781.3070068359375	1031512.	2377.	17458.083984375	1492.833374023438	741.8333129882813	
782.5549926757813	1018024.	4429.75	16431.333984375	1492.666625976563	1025.5	
783.802978515625	1023484.	2902.75	16615.083984375	1534.416625976563	933.75	
785.051025390625	1016760.	2477.	17751.	2176.916748046875	750.25	
786.2990112304688	1023800.	3052.75	16406.416015625	1334.25	725.3333129882813	
787.5469970703125	1065079.75	2301.75	17474.75	1384.333374023438	1025.5	
788.7949829101563	1042191.	42177.5	16347.8330078125	2068.333251953125	750.3333129882813	
790.0430297851563	1015180.	1901.25	17199.416015625	1534.333374023438	850.3333129882813	
791.291015625	1016000.	2702.25	17207.833984375	1759.75	867.0833129882813	
792.5390014648438	1080536.	24345.75	15922.0830078125	1701.25	775.3333129882813	
793.7880249023438	1015628.	2677.25	16005.5	3804.25	825.3333129882813	
795.0360107421875	1009508.	2452.25	18443.916015625	1676.25	917.	
796.2839965820313	995416.	3703.5	20844.583984375	1676.166625976563	908.75	
797.531982421875	1140238.125	9136.75	18410.083984375	2210.166748046875	967.1666870117188	
798.780029296875	1002360.	10041.5	25206.	1492.75	942.1666870117188	
800.0280151367188	1037276.	2852.5	20317.75	1309.083374023438	825.25	
801.2760009765625	1013004.	11570.25	16272.5	1584.583374023438	933.8333129882813	
802.5239868164063	999392.	2326.75	16991.083984375	1567.666625976563	691.9166870117188	
803.77197265625	989676.	2226.75	16606.666015625	1517.75	791.9166870117188	
805.02001953125	975980.	2627.5	21728.916015625	1526.	2653.416748046875	
806.2680053710938	998852.	2627.5	15321.	1225.833374023438	858.75	
807.5170288085938	953956.	2702.5	16205.8330078125	1367.5	733.5	
808.7650146484375	1038992.	2126.75	15813.5	1467.583374023438	791.9166870117188	
810.0130004882813	977116.	2902.25	15888.5	1476.083374023438	867.0833129882813	
811.260986328125	984196.	2076.75	16005.5830078125	1292.5	816.9166870117188	
812.5089721679688	981172.	3478.5	16356.5	1609.583374023438	983.8333129882813	
813.7570190429688	991512.	2377.	15053.5830078125	1668.	691.8333129882813	
815.0050048828125	981240.	2151.75	16189.3330078125	2385.666748046875	883.6666870117188	
816.2529907226563	1011632.	2252.	16222.8330078125	1476.	833.5	
817.5009765625	999980.	2577.5	15187.4169921875	1300.833374023438	683.5833129882813	
818.7490234375	999964.	2902.5	20608.916015625	1542.833374023438	950.5	
819.9970092773438	981964.	2677.25	16331.1669921875	1200.666625976563	683.3333129882813	
821.2459716796875	1010212.	2652.25	16255.9169921875	1684.583374023438	942.0833129882813	
822.4940185546875	1046344.	3002.75	16673.416015625	1426.083374023438	950.4166870117188	
823.7420043945313	988164.	1901.5	16606.75	1467.75	967.25	
824.989990234375	998356.	2427.	18385.75	1659.5	683.5833129882813	
826.2379760742188	1057900.	2577.25	18093.833984375	1592.833374023438	825.5	
827.4860229492188	1015560.	2427.	19840.666015625	1626.166625976563	725.1666870117188	
828.7340087890625	1007680.	3153.	17040.666015625	1667.833374023438	842.	
829.9819946289063	1003672.	2226.75	19422.666015625	1467.666625976563	883.5833129882813	
831.22998046875	1326992.	2176.75	17692.166015625	1484.333374023438	892.0833129882813	
832.47802734375	1059620.	2477.	16823.75	1693.	808.5833129882813	
833.7260131835938	1105174.625	2902.5	18110.333984375	1876.416625976563	800.5833129882813	
834.9749755859375	1030272.	2502.25	18970.166015625	1692.916625976563	858.75	
836.2230224609375	1042640.	2702.25	18310.75	1384.25	816.9166870117188	
837.4710083007813	1019536.	1901.5	16915.416015625	1576.166625976563	750.25	
838.718994140625	1077576.25	2101.75	16389.833984375	1617.916625976563	892.	
839.9669799804688	1042052.	3202.75	17091.	1576.083374023438	950.5	
841.2150268554688	1045096.	3789586.	16815.333984375	1442.583374023438	925.5833129882813	
842.4630126953125	1031380.	2877.5	16030.5830078125	1851.416625976563	733.6666870117188	
843.7109985351563	1007892.	6339.09375	18703.	1534.416625976563	925.4166870117188	
844.958984375	1041188.	7433.75	18978.833984375	2026.583374023438	908.9166870117188	
846.2069702148438	1162773.25	270700.25	21232.833984375	1851.5	1534.416625976563	
847.4550170898438	1479658.375	45042.5	24082.166015625	2059.916748046875	4121.75	
848.7039794921875	1229039.5	71513.	24750.833984375	2677.416748046875	1926.333374023438	
849.9520263671875	1347976.25	13994.75	20514.666015625	4680.5	4900.	
851.2000122070313	1554520.625	7484.	20472.916015625	2844.25	3762.5	
852.447998046875	1279593.625	5380.5	18827.666015625	2001.5	2201.916748046875	
853.6959838867188	1187920.	4229.	18810.833984375	2460.5	1918.083374023438	
854.9439697265625	1094040.	11618.75	18176.25	2034.916625976563	1651.25	
856.1920166015625	1171168.	4604.5	18318.25	2602.166748046875	2894.416748046875	
857.4400024414063	3527109.25	3879.	20865.833984375	8863.9169921875	1375.833374023438	
858.68798828125	1121236.	3403.	18209.666015625	3236.75	1609.583374023438	
859.9359741210938	1163147.	3903.75	16965.583984375	1809.666625976563	1225.75	
861.1840209960938	1161896.75	2652.25	18017.583984375	1826.416625976563	817.0833129882813	
862.4329833984375	1068684.	3153.	19077.916015625	2360.416748046875	1100.75	
863.6810302734375	1350576.75	3603.25	17282.916015625	1776.25	1960.	
864.9290161132813	1025952.	2827.5	16807.25	1526.166625976563	825.3333129882813	
866.177001953125	1021096.	4529.75	16047.4169921875	1476.083374023438	1960.	
867.4249877929688	1038500.	2677.5	16422.916015625	1718.	1042.333374023438	
868.6729736328125	1024520.	2727.25	15930.3330078125	1843.25	817.0833129882813	
869.9210205078125	1600800.125	2902.5	22200.	1776.333374023438	884.	
871.1690063476563	1512396.375	2727.25	15704.9169921875	1501.	975.3333129882813	
872.4169921875	1056252.	2577.25	15579.8330078125	1534.5	817.	
873.6649780273438	1038732.	2101.75	16047.25	1384.25	967.1666870117188	
874.9130249023438	1103358.25	2627.25	18276.5	1367.5	908.8333129882813	
876.1619873046875	1176868.75	2852.5	16539.833984375	1951.5	842.0833129882813	
877.4099731445313	1025220.	2677.5	16339.5	1292.416625976563	1167.5	
878.6580200195313	1010384.	2602.	17065.916015625	1659.666625976563	817.	
879.906005859375	1078275.125	2101.5	15788.5830078125	1384.333374023438	942.1666870117188	
881.1539916992188	1017532.	2577.	16456.75	1617.75	825.3333129882813	
882.4019775390625	1050496.	2727.25	17274.583984375	1667.916625976563	900.3333129882813	
883.6500244140625	1083264.25	2101.75	16740.166015625	1642.833374023438	892.1666870117188	
884.8980102539063	4966350.5	2402.	17617.833984375	1576.083374023438	892.1666870117188	
886.14599609375	1150881.75	2802.5	16915.166015625	1551.083374023438	925.5	
887.3939819335938	1078484.	5305.75	18678.75	1826.333374023438	983.9166870117188	
888.6420288085938	1908520.125	4129.	17049.	1784.666625976563	1009.	
889.8909912109375	1085996.625	10515.75	18218.333984375	1859.75	808.5833129882813	
891.1389770507813	2178402.	4830.	19997.666015625	1492.666625976563	1167.333374023438	
892.3870239257813	1108771.125	3077.75	16439.666015625	1718.	975.5	
893.635009765625	1884627.5	3528.25	16606.666015625	1609.5	908.75	
894.8829956054688	1750436.375	5055.25	17742.25	1584.583374023438	925.4166870117188	
896.1309814453125	1097760.125	3578.5	21681.583984375	1492.75	892.	
897.3790283203125	1081452.875	4104.25	18569.083984375	1492.833374023438	942.1666870117188	
898.6270141601563	1059476.	2852.5	18836.916015625	1801.333374023438	908.75	
899.875	1072840.	3653.5	57365.94921875	1159.083374023438	716.8333129882813	
901.1229858398438	1092676.	4029.25	17074.333984375	1793.	792.	
902.3709716796875	1007472.	2802.5	15988.75	1626.083374023438	825.4166870117188	
903.6199951171875	981319.5625	17817.75	23497.416015625	1634.333374023438	783.6666870117188	
904.8679809570313	1101608.625	2652.25	22671.916015625	1401.	975.4166870117188	
906.1160278320313	1045432.6875	2402.	20807.833984375	1584.5	875.4166870117188	
907.364013671875	1089784.	2627.25	16581.666015625	1467.5	766.9166870117188	
908.6119995117188	1017736.	2627.25	16339.5	1576.166625976563	783.5	
909.8599853515625	1011508.	4129.25	17366.833984375	1442.666625976563	850.4166870117188	
911.1079711914063	1017868.	3478.5	17057.5	1476.	750.25	
912.3560180664063	1035104.	2777.5	18677.916015625	1909.916625976563	691.9166870117188	
913.60400390625	1035408.	3228.	16364.3330078125	2235.416748046875	766.9166870117188	
914.8519897460938	1093690.625	9689.25	19063.	1484.416625976563	800.3333129882813	
916.0999755859375	1007508.	9137.	17967.5	1434.333374023438	733.5833129882813	
917.3489990234375	1048232.	12716.5	17684.	1534.416625976563	783.6666870117188	
918.5969848632813	1043241.375	3153.	16890.5	1626.166625976563	958.8333129882813	
919.844970703125	1048464.	7559.	16982.583984375	1609.416625976563	792.	
921.093017578125	1409069.625	5255.75	18352.333984375	1626.166625976563	942.0833129882813	
922.3410034179688	1024000.	14324.	16698.416015625	1701.333374023438	1125.583374023438	
923.5889892578125	1047300.	3128.	18729.333984375	1767.833374023438	725.1666870117188	
924.8369750976563	942537.625	4279.25	15997.0830078125	2001.583374023438	808.6666870117188	
926.0850219726563	1062858.375	4354.25	17433.833984375	1726.166625976563	892.0833129882813	
927.3330078125	1046984.	3553.5	17099.416015625	1809.666625976563	925.5	
928.5809936523438	1016868.	415985.75	16606.583984375	1559.5	842.	
929.8289794921875	1036116.	2702.25	16047.3330078125	1401.	591.8333129882813	
931.0780029296875	1003924.	3227.75	15821.8330078125	1359.166625976563	716.9166870117188	
932.3259887695313	1121216.75	47974.	17066.25	1576.083374023438	792.	
933.573974609375	1137643.375	2327.	17124.416015625	1509.333374023438	758.5	
934.822021484375	1061280.	2902.75	17090.916015625	1384.25	925.5833129882813	
936.0700073242188	2144294.	2426.75	16372.75	1642.833374023438	758.5	
937.3179931640625	1041644.	2402.	16865.583984375	1434.25	808.6666870117188	
938.5659790039063	1050916.	4705.25	16147.5830078125	1576.083374023438	758.6666870117188	
939.8140258789063	1040452.	2327.	17141.333984375	1534.333374023438	875.5	
941.06201171875	1069324.	2226.5	16013.8330078125	1501.	842.	
942.3099975585938	1081504.75	2602.25	17066.5	1384.166625976563	942.0833129882813	
943.5579833984375	1107327.75	2702.75	15379.4169921875	1609.416625976563	850.4166870117188	
944.8070068359375	1030604.	2327.	16348.	1434.25	875.25	
946.0549926757813	1058330.	2652.25	16823.583984375	1576.25	933.8333129882813	
947.302978515625	1031788.	2402.	19447.916015625	1175.833374023438	700.25	
948.551025390625	1004468.	4429.5	17399.916015625	1968.166625976563	675.25	
949.7990112304688	1039652.	2602.25	16581.666015625	1492.666625976563	750.3333129882813	
951.0469970703125	1020808.	2026.5	16147.5	1459.333374023438	950.4166870117188	
952.2949829101563	1124106.25	2151.75	16214.25	1667.833374023438	808.5833129882813	
953.5430297851563	1092331.125	3528.25	17032.583984375	1776.25	900.5833129882813	
954.791015625	1091902.5	10040.	18126.25	1492.75	1083.916625976563	
956.0390014648438	1046352.	191861.234375	19838.5	2026.416625976563	1058.916625976563	
957.2869873046875	1057480.	95903.5	24228.083984375	3696.083251953125	942.1666870117188	
958.5360107421875	1342148.625	121379.5	24800.333984375	2652.25	1250.916625976563	
959.7839965820313	1163296.	788511.5625	36850.41796875	2977.833251953125	1451.083374023438	
961.031982421875	1283216.75	523433.5625	31858.72265625	3244.75	3136.75	
962.280029296875	1210304.	470265.75	33090.83203125	6199.75	2460.5	
963.5280151367188	1180580.	381525.1875	51549.16796875	4162.58349609375	1751.5	
964.7760009765625	1163848.	296900.	26769.916015625	3161.333251953125	1643.	
966.0239868164063	1162491.25	506143.8125	28157.583984375	2769.25	1309.333374023438	
967.27197265625	1118144.	341745.4375	23212.166015625	2852.5	2068.333251953125	
968.52001953125	1098712.	117804.5	21015.583984375	2377.083251953125	1467.75	
969.7680053710938	1165144.	206697.	22405.25	2468.75	1292.583374023438	
971.0159912109375	1048464.	297230.0625	49298.19921875	2543.916748046875	1284.166625976563	
972.2650146484375	1022144.	158957.5	27314.5	2260.333251953125	1467.666625976563	
973.5130004882813	997324.	128831.	24725.583984375	2994.416748046875	950.5	
974.760986328125	1080523.25	71712.5	21109.25	2752.583251953125	1517.666625976563	
976.0089721679688	1051248.125	72842.25	22310.25	4938.91650390625	1059.	
977.2570190429688	1032972.	106051.	18660.666015625	2744.25	958.8333129882813	
978.5050048828125	1007432.	87903.25	22235.	4765.33349609375	942.1666870117188	
979.7529907226563	1025200.	100202.	19295.5	2226.75	983.8333129882813	
981.0009765625	1003816.	65894.	23800.583984375	1651.333374023438	750.1666870117188	
982.2490234375	982808.	87239.75	19103.75	1584.416625976563	942.0833129882813	
983.4970092773438	990996.	28574.25	23815.333984375	1884.75	900.5	
984.7449951171875	1009600.	25744.25	20424.25	2176.916748046875	892.0833129882813	
985.9940185546875	990980.	38961.25	16573.333984375	2518.916748046875	933.8333129882813	
987.2420043945313	1002532.	112158.78125	18885.916015625	1851.416625976563	1292.583374023438	
988.489990234375	1009696.	29670.25	17917.333984375	1376.	750.1666870117188	
989.7379760742188	977796.	449125.90625	16506.583984375	1576.25	1442.916625976563	
990.9860229492188	956228.	41397.25	18610.75	2585.75	816.9166870117188	
992.2340087890625	979924.	8309.75	16740.166015625	1434.333374023438	800.4166870117188	
993.4819946289063	966104.	20085.	16665.083984375	1551.	817.0833129882813	
994.72998046875	962844.	23768.	15788.5830078125	1576.166625976563	1000.583312988281	
995.97802734375	981016.	6858.25	16147.3330078125	1768.	758.5	
997.2260131835938	971440.	13148.	17451.166015625	2226.916748046875	800.3333129882813	
998.4739990234375	973844.	106913.5625	15955.4169921875	1734.833374023438	992.25	
