Trace for Mass:	Al27(MR)	Si28(MR)	Ca44(MR)	Fe56(MR)	S32(MR)
Resolution:	Medium	Medium	Medium	Medium	Medium
					
Time	Intensity	Intensity	Intensity	Intensity	Intensity
[sec]	[cps]	[cps]	[cps]	[cps]	[cps]

1.22000002861023	2118.333251953125	1118754.625	241.6666717529297	1634.416625976563	38727.58203125	
2.437999963760376	2183.54541015625	1204693.875	233.3333282470703	1409.25	39639.83203125	
3.655999898910523	1637.727294921875	1115474.375	250.	1584.333374023438	37174.16796875	
4.874000072479248	1592.75	1019287.1875	266.6666564941406	1592.833374023438	36380.41796875	
6.092000007629395	1409.909057617188	974632.	175.	1634.5	36435.546875	
7.310999870300293	1100.599975585938	1039490.6875	233.3333282470703	1417.75	37211.63671875	
8.529000282287598	1411.199951171875	966501.3125	109.0909118652344	1500.916625976563	39340.19921875	
9.746999740600586	1110.800048828125	916463.125	209.0909118652344	1717.833374023438	37826.80078125	
10.96500015258789	1060.599975585938	890122.25	191.6666717529297	1401.083374023438	39582.3984375	
12.18299961090088	964.0908813476563	894398.25	200.	1309.166625976563	38930.6015625	
13.40100002288818	1120.699951171875	848935.125	391.6666564941406	1501.083374023438	37146.1015625	
14.61900043487549	960.5999755859375	856343.5625	250.	1601.083374023438	36332.8984375	
15.83699989318848	982.3636474609375	839356.4375	341.75	1534.583374023438	36654.	
17.05500030517578	864.0908813476563	807750.6875	327.2727355957031	1526.083374023438	37396.80078125	
18.27300071716309	1010.700012207031	797128.625	254.5454559326172	1584.5	36815.6015625	
19.49200057983398	783.6666870117188	777953.3125	225.	1801.5	35090.80078125	
20.70999908447266	860.4000244140625	782937.3125	275.	1559.583374023438	37328.8984375	
21.92799949645996	810.2999877929688	785629.75	300.	1876.416625976563	37227.69921875	
23.14599990844727	1137.090942382813	792577.75	280.	1634.5	35612.6015625	
24.36400032043457	875.3333129882813	779358.6875	200.	1409.333374023438	36344.6015625	
25.58200073242188	718.6363525390625	768821.75	209.0909118652344	1476.083374023438	35272.5	
26.79999923706055	1011.666687011719	794940.875	360.	1601.083374023438	35091.3984375	
28.01799964904785	845.9091186523438	768535.5625	272.7272644042969	1776.333374023438	34930.5	
29.23600006103516	700.3636474609375	775769.3125	325.0833435058594	1651.25	36585.80078125	
30.45400047302246	1027.909057617188	783798.25	300.	1542.75	35923.5	
31.67300033569336	827.6363525390625	800540.	266.6666564941406	1751.333374023438	36244.6015625	
32.89099884033203	1060.699951171875	802432.875	233.3333282470703	1609.5	35883.	
34.10900115966797	1011.666687011719	794063.125	375.	1667.833374023438	36324.3984375	
35.32699966430664	864.0908813476563	816068.	530.0999755859375	1684.666625976563	36234.	
36.54499816894531	944.888916015625	813453.75	600.272705078125	1851.5	36765.8984375	
37.76300048828125	1020.5	773583.5625	258.3333435058594	2352.083251953125	36796.30078125	
38.98099899291992	1022.777770996094	803494.6875	283.3333435058594	1793.083374023438	36836.8984375	
40.19900131225586	930.5999755859375	826067.5625	425.0833435058594	1609.5	36614.6015625	
41.41699981689453	1167.555541992188	838693.75	1431.300048828125	1434.25	36937.19921875	
42.63600158691406	820.5999755859375	825463.5625	955.272705078125	1501.083374023438	36244.	
43.85400009155273	772.9091186523438	797516.	254.5454559326172	1626.333374023438	37146.6015625	
45.07199859619141	882.1818237304688	809341.75	208.3333282470703	1801.25	36595.5	
46.29000091552734	800.4000244140625	776556.4375	433.5	1476.083374023438	36966.	
47.50799942016602	955.0908813476563	791690.25	208.4166717529297	1793.	36444.19921875	
48.72600173950195	940.5	811048.875	354.5454406738281	1876.5	36296.	
49.94400024414063	860.2999877929688	864380.4375	325.	1684.666625976563	36414.69921875	
51.1619987487793	516.9166870117188	788155.5625	381.8181762695313	2143.5	36726.30078125	
52.38000106811523	809.4545288085938	811672.875	330.1000061035156	2243.583251953125	34770.19921875	
53.59799957275391	673.0908813476563	793689.3125	263.6363525390625	1709.583374023438	36334.6015625	
54.81700134277344	789.2222290039063	814166.6875	291.6666564941406	1601.166625976563	35272.	
56.03499984741211	350.0833435058594	816100.9375	266.6666564941406	2318.75	35552.8984375	
57.25299835205078	1040.599975585938	788652.4375	236.3636322021484	1609.416625976563	35572.1015625	
58.47100067138672	1000.666687011719	820698.6875	309.0909118652344	1601.	35813.	
59.68899917602539	855.	795765.3125	281.9090881347656	1751.416625976563	36023.8984375	
60.90700149536133	782.0908813476563	806996.4375	391.75	1517.666625976563	36746.30078125	
62.125	745.8181762695313	823568.4375	275.	2101.75	35422.30078125	
63.34299850463867	960.4000244140625	800827.5625	275.	1384.166625976563	36615.19921875	
64.56099700927734	854.9091186523438	803740.875	260.	1501.166625976563	35050.8984375	
65.77899932861328	670.2000122070313	791808.875	227.2727203369141	1651.166625976563	35692.6015625	
66.99800109863281	466.75	803021.3125	354.5454406738281	1726.25	36023.3984375	
68.21600341796875	718.4545288085938	819038.25	275.	1375.916625976563	36294.69921875	
69.43399810791016	700.3636474609375	817699.125	318.1818237304688	1642.916625976563	36184.80078125	
70.65200042724609	880.4000244140625	838053.3125	266.6666564941406	1501.166625976563	36986.3984375	
71.87000274658203	1067.22216796875	815139.125	209.0909118652344	1559.416625976563	36686.	
73.08799743652344	682.0908813476563	824775.5625	366.75	1501.083374023438	36265.	
74.30599975585938	718.4545288085938	808801.3125	383.4166564941406	1542.833374023438	35753.	
75.52400207519531	1090.699951171875	796701.75	541.8333129882813	1384.25	36254.19921875	
76.74199676513672	845.	862576.	272.7272644042969	1501.	36584.80078125	
77.96099853515625	650.25	794355.5625	308.3333435058594	1484.333374023438	35591.80078125	
79.17900085449219	1145.333374023438	804493.75	291.6666564941406	1309.083374023438	36033.5	
80.39700317382813	711.4444580078125	830100.875	283.4166564941406	1826.5	37738.3984375	
81.61499786376953	800.3636474609375	830756.4375	308.4166564941406	1484.333374023438	36876.80078125	
82.83300018310547	980.5999755859375	822386.6875	191.6666717529297	1442.666625976563	35451.8984375	
84.05100250244141	920.4000244140625	825275.125	290.9090881347656	1651.166625976563	35712.19921875	
85.26899719238281	911.6666870117188	804340.4375	463.7272644042969	1367.583374023438	36123.80078125	
86.48699951171875	800.2999877929688	824423.6875	216.6666717529297	1751.333374023438	37528.69921875	
87.70500183105469	817.0833129882813	849747.125	381.8181762695313	1434.416625976563	35983.8984375	
88.92299652099609	1033.77783203125	879104.8125	250.	1642.75	37167.30078125	
90.14199829101563	860.5	827234.6875	236.3636322021484	1592.833374023438	36515.30078125	
91.36000061035156	692.	857723.5625	216.6666717529297	1617.916625976563	36083.69921875	
92.5780029296875	1200.699951171875	836496.4375	272.7272644042969	1693.	36405.6015625	
93.79599761962891	810.4000244140625	830508.	258.3333435058594	1559.5	34990.8984375	
95.01399993896484	950.5	887512.3125	209.1818237304688	1659.583374023438	34409.69921875	
96.23200225830078	842.0833129882813	825408.	200.	1751.25	34409.	
97.44999694824219	850.4000244140625	827188.	263.6363525390625	2068.333251953125	34448.8984375	
98.66799926757813	758.75	849006.25	209.0909118652344	1968.25	36274.6015625	
99.88600158691406	910.5999755859375	876039.125	225.	2529.818115234375	36676.	
101.1039962768555	1111.77783203125	885965.3125	372.7272644042969	1884.666625976563	35471.69921875	
102.322998046875	820.5	890872.4375	236.3636322021484	1751.333374023438	36856.69921875	
103.5410003662109	730.2999877929688	838260.875	275.	1868.083374023438	36725.8984375	
104.7590026855469	1000.444458007813	902230.6875	158.3333282470703	1818.	36585.5	
105.9769973754883	1045.	899465.3125	230.	1534.5	36344.69921875	
107.1949996948242	700.3636474609375	877896.	283.4166564941406	1751.416625976563	37879.8984375	
108.4130020141602	736.6363525390625	909532.875	272.7272644042969	1676.25	35954.1015625	
109.6309967041016	1089.444458007813	937973.9375	210.	1250.75	37819.19921875	
110.8489990234375	911.5555419921875	884533.5	708.8333129882813	1659.416625976563	36926.6015625	
112.0670013427734	1111.77783203125	872317.75	300.	2051.5	36585.	
113.286003112793	850.3333129882813	886243.125	283.3333435058594	1542.666625976563	35561.6015625	
114.5039978027344	882.272705078125	876439.125	300.	1859.75	36475.30078125	
115.7220001220703	666.9166870117188	880157.3125	250.	2593.75	37177.69921875	
116.9400024414063	1267.666625976563	897088.875	625.1666870117188	3286.5	37117.	
118.1579971313477	1428.181762695313	945283.125	800.4545288085938	3995.75	37328.	
119.3759994506836	1491.099975585938	979615.4375	864.0908813476563	7977.75	38230.	
120.5940017700195	4450.111328125	905466.25	1017.25	3954.	39314.5	
121.8119964599609	1911.400024414063	958612.	2220.181884765625	5222.33349609375	37829.6015625	
123.0299987792969	1618.	927304.4375	1275.666625976563	3995.5	37046.8984375	
124.2480010986328	1611.300048828125	970246.6875	1055.181762695313	4454.75	36785.3984375	
125.4670028686523	1847.	937445.125	1401.	4813.5	35903.69921875	
126.6849975585938	3634.5	926260.875	1055.181762695313	3620.333251953125	39003.1015625	
127.9029998779297	1210.800048828125	907847.5625	925.6666870117188	27466.77734375	42118.80078125	
129.1210021972656	1109.166625976563	952315.5625	800.3333129882813	2861.	37417.69921875	
130.3390045166016	3069.888916015625	924681.75	550.0833129882813	2810.833251953125	36214.30078125	
131.5570068359375	1146.181762695313	914885.25	1067.5	2710.75	37457.8984375	
132.7749938964844	1260.699951171875	922777.25	683.5833129882813	3420.666748046875	36143.30078125	
133.9929962158203	3083.300048828125	913602.	17460.091796875	2285.25	36368.33203125	
135.2109985351563	1289.666625976563	934088.875	466.6666564941406	2285.25	37216.3984375	
136.4290008544922	1411.099975585938	939812.	625.25	3403.416748046875	36394.5	
137.6479949951172	909.5454711914063	897673.75	491.8333435058594	1709.5	38270.80078125	
138.8659973144531	1180.599975585938	973381.125	308.4166564941406	3086.333251953125	36495.	
140.0839996337891	1090.699951171875	898847.125	258.3333435058594	1993.25	35502.	
141.302001953125	930.5	918238.25	381.8181762695313	1893.25	37228.1015625	
142.5200042724609	930.5	904631.5625	225.	1801.333374023438	36866.80078125	
143.7380065917969	1164.363647460938	894446.25	410.	2894.416748046875	37237.	
144.9559936523438	1310.800048828125	1000730.	250.	2569.	37799.19921875	
146.1739959716797	1246.272705078125	917048.875	408.4166564941406	3278.166748046875	37889.5	
147.3919982910156	925.8333129882813	922800.875	266.6666564941406	5231.08349609375	39123.	
148.6100006103516	1246.272705078125	933396.875	381.8181762695313	4159.27294921875	37086.8984375	
149.8289947509766	1250.800048828125	975717.75	450.0833435058594	10136.75	36826.3984375	
151.0469970703125	1611.300048828125	926901.4375	358.5	3386.5	36083.3984375	
152.2649993896484	1080.599975585938	963644.875	64720.4375	3478.25	37748.80078125	
153.4830017089844	2377.666748046875	977521.8125	300.0833435058594	2852.583251953125	37619.6015625	
154.7010040283203	1323.111083984375	959191.625	400.0833435058594	3428.25	37147.80078125	
155.9190063476563	982.3636474609375	976505.75	13436.5	5015.33349609375	37568.5	
157.1369934082031	950.5	951570.25	354.6363525390625	3478.583251953125	37508.3984375	
158.3549957275391	1178.555541992188	977207.125	283.3333435058594	2769.25	34951.	
159.572998046875	709.3636474609375	1006926.375	254.5454559326172	6988.08349609375	36586.30078125	
160.7920074462891	900.5	971626.6875	608.75	2610.5	37307.69921875	
162.0099945068359	1918.833374023438	943422.25	934.0833129882813	1784.583374023438	37658.5	
163.2279968261719	1030.599975585938	942757.3125	275.	2569.	36725.3984375	
164.4459991455078	1490.111083984375	908794.6875	308.4166564941406	2109.916748046875	36705.69921875	
165.6640014648438	1036.909057617188	914643.125	275.	2260.166748046875	35863.19921875	
166.8820037841797	1234.111083984375	942984.875	308.3333435058594	4414.08349609375	36505.19921875	
168.1000061035156	880.4000244140625	913895.125	309.0909118652344	2285.25	36535.19921875	
169.3179931640625	1590.111083984375	909621.3125	200.	3044.5	37027.30078125	
170.5359954833984	1037.	913266.6875	316.75	1834.5	37358.19921875	
171.7539978027344	1100.699951171875	936587.5625	308.3333435058594	2201.666748046875	37397.1015625	
172.9730072021484	1060.5	890048.	333.3333435058594	1667.916625976563	37076.3984375	
174.1909942626953	791.272705078125	864567.125	266.6666564941406	1676.25	37306.6015625	
175.4089965820313	1346.363647460938	885456.4375	309.0909118652344	2352.	37748.	
176.6269989013672	950.4000244140625	861681.75	245.4545440673828	2034.916625976563	37819.1015625	
177.8450012207031	990.5	929865.6875	309.1818237304688	1868.166625976563	36495.3984375	
179.0630035400391	1211.888916015625	847613.8125	391.75	1592.916625976563	37207.69921875	
180.281005859375	825.3333129882813	854140.875	208.3333282470703	1667.916625976563	37096.69921875	
181.4989929199219	733.5833129882813	849441.3125	283.3333435058594	1901.5	35963.8984375	
182.7169952392578	978.2222290039063	858066.6875	191.6666717529297	1809.75	36775.80078125	
183.9349975585938	910.5999755859375	854087.5625	341.8333435058594	2218.583251953125	35301.1015625	
185.1540069580078	1218.909057617188	865566.25	241.6666717529297	2251.833251953125	38059.80078125	
186.3719940185547	970.5999755859375	883420.875	250.	2018.25	37406.80078125	
187.5899963378906	1309.818237304688	885654.6875	375.0833435058594	5984.66650390625	37076.80078125	
188.8079986572266	1100.833374023438	911996.	275.	2652.333251953125	37388.5	
190.0260009765625	970.5	932516.875	263.6363525390625	2301.916748046875	36865.5	
191.2440032958984	1311.888916015625	939595.5625	318.2727355957031	2101.833251953125	38099.69921875	
192.4620056152344	1090.599975585938	921361.8125	241.6666717529297	2477.083251953125	37045.69921875	
193.6799926757813	858.8333129882813	922176.	358.4166564941406	3453.333251953125	37137.1015625	
194.8979949951172	1090.5	925806.6875	400.	5699.91650390625	37297.3984375	
196.1170043945313	408.4166564941406	952973.125	372.8181762695313	2435.416748046875	36734.8984375	
197.3350067138672	1045.111083984375	930684.	258.3333435058594	2151.916748046875	36695.30078125	
198.5529937744141	1110.5	966786.25	291.6666564941406	2685.666748046875	38410.3984375	
199.77099609375	980.5	952538.6875	308.4166564941406	118477.5859375	36103.6015625	
200.9889984130859	1100.599975585938	910476.4375	341.6666564941406	1834.916625976563	36093.80078125	
202.2070007324219	700.3636474609375	900286.25	3184.89990234375	2393.666748046875	35992.80078125	
203.4250030517578	930.4000244140625	924227.625	290.9090881347656	2385.416748046875	35592.69921875	
204.6430053710938	878.2222290039063	888245.3125	391.6666564941406	2385.5	35451.5	
205.8609924316406	1030.599975585938	922907.125	233.3333282470703	2677.416748046875	36394.19921875	
207.0789947509766	1020.5	900544.4375	308.3333435058594	2644.25	36364.8984375	
208.2980041503906	1470.900024414063	948854.1875	345.4545593261719	4121.58349609375	35933.6015625	
209.5160064697266	1133.888916015625	901367.5625	183.3333282470703	3395.	36203.6015625	
210.7339935302734	1300.909057617188	909386.25	341.6666564941406	3136.333251953125	35271.6015625	
211.9519958496094	1083.916625976563	924929.75	200.	3336.916748046875	37327.1015625	
213.1699981689453	942.25	877632.4375	218.1818237304688	3378.583251953125	36695.8984375	
214.3880004882813	1319.	961040.6875	250.	2544.083251953125	37427.1015625	
215.6060028076172	1160.699951171875	905913.75	310.	2168.333251953125	37487.80078125	
216.8240051269531	917.1666870117188	885898.25	275.0833435058594	2468.916748046875	36303.3984375	
218.0420074462891	558.6666870117188	916995.125	400.0833435058594	1701.25	36064.	
219.2599945068359	1056.22216796875	901970.6875	381.9090881347656	2068.25	37157.19921875	
220.47900390625	918.6363525390625	936181.3125	375.	1717.916625976563	36575.69921875	
221.6970062255859	950.5	952002.625	290.	4764.5	36304.30078125	
222.9149932861328	754.9091186523438	916308.875	258.3333435058594	5016.66650390625	36675.3984375	
224.1329956054688	666.9166870117188	951244.4375	281.8181762695313	2418.833251953125	37057.	
225.3509979248047	840.4000244140625	950733.75	241.6666717529297	2076.666748046875	35692.8984375	
226.5690002441406	1040.5	933576.	275.	1525.916625976563	37969.	
227.7870025634766	736.727294921875	923031.5625	266.6666564941406	2677.583251953125	36394.30078125	
229.0050048828125	818.5454711914063	916137.75	241.6666717529297	2009.833374023438	37478.1015625	
230.2230072021484	830.2999877929688	945676.	291.6666564941406	2861.	37267.1015625	
231.4420013427734	900.5454711914063	937467.5625	291.	1884.833374023438	36705.	
232.6600036621094	1134.	908281.75	291.6666564941406	2352.166748046875	36194.30078125	
233.8780059814453	754.727294921875	905387.625	290.9090881347656	2310.416748046875	37327.8984375	
235.0959930419922	860.5	911394.125	250.	2310.333251953125	36936.69921875	
236.3139953613281	1070.699951171875	921080.75	281.9090881347656	1968.25	36303.69921875	
237.5319976806641	910.5	914975.5625	327.3636474609375	2986.083251953125	36524.8984375	
238.75	1122.77783203125	932250.6875	316.6666564941406	3988.25	36855.6015625	
239.9680023193359	960.7999877929688	920080.0625	375.	6734.66650390625	37939.80078125	
241.1860046386719	1300.888916015625	892597.75	336.3636474609375	2293.583251953125	38862.5	
242.4040069580078	1145.111083984375	928788.4375	309.0909118652344	2310.333251953125	37618.	
243.6230010986328	1178.666625976563	924790.6875	466.8333435058594	2969.666748046875	37177.6015625	
244.8410034179688	68492.7421875	899544.	363.7272644042969	2168.583251953125	36193.6015625	
246.0590057373047	950.2999877929688	940795.5625	658.5	2009.833374023438	36816.19921875	
247.2769927978516	500.4166564941406	898523.125	354.5454406738281	1993.25	34990.5	
248.4949951171875	756.	913865.75	458.5	7717.16650390625	36364.69921875	
249.7129974365234	733.5833129882813	894297.3125	191.6666717529297	2468.833251953125	37076.19921875	
250.9309997558594	1011.666687011719	920221.3125	250.	2176.916748046875	39345.6015625	
252.1490020751953	1010.599975585938	891376.875	250.	2085.083251953125	37258.19921875	
253.3670043945313	920.7000122070313	917793.75	336.3636474609375	1901.5	36845.8984375	
254.5850067138672	1310.800048828125	924512.875	309.1818237304688	1726.416625976563	36555.	
255.8040008544922	882.1818237304688	889180.875	266.6666564941406	2711.083251953125	36143.80078125	
257.0220031738281	870.5999755859375	912475.5625	308.3333435058594	4231.25	36656.30078125	
258.239990234375	1050.699951171875	925221.3125	225.	1642.916625976563	37789.	
259.4580078125	400.0833435058594	903291.5625	309.0909118652344	1701.25	36294.3984375	
260.6759948730469	855.	875896.4375	291.6666564941406	1509.5	35712.5	
261.8940124511719	1200.800048828125	918607.4375	245.4545440673828	1834.916625976563	37035.8984375	
263.1119995117188	870.5	905434.25	236.3636322021484	1434.25	35302.	
264.3299865722656	1046.	914179.125	333.3333435058594	1893.166625976563	35201.1015625	
265.5480041503906	940.5	888344.	191.6666717529297	1684.583374023438	37487.69921875	
266.7669982910156	990.5999755859375	943456.875	318.1818237304688	3504.25	37167.1015625	
267.9849853515625	1511.099975585938	964649.75	272.7272644042969	1693.083374023438	39052.19921875	
269.2030029296875	1300.888916015625	988009.75	316.6666564941406	1584.416625976563	37006.8984375	
270.4209899902344	1000.599975585938	1057159.875	316.6666564941406	1584.416625976563	35672.80078125	
271.6390075683594	1030.599975585938	990409.3125	283.3333435058594	1609.5	35672.	
272.8569946289063	844.888916015625	993033.75	218.1818237304688	4348.08349609375	36765.69921875	
274.0750122070313	950.5999755859375	960142.25	308.3333435058594	1759.666625976563	35772.80078125	
275.2929992675781	1245.111083984375	975435.5625	300.0909118652344	1692.916625976563	37237.	
276.510986328125	900.4000244140625	954766.25	325.	1676.25	36434.	
277.72900390625	1140.699951171875	942200.	258.4166564941406	1784.583374023438	37407.69921875	
278.947998046875	900.5999755859375	928269.75	391.6666564941406	1451.083374023438	38581.80078125	
280.1659851074219	1070.699951171875	887598.25	250.	1451.083374023438	35863.30078125	
281.3840026855469	910.5999755859375	890091.5625	436.4545593261719	1626.083374023438	37869.30078125	
282.6019897460938	950.4000244140625	918976.375	309.0909118652344	3913.666748046875	36153.8984375	
283.8200073242188	375.0833435058594	890360.875	250.	1534.416625976563	36665.8984375	
285.0379943847656	1070.599975585938	893517.3125	281.8181762695313	1442.583374023438	35962.3984375	
286.2560119628906	1022.888916015625	896968.875	358.3333435058594	1676.25	35833.30078125	
287.4739990234375	672.8181762695313	903459.4375	308.3333435058594	1376.	37728.69921875	
288.6919860839844	827.8181762695313	868943.875	225.	1451.083374023438	36374.8984375	
289.9100036621094	960.5	875791.125	330.	3746.666748046875	37438.	
291.1289978027344	1020.400024414063	833929.3125	216.6666717529297	1651.166625976563	36515.19921875	
292.3469848632813	1110.599975585938	875748.	316.6666564941406	1350.916625976563	36484.19921875	
293.5650024414063	873.1818237304688	848012.875	275.	1367.5	35962.69921875	
294.7829895019531	940.5	817942.25	166.6666717529297	1384.25	36615.80078125	
296.0010070800781	880.4000244140625	840553.3125	318.1818237304688	1534.333374023438	35953.80078125	
297.218994140625	878.111083984375	853928.625	272.7272644042969	1626.25	36013.8984375	
298.43701171875	873.1818237304688	854623.125	283.3333435058594	1559.5	37467.3984375	
299.6549987792969	416.75	864996.4375	183.3333282470703	1609.583374023438	35943.6015625	
300.8729858398438	763.9091186523438	870022.25	241.6666717529297	1392.583374023438	36705.5	
302.0920104980469	827.6363525390625	853560.4375	266.6666564941406	1693.	37358.	
303.3099975585938	867.2222290039063	843339.5625	172.7272796630859	1584.5	35642.19921875	
304.5280151367188	850.3333129882813	845886.25	350.	1734.75	36304.6015625	
305.7460021972656	1100.555541992188	868668.875	263.6363525390625	1668.	35862.19921875	
306.9639892578125	1100.699951171875	865509.125	158.3333282470703	1701.166625976563	35692.5	
308.1820068359375	1000.666687011719	863284.4375	366.75	1451.	36887.1015625	
309.3999938964844	882.272705078125	845659.5625	254.5454559326172	1634.666625976563	37628.30078125	
310.6180114746094	1150.699951171875	822235.125	308.3333435058594	1350.916625976563	35903.1015625	
311.8359985351563	864.	815744.875	218.1818237304688	1701.25	36534.6015625	
313.0539855957031	900.4545288085938	812949.3125	320.	1767.916625976563	37287.6015625	
314.2730102539063	1150.599975585938	820893.75	272.7272644042969	1784.666625976563	36273.30078125	
315.4909973144531	1000.599975585938	817913.3125	310.	1592.833374023438	37157.30078125	
316.7090148925781	930.5	815164.875	191.6666717529297	1609.416625976563	35272.	
317.927001953125	900.4000244140625	824143.5625	236.3636322021484	4749.25	36243.8984375	
319.1449890136719	2547.	837975.125	316.75	1559.5	38410.69921875	
320.3630065917969	1010.400024414063	853512.	241.6666717529297	1626.083374023438	37347.	
321.5809936523438	1110.699951171875	820313.75	136.3636322021484	1642.916625976563	36204.30078125	
322.7990112304688	1000.555541992188	832892.	241.6666717529297	1784.583374023438	36574.6015625	
324.0169982910156	990.5	825960.4375	266.6666564941406	1459.333374023438	36203.69921875	
325.2349853515625	1133.888916015625	851856.375	225.	1492.833374023438	35351.19921875	
326.4540100097656	840.5	813982.25	233.3333282470703	1676.166625976563	36484.69921875	
327.6719970703125	930.5	803038.25	270.	1359.166625976563	35803.1015625	
328.8900146484375	973.272705078125	806586.25	308.3333435058594	1609.666625976563	36896.5	
330.1080017089844	811.5555419921875	821997.75	209.0909118652344	1701.166625976563	35331.30078125	
331.3259887695313	918.6363525390625	809449.3125	150.	1409.25	36987.1015625	
332.5440063476563	860.4000244140625	811216.875	254.5454559326172	1409.166625976563	37387.30078125	
333.7619934082031	727.5454711914063	832838.6875	175.	1475.916625976563	37246.5	
334.9800109863281	817.0833129882813	816911.125	181.8181762695313	1250.916625976563	36153.8984375	
336.197998046875	900.4545288085938	821564.875	263.7272644042969	1384.25	35692.19921875	
337.4159851074219	891.272705078125	824556.	183.3333282470703	1342.75	35882.6015625	
338.635009765625	820.2999877929688	815818.6875	158.3333282470703	1692.916625976563	37006.69921875	
339.8529968261719	945.	815020.4375	175.	1492.666625976563	35582.80078125	
341.0710144042969	1040.599975585938	796117.3125	316.6666564941406	1534.5	34909.80078125	
342.2890014648438	900.4000244140625	817648.4375	141.6666717529297	1601.25	36735.6015625	
343.5069885253906	973.272705078125	778918.6875	191.6666717529297	1425.916625976563	36776.30078125	
344.7250061035156	900.272705078125	813016.4375	266.6666564941406	1567.833374023438	37056.5	
345.9429931640625	760.2999877929688	806783.125	283.3333435058594	1376.083374023438	35703.	
347.1610107421875	1056.111083984375	793196.	209.0909118652344	1384.25	36876.69921875	
348.3789978027344	600.0833129882813	806144.875	166.6666717529297	1400.916625976563	35351.1015625	
349.5979919433594	830.2999877929688	820192.4375	200.	1342.5	36736.5	
350.8160095214844	870.5	818126.25	250.	1325.833374023438	36825.19921875	
352.0339965820313	890.4000244140625	817393.3125	191.6666717529297	1434.25	35942.6015625	
353.2520141601563	818.5454711914063	806463.5625	272.7272644042969	1459.333374023438	35702.6015625	
354.4700012207031	850.4000244140625	804164.4375	308.4166564941406	1943.333374023438	36314.6015625	
355.68798828125	850.2999877929688	797746.6875	218.1818237304688	1592.833374023438	35813.	
356.906005859375	863.9091186523438	788589.3125	291.75	1301.	37828.19921875	
358.1239929199219	682.	783932.875	254.6363677978516	1601.166625976563	36826.30078125	
359.3420104980469	880.5	787844.4375	263.6363525390625	1367.583374023438	36003.30078125	
360.5599975585938	820.4000244140625	795224.4375	263.6363525390625	1676.25	36665.8984375	
361.7789916992188	650.3333129882813	802739.125	200.	1542.833374023438	35712.80078125	
362.9970092773438	850.4000244140625	818868.	283.3333435058594	1409.25	36785.6015625	
364.2149963378906	673.	796107.125	245.4545440673828	1709.75	36815.8984375	
365.4330139160156	836.727294921875	796601.3125	183.3333282470703	1434.166625976563	36104.30078125	
366.6510009765625	967.111083984375	820960.	263.6363525390625	1434.5	35873.80078125	
367.8689880371094	900.4166870117188	814000.	225.	1367.5	35812.3984375	
369.0870056152344	900.4545288085938	803650.25	190.9090881347656	1526.083374023438	36674.8984375	
370.3049926757813	1080.5	814564.4375	209.0909118652344	1559.416625976563	35562.3984375	
371.5230102539063	956.	818311.5625	290.9090881347656	1459.5	37177.19921875	
372.7409973144531	1000.545471191406	810511.125	141.6666717529297	1334.416625976563	35270.69921875	
373.9599914550781	1323.111083984375	797535.5625	210.	1484.5	35401.1015625	
375.1780090332031	864.1818237304688	800718.25	241.6666717529297	1534.416625976563	39220.58203125	
376.39599609375	810.5999755859375	808526.25	300.	1667.916625976563	36314.19921875	
377.614013671875	767.	802088.875	180.	1634.5	37147.1015625	
378.8320007324219	770.4000244140625	796554.25	1167.555541992188	4916.91650390625	36635.80078125	
380.0499877929688	842.25	779580.4375	5639.33349609375	1926.5	35833.69921875	
381.2680053710938	933.75	775153.3125	333.4166564941406	9824.7275390625	35532.3984375	
382.4859924316406	1020.700012207031	778179.5625	575.3333129882813	14456.9169921875	34809.5	
383.7040100097656	775.25	783783.5625	330.	2143.583251953125	37147.3984375	
384.9230041503906	1264.45458984375	784817.75	258.3333435058594	2393.75	35703.6015625	
386.1409912109375	650.3333129882813	804807.5625	270.	2510.583251953125	35772.	
387.3590087890625	980.5	800466.25	227.2727203369141	1517.75	36997.	
388.5769958496094	692.	822112.	420.2000122070313	2502.5	35430.69921875	
389.7950134277344	1245.333374023438	805177.75	275.	1751.416625976563	35793.19921875	
391.0130004882813	890.2999877929688	795715.5625	275.0833435058594	1459.25	35963.8984375	
392.2309875488281	1046.181762695313	791239.5625	254.5454559326172	2043.333374023438	37117.80078125	
393.4490051269531	910.4000244140625	781836.	236.3636322021484	1734.583374023438	35683.19921875	
394.6669921875	640.2000122070313	784378.25	341.75	1901.5	34720.30078125	
395.885009765625	1735.25	784179.125	416.75	1626.25	35772.69921875	
397.10400390625	889.3333129882813	814405.3125	491.	2235.166748046875	35662.69921875	
398.3219909667969	1033.888916015625	790666.6875	550.25	2744.333251953125	37327.69921875	
399.5400085449219	1130.699951171875	799853.3125	570.2000122070313	1709.583374023438	35059.80078125	
400.7579956054688	1200.666625976563	796270.6875	7393.0908203125	2235.25	35802.80078125	
401.9760131835938	1270.900024414063	811838.25	316.6666564941406	3578.583251953125	37839.69921875	
403.1940002441406	1167.416625976563	796383.125	1392.181762695313	5257.58349609375	39494.	
404.4119873046875	1430.800048828125	821028.875	690.2999877929688	24185.990234375	38009.69921875	
405.6300048828125	1309.25	805015.125	391.	34308.81640625	40371.69921875	
406.8479919433594	917.25	805403.125	333.3333435058594	39471.2109375	64095.8515625	
408.0660095214844	970.4000244140625	815071.125	4250.25	1918.25	45973.19921875	
409.2850036621094	1456.555541992188	793836.	5304.41650390625	3879.25	35190.30078125	
410.5029907226563	940.5	792596.875	300.	4648.41650390625	36044.19921875	
411.7210083007813	860.2999877929688	830185.3125	300.0833435058594	1976.583374023438	37026.1015625	
412.9389953613281	1027.818237304688	818173.3125	350.1666564941406	5150.08349609375	37599.	
414.1570129394531	1834.888916015625	804530.25	280.	5039.83349609375	36865.5	
415.375	1075.75	810688.875	191.6666717529297	1642.833374023438	36535.	
416.5929870605469	882.3636474609375	811009.3125	308.3333435058594	1451.	36805.69921875	
417.8110046386719	754.9091186523438	817550.6875	200.	2402.25	36254.80078125	
419.0289916992188	1831.599975585938	814554.6875	316.75	1834.75	37729.1015625	
420.2479858398438	1022.888916015625	809532.4375	191.6666717529297	1309.166625976563	36355.	
421.4660034179688	878.4444580078125	819417.3125	200.	1492.666625976563	37267.5	
422.6839904785156	791.3636474609375	810247.125	330.	1576.083374023438	36263.3984375	
423.9020080566406	1234.111083984375	800499.125	227.2727203369141	1592.833374023438	35963.30078125	
425.1199951171875	1000.5	777579.125	233.3333282470703	1876.416625976563	36335.1015625	
426.3380126953125	927.8181762695313	799430.6875	400.0909118652344	1868.083374023438	35863.80078125	
427.5559997558594	636.5454711914063	770586.6875	430.2000122070313	1851.416625976563	36243.69921875	
428.7739868164063	1078.444458007813	791296.875	245.4545440673828	1884.75	34268.19921875	
429.9920043945313	989.4444580078125	783007.5625	200.	1993.166625976563	36033.69921875	
431.2099914550781	1060.699951171875	803603.5	272.7272644042969	155120.296875	37086.5	
432.4289855957031	950.5999755859375	776108.	218.1818237304688	1693.083374023438	35983.3984375	
433.6470031738281	1060.599975585938	827803.5625	333.3333435058594	10459.9169921875	36776.19921875	
434.864990234375	1010.700012207031	792682.25	241.6666717529297	4488.181640625	36464.	
436.0830078125	900.4000244140625	803884.875	183.3333282470703	2343.833251953125	35803.3984375	
437.3009948730469	880.4000244140625	785014.25	208.3333282470703	1384.166625976563	36495.19921875	
438.5190124511719	955.	783921.75	133.3333282470703	1784.75	35241.1015625	
439.7369995117188	827.727294921875	787997.75	225.	1768.	37206.69921875	
440.9549865722656	900.4000244140625	807698.6875	236.3636322021484	1542.833374023438	35381.6015625	
442.1730041503906	936.9091186523438	793767.5625	316.6666564941406	1918.083374023438	36184.5	
443.3909912109375	825.4166870117188	784242.25	263.6363525390625	2051.666748046875	36243.69921875	
444.6099853515625	1123.	815885.3125	250.	1517.666625976563	35491.6015625	
445.8280029296875	940.5	803021.3125	209.0909118652344	1651.166625976563	34909.8984375	
447.0459899902344	827.5454711914063	796479.125	345.5454406738281	1434.25	35090.1015625	
448.2640075683594	910.4000244140625	802970.25	233.3333282470703	1517.75	36023.1015625	
449.4819946289063	780.4000244140625	799420.4375	230.	2034.916625976563	35954.	
450.7000122070313	1020.400024414063	813963.125	191.6666717529297	2602.45458984375	35663.	
451.9179992675781	1078.333374023438	785858.25	272.7272644042969	1818.166625976563	37186.69921875	
453.135986328125	2079.666748046875	796485.75	266.6666564941406	1567.75	35341.1015625	
454.35400390625	850.3333129882813	802153.3125	233.4166717529297	1717.916625976563	38672.	
455.572998046875	818.5454711914063	794364.	183.3333282470703	1559.5	36545.1015625	
456.7909851074219	818.5454711914063	799589.75	250.	3877.636474609375	36223.80078125	
458.0090026855469	630.2999877929688	808724.4375	241.6666717529297	2277.083251953125	36123.5	
459.2269897460938	945.	799228.875	225.	5685.25	34891.1015625	
460.4450073242188	833.6666870117188	781299.5625	225.	4005.5	36233.8984375	
461.6629943847656	978.2222290039063	785311.125	370.	1976.75	36064.19921875	
462.8810119628906	1083.916625976563	813991.125	141.6666717529297	2318.666748046875	36905.80078125	
464.0989990234375	1289.666625976563	802420.	175.	1734.583374023438	36414.5	
465.3169860839844	910.4000244140625	822069.3125	308.3333435058594	1759.666625976563	37097.19921875	
466.5350036621094	836.727294921875	819892.	327.2727355957031	2911.666748046875	37367.5	
467.7539978027344	2562.25	818597.75	190.9090881347656	1859.833374023438	35723.	
468.9719848632813	750.4000244140625	809277.75	372.7272644042969	1884.75	35922.6015625	
470.1900024414063	2502.666748046875	830057.3125	225.	1542.75	37308.30078125	
471.4079895019531	716.9166870117188	856461.375	200.	1809.666625976563	36796.6015625	
472.6260070800781	900.5999755859375	828948.	430.1000061035156	1300.916625976563	35282.1015625	
473.843994140625	900.5	830970.25	308.3333435058594	1542.833374023438	36103.5	
475.06201171875	911.5555419921875	827833.75	254.5454559326172	1718.083374023438	36846.5	
476.2799987792969	2165.727294921875	805328.4375	133.3333282470703	1826.416625976563	37027.3984375	
477.4979858398438	900.4000244140625	804546.25	300.	2118.5	36786.5	
478.7160034179688	1022.666687011719	842734.6875	308.3333435058594	1476.083374023438	35633.6015625	
479.9349975585938	920.5	833129.75	208.3333282470703	1350.916625976563	96360.109375	
481.1530151367188	860.4000244140625	824599.5625	209.0909118652344	1968.333374023438	36434.6015625	
482.3710021972656	900.3333129882813	833280.875	233.3333282470703	1743.166625976563	36585.1015625	
483.5889892578125	890.4000244140625	830461.75	283.3333435058594	1901.416625976563	37166.80078125	
484.8070068359375	920.2999877929688	815145.3125	254.5454559326172	1509.416625976563	37257.1015625	
486.0249938964844	900.4444580078125	832132.4375	266.6666564941406	1467.75	36183.5	
487.2430114746094	1080.599975585938	821840.4375	208.4166717529297	1542.75	36534.3984375	
488.4609985351563	1090.599975585938	813481.75	183.3333282470703	1726.25	37026.80078125	
489.6789855957031	1234.111083984375	824950.25	191.6666717529297	1392.666625976563	36886.3984375	
490.8980102539063	845.727294921875	823848.875	200.	1526.083374023438	35963.19921875	
492.1159973144531	978.2222290039063	830757.3125	316.75	1309.166625976563	36384.30078125	
493.3340148925781	789.111083984375	836977.75	158.3333282470703	1317.583374023438	38110.80078125	
494.552001953125	930.5999755859375	851771.5625	281.8181762695313	1476.083374023438	37317.3984375	
495.7699890136719	754.9091186523438	845327.5625	381.9090881347656	1459.333374023438	37688.80078125	
496.9880065917969	936.9091186523438	824010.25	358.3333435058594	1284.166625976563	36505.1015625	
498.2059936523438	927.727294921875	843026.25	300.	1484.333374023438	36735.30078125	
499.4240112304688	909.5454711914063	844112.	283.3333435058594	1417.5	35622.	
500.6419982910156	791.1818237304688	846637.3125	345.4545593261719	1484.25	36906.3984375	
501.8599853515625	930.5999755859375	843693.75	166.6666717529297	1467.666625976563	37207.3984375	
503.0790100097656	967.2222290039063	844988.4375	241.6666717529297	1292.5	35963.	
504.2969970703125	1056.111083984375	840706.25	236.3636322021484	1359.333374023438	37016.1015625	
505.5150146484375	840.4000244140625	828712.	254.5454559326172	1684.583374023438	36545.5	
506.7330017089844	870.5	830490.6875	318.1818237304688	1350.75	36555.6015625	
507.9509887695313	890.5	801229.75	208.3333282470703	1526.	37427.80078125	
509.1690063476563	833.5833129882813	839581.75	208.3333282470703	1342.583374023438	36775.5	
510.3869934082031	989.5555419921875	857412.875	227.2727203369141	1726.166625976563	37257.6015625	
511.6050109863281	1022.888916015625	828776.4375	525.25	1384.166625976563	36565.5	
512.822998046875	775.3333129882813	833756.4375	272.7272644042969	1492.583374023438	36314.3984375	
514.041015625	911.5555419921875	783755.125	225.	1451.083374023438	37669.	
515.260009765625	990.5	772213.3125	218.1818237304688	3646.166748046875	36816.19921875	
516.47802734375	700.4166870117188	811008.	230.	1292.583374023438	35090.69921875	
517.6959838867188	375.	810144.4375	291.75	1309.083374023438	36444.69921875	
518.9140014648438	763.9091186523438	814382.6875	175.	2026.75	35070.1015625	
520.1320190429688	956.111083984375	821588.875	183.3333282470703	2660.916748046875	36063.30078125	
521.3499755859375	736.6363525390625	816172.875	233.3333282470703	1592.916625976563	36846.3984375	
522.5679931640625	930.5	816460.	200.	1843.083374023438	35171.19921875	
523.7860107421875	891.3636474609375	814987.5625	163.6363677978516	1417.666625976563	35531.80078125	
525.0040283203125	730.2000122070313	841101.75	200.	1693.	37025.5	
526.2219848632813	970.5	816573.3125	233.3333282470703	1225.75	35773.5	
527.4409790039063	870.5	792781.75	190.	1534.416625976563	35983.80078125	
528.6589965820313	933.888916015625	800151.5625	254.5454559326172	1567.916625976563	35001.1015625	
529.8770141601563	760.2999877929688	791768.4375	166.6666717529297	1467.75	36334.1015625	
531.094970703125	942.0833129882813	794463.5625	145.4545440673828	3345.916748046875	35732.19921875	
532.31298828125	1020.5	791883.125	372.8181762695313	1459.416625976563	35472.30078125	
533.531005859375	730.2999877929688	791135.5625	245.4545440673828	1559.5	36625.30078125	
534.7490234375	764.	807819.5625	175.	1417.666625976563	36113.80078125	
535.9669799804688	822.6666870117188	800482.6875	216.6666717529297	1701.166625976563	36956.	
537.1849975585938	822.6666870117188	805173.3125	250.	80543.5703125	34950.30078125	
538.4039916992188	800.1818237304688	796459.125	258.3333435058594	1351.	35712.3984375	
539.6220092773438	800.2999877929688	833711.5625	300.	1392.416625976563	36976.3984375	
540.8400268554688	1018.636352539063	794192.4375	327.2727355957031	1601.25	35311.3984375	
542.0579833984375	960.5999755859375	808307.125	233.3333282470703	1601.25	36816.1015625	
543.2760009765625	800.4444580078125	815619.125	400.	1275.833374023438	35843.8984375	
544.4940185546875	1034.	811228.4375	220.	1484.5	34258.3984375	
545.7119750976563	990.7000122070313	811000.4375	166.6666717529297	1484.416625976563	35261.69921875	
546.9299926757813	818.4545288085938	830185.3125	258.3333435058594	1659.666625976563	35110.5	
548.1480102539063	1045.111083984375	814883.125	209.0909118652344	1617.833374023438	37589.	
549.3660278320313	745.727294921875	817443.125	310.	1134.	35792.30078125	
550.5850219726563	910.5	827707.5625	227.2727203369141	1409.416625976563	35090.69921875	
551.802978515625	591.0908813476563	822467.5625	209.0909118652344	1534.416625976563	37246.69921875	
553.02099609375	860.4000244140625	824123.125	327.2727355957031	1376.	36255.1015625	
554.239013671875	658.5	821408.	241.6666717529297	1309.083374023438	35521.80078125	
555.4569702148438	600.1666870117188	821099.125	227.2727203369141	1392.666625976563	36004.	
556.6749877929688	900.4000244140625	818694.25	220.	1868.25	36806.	
557.8930053710938	1145.22216796875	809481.75	233.3333282470703	1509.416625976563	37037.1015625	
559.1110229492188	1145.111083984375	806354.25	191.6666717529297	1334.166625976563	36153.30078125	
560.3289794921875	860.4000244140625	817950.6875	1134.444458007813	1426.083374023438	36113.6015625	
561.5469970703125	1011.777770996094	807465.3125	263.6363525390625	1843.25	35231.1015625	
562.7659912109375	830.4000244140625	795668.	225.	1434.416625976563	34277.8984375	
563.9840087890625	910.4000244140625	804166.6875	233.3333282470703	1517.75	37296.1015625	
565.2020263671875	883.6666870117188	806371.125	236.3636322021484	3454.	36766.30078125	
566.4199829101563	891.4545288085938	819739.125	263.6363525390625	1759.666625976563	36053.30078125	
567.6380004882813	1092.416625976563	801710.6875	241.6666717529297	1976.583374023438	36936.69921875	
568.8560180664063	792.	816464.	1321.300048828125	2619.333251953125	35993.1015625	
570.073974609375	1060.599975585938	790325.75	275.	1542.666625976563	36445.3984375	
571.2919921875	810.4000244140625	792540.	290.	3846.833251953125	35692.5	
572.510009765625	946.	813642.25	316.6666564941406	1484.25	36073.1015625	
573.72900390625	744.888916015625	816443.125	283.4166564941406	2394.166748046875	35551.80078125	
574.947021484375	1134.	817436.	358.3333435058594	1876.416625976563	35933.69921875	
576.1649780273438	850.2999877929688	797393.3125	291.	1918.25	36344.5	
577.3829956054688	641.8333129882813	805558.25	272.7272644042969	1743.083374023438	36806.19921875	
578.6010131835938	870.4000244140625	793306.25	281.9090881347656	1659.5	36123.1015625	
579.8189697265625	790.2000122070313	788286.6875	300.	1576.166625976563	36484.8984375	
581.0369873046875	960.5	800352.4375	391.8333435058594	1601.166625976563	36374.30078125	
582.2550048828125	1078.444458007813	798996.4375	272.7272644042969	2001.583374023438	34909.8984375	
583.4730224609375	911.6666870117188	816270.25	183.3333282470703	1617.75	35181.19921875	
584.6909790039063	809.3636474609375	805342.25	316.6666564941406	1492.833374023438	37066.69921875	
585.9099731445313	875.4166870117188	815164.4375	318.1818237304688	1484.416625976563	36003.6015625	
587.1279907226563	880.4000244140625	804840.	366.8333435058594	1409.166625976563	36454.6015625	
588.3460083007813	691.1818237304688	812514.6875	245.4545440673828	1584.416625976563	35772.30078125	
589.5640258789063	880.2000122070313	813728.4375	260.	2460.666748046875	38611.5	
590.781982421875	809.5454711914063	830295.5625	291.6666564941406	2310.25	36725.19921875	
592.	1050.699951171875	812242.25	254.5454559326172	1985.	35321.19921875	
593.218017578125	920.4000244140625	797879.5625	281.8181762695313	1659.5	35762.5	
594.4359741210938	858.8333129882813	788654.25	141.6666717529297	1634.5	35603.	
595.6539916992188	754.9091186523438	806354.25	275.	1601.083374023438	36635.1015625	
596.8720092773438	940.5	819796.875	191.6666717529297	1567.833374023438	36664.8984375	
598.0910034179688	850.4166870117188	803916.875	318.1818237304688	1567.833374023438	34600.1015625	
599.3090209960938	691.9166870117188	787410.25	430.1000061035156	1551.083374023438	36726.3984375	
600.5269775390625	973.3636474609375	800232.4375	300.	1559.416625976563	34318.8984375	
601.7449951171875	767.	783709.75	300.	1617.75	36273.80078125	
602.9630126953125	845.9091186523438	806953.75	345.4545593261719	1693.	36142.80078125	
604.1810302734375	782.272705078125	817167.125	427.3636474609375	3178.833251953125	35290.8984375	
605.3989868164063	944.7777709960938	807878.6875	441.75	2352.	35271.19921875	
606.6170043945313	1089.555541992188	811359.5625	281.8181762695313	15320.8330078125	34297.69921875	
607.8350219726563	900.6363525390625	807393.3125	2758.54541015625	1859.666625976563	35702.80078125	
609.0540161132813	1122.77783203125	785170.25	333.4166564941406	1809.75	35883.30078125	
610.27197265625	1130.599975585938	789284.4375	358.3333435058594	1793.166625976563	69384.890625	
611.489990234375	600.1666870117188	806123.5625	391.6666564941406	2009.916625976563	38201.5	
612.7080078125	736.6363525390625	806029.75	258.3333435058594	2360.166748046875	36033.1015625	
613.926025390625	842.0833129882813	794688.4375	308.3333435058594	6177.91650390625	35511.19921875	
615.1439819335938	918.4545288085938	801836.4375	740.4000244140625	7261.36376953125	36745.5	
616.3619995117188	1234.333374023438	804956.875	333.3333435058594	2460.583251953125	37407.80078125	
617.5800170898438	950.5	812822.6875	233.3333282470703	1526.166625976563	35161.30078125	
618.7979736328125	825.3333129882813	800130.6875	554.8181762695313	1943.166625976563	35953.80078125	
620.0159912109375	1190.800048828125	798132.	233.3333282470703	1943.25	37668.69921875	
621.2349853515625	908.8333129882813	791094.25	241.6666717529297	3153.416748046875	35211.80078125	
622.4530029296875	818.6363525390625	789422.25	383.4166564941406	1734.833374023438	36114.6015625	
623.6710205078125	920.4000244140625	802470.6875	458.5833435058594	2135.083251953125	36133.8984375	
624.8889770507813	880.4000244140625	805076.4375	567.0833129882813	1651.333374023438	36474.19921875	
626.1069946289063	717.	785465.3125	391.	1425.916625976563	36013.30078125	
627.3250122070313	958.8333129882813	796324.	258.4166564941406	1601.25	35621.80078125	
628.5430297851563	1011.666687011719	895025.3125	290.9090881347656	1684.75	35281.3984375	
629.760986328125	727.6363525390625	807280.875	391.0909118652344	1492.666625976563	35862.80078125	
630.97900390625	650.0999755859375	806186.25	225.	1517.666625976563	48942.22265625	
632.197021484375	700.1818237304688	791748.875	166.6666717529297	1467.583374023438	36786.	
633.416015625	1120.599975585938	802796.4375	391.75	1559.5	35421.5	
634.6339721679688	910.5	810116.875	570.2000122070313	1367.5	36063.5	
635.8519897460938	918.8181762695313	795731.5625	209.0909118652344	1709.5	36525.30078125	
637.0700073242188	870.2999877929688	804066.6875	258.4166564941406	1701.333374023438	36103.3984375	
638.2880249023438	800.4000244140625	816252.875	300.	8808.	35693.	
639.5059814453125	833.7777709960938	806009.3125	290.9090881347656	1576.083374023438	37127.	
640.7239990234375	920.5999755859375	833280.4375	391.6666564941406	1985.166625976563	35491.69921875	
641.9420166015625	920.5	834151.5625	208.3333282470703	2251.833251953125	35671.80078125	
643.1599731445313	2335.77783203125	807128.875	258.3333435058594	1542.833374023438	36805.30078125	
644.3790283203125	1111.666625976563	817465.3125	418.2727355957031	3629.666748046875	34930.5	
645.5969848632813	1018.818176269531	798424.875	308.4166564941406	1392.583374023438	35762.6015625	
646.8150024414063	970.2999877929688	807193.3125	245.4545440673828	1292.583374023438	35551.3984375	
648.0330200195313	800.4000244140625	830607.5625	316.75	1834.833374023438	36444.80078125	
649.2509765625	870.2999877929688	809328.875	241.6666717529297	1743.083374023438	34298.19921875	
650.468994140625	911.6666870117188	815144.4375	742.3333129882813	2043.416625976563	38060.	
651.68701171875	1060.699951171875	841624.875	740.5	1768.	37950.19921875	
652.905029296875	860.4000244140625	848013.75	333.3333435058594	1826.5	36084.3984375	
654.1229858398438	946.	817707.125	281.8181762695313	1475.916625976563	35362.	
655.3410034179688	964.1818237304688	801416.	300.0909118652344	1676.333374023438	34999.80078125	
656.5599975585938	836.6363525390625	815805.3125	275.	1601.25	36093.80078125	
657.7780151367188	633.4166870117188	812359.125	209.0909118652344	6900.58349609375	35501.30078125	
658.9959716796875	700.272705078125	795888.4375	450.25	1676.333374023438	35983.6015625	
660.2139892578125	700.25	809734.6875	318.1818237304688	8086.33349609375	36334.30078125	
661.4320068359375	3393.4443359375	820499.125	275.	2076.833251953125	36524.80078125	
662.6500244140625	900.4000244140625	823496.	700.5555419921875	16357.36328125	44393.90234375	
663.8679809570313	980.5	802951.5625	636.8181762695313	3863.083251953125	325718.25	
665.0859985351563	1200.666625976563	827065.75	208.3333282470703	6129.54541015625	39607.69921875	
666.3040161132813	1260.800048828125	802970.6875	354.5454406738281	5578.58349609375	35230.80078125	
667.52197265625	1010.5	799473.75	592.	2318.583251953125	34759.8984375	
668.7410278320313	416.75	809308.4375	375.	2151.833251953125	36976.80078125	
669.958984375	1200.800048828125	806640.	12931.5	2118.5	35411.8984375	
671.177001953125	790.4000244140625	808297.75	525.25	2575.181884765625	38513.30078125	
672.39501953125	850.4000244140625	824209.3125	825.5	8940.4169921875	36604.80078125	
673.6129760742188	717.0833129882813	806683.125	500.25	1609.416625976563	35792.6015625	
674.8309936523438	1538.75	797849.3125	550.0999755859375	1718.	35281.5	
676.0490112304688	920.5	805568.4375	381.9090881347656	2135.	36795.30078125	
677.2670288085938	980.5999755859375	802471.5625	291.6666564941406	2235.25	35973.5	
678.4849853515625	754.8181762695313	798152.	436.3636474609375	1734.75	36766.	
679.7039794921875	854.8181762695313	801700.4375	463.7272644042969	3019.416748046875	36796.1015625	
680.9219970703125	1590.111083984375	789868.	358.4166564941406	2160.166748046875	35581.30078125	
682.1400146484375	750.3333129882813	797305.75	250.	8526.0830078125	37799.19921875	
683.3579711914063	808.5833129882813	816041.3125	441.6666564941406	1434.25	36404.80078125	
684.5759887695313	970.5999755859375	820130.6875	418.3636474609375	1951.583374023438	36143.6015625	
685.7940063476563	541.8333129882813	826347.5625	575.25	1392.666625976563	35321.	
687.0120239257813	717.	802350.25	300.	2410.583251953125	35591.	
688.22998046875	1400.888916015625	810902.6875	291.6666564941406	25707.166015625	35100.5	
689.447998046875	1078.444458007813	829789.75	341.8333435058594	2560.75	36163.5	
690.666015625	820.4000244140625	808315.5625	291.6666564941406	1651.333374023438	36785.8984375	
691.885009765625	770.2999877929688	811283.5625	266.6666564941406	1576.25	37588.19921875	
693.10302734375	700.25	805750.25	308.3333435058594	2268.833251953125	35221.5	
694.3209838867188	1030.699951171875	810265.3125	325.0833435058594	1734.666625976563	34739.	
695.5390014648438	722.5555419921875	802894.25	208.3333282470703	1943.333374023438	36685.80078125	
696.7570190429688	878.2222290039063	820883.5625	875.8333129882813	2494.166748046875	36705.6015625	
697.9749755859375	870.2999877929688	816482.6875	258.3333435058594	2218.416748046875	35671.6015625	
699.1929931640625	870.5	816505.3125	183.3333282470703	2135.166748046875	35782.1015625	
700.4110107421875	1090.599975585938	814069.3125	200.	1592.833374023438	37137.19921875	
701.6290283203125	1022.666687011719	805110.6875	241.75	1918.25	35151.	
702.8469848632813	1145.111083984375	823450.6875	350.0833435058594	1667.916625976563	37107.80078125	
704.0659790039063	922.6666870117188	809154.25	281.9090881347656	1667.916625976563	36093.19921875	
705.2839965820313	1037.	808951.125	272.7272644042969	1767.916625976563	35351.1015625	
706.5020141601563	581.9091186523438	809252.875	225.	1868.083374023438	36214.19921875	
707.719970703125	1033.888916015625	817946.3125	245.4545440673828	1517.666625976563	35190.3984375	
708.93798828125	736.6363525390625	807555.5625	363.6363525390625	2752.416748046875	36756.	
710.156005859375	600.1666870117188	809796.875	241.6666717529297	1576.166625976563	36765.19921875	
711.3740234375	758.75	820515.125	372.8181762695313	1426.	36394.30078125	
712.5919799804688	910.4000244140625	856148.4375	427.3636474609375	1759.5	36876.8984375	
713.8099975585938	1223.111083984375	805483.5625	466.8333435058594	1684.5	35642.69921875	
715.0280151367188	1056.	820203.5625	445.5454406738281	1651.333374023438	36756.3984375	
716.2470092773438	900.5999755859375	815602.6875	350.	2051.75	37378.	
717.4650268554688	758.6666870117188	816538.6875	258.3333435058594	1626.25	37607.8984375	
718.6829833984375	900.2999877929688	816816.125	275.	1592.75	35923.30078125	
719.9010009765625	1056.22216796875	839385.75	308.3333435058594	1542.833374023438	37398.19921875	
721.1190185546875	950.2999877929688	809205.3125	354.5454406738281	1509.333374023438	35290.80078125	
722.3369750976563	873.1818237304688	817096.875	363.6363525390625	1334.083374023438	37910.1015625	
723.5549926757813	910.5	815039.5625	450.1666564941406	1909.916625976563	36224.1015625	
724.7730102539063	944.888916015625	846772.875	391.75	1609.5	35391.3984375	
725.9910278320313	820.4000244140625	837570.6875	875.5	1667.916625976563	36545.30078125	
727.2100219726563	1030.699951171875	832241.75	390.9090881347656	2051.75	36415.3984375	
728.427978515625	967.2222290039063	816974.25	375.0833435058594	17184.36328125	36736.1015625	
729.64599609375	1200.699951171875	841467.125	408.4166564941406	1776.25	38611.	
730.864013671875	810.4000244140625	824888.	1128.	2060.	35732.6015625	
732.0819702148438	608.5833129882813	820289.75	1340.900024414063	1576.25	37357.5	
733.2999877929688	933.8333129882813	840709.3125	890.4000244140625	1859.916625976563	38020.1015625	
734.5180053710938	1100.77783203125	835553.3125	581.8181762695313	1567.75	36875.3984375	
735.7360229492188	873.1818237304688	831120.4375	827.727294921875	1801.333374023438	36183.	
736.9539794921875	666.75	823435.5625	616.9166870117188	1684.5	35661.5	
738.1719970703125	982.272705078125	841990.6875	782.0908813476563	1567.666625976563	35671.69921875	
739.3909912109375	1123.	826104.875	525.0833129882813	1876.416625976563	37297.8984375	
740.6090087890625	950.5	815279.125	341.75	1918.166625976563	36043.1015625	
741.8270263671875	875.3333129882813	846582.6875	436.5454406738281	1492.666625976563	37096.80078125	
743.0449829101563	980.5999755859375	835100.875	481.8181762695313	1909.916625976563	36063.8984375	
744.2630004882813	767.0833129882813	823564.875	1070.800048828125	1567.833374023438	37448.3984375	
745.4810180664063	833.6666870117188	903842.125	358.3333435058594	1576.166625976563	36836.	
746.698974609375	1010.599975585938	831837.3125	263.6363525390625	1526.083374023438	37577.8984375	
747.9169921875	845.8181762695313	816012.875	466.8333435058594	1551.083374023438	36355.19921875	
749.135009765625	860.5	829620.	400.	1918.166625976563	35712.69921875	
750.35302734375	1211.888916015625	826939.125	491.6666564941406	2418.833251953125	36214.3984375	
751.572021484375	900.5	807933.5	341.75	1634.5	36314.19921875	
752.7899780273438	840.4000244140625	819124.875	516.8333129882813	1559.416625976563	35551.30078125	
754.0079956054688	1080.699951171875	824637.3125	300.	1843.	35943.5	
755.2260131835938	891.3636474609375	816392.	381.8181762695313	1659.583374023438	36836.30078125	
756.4439697265625	1078.333374023438	822138.6875	416.6666564941406	1509.5	37017.	
757.6619873046875	991.5454711914063	840972.4375	266.6666564941406	1843.083374023438	36494.30078125	
758.8800048828125	1000.5	834411.125	308.3333435058594	1576.	36936.	
760.0980224609375	763.9091186523438	822180.	327.2727355957031	1809.666625976563	35061.1015625	
761.3159790039063	844.888916015625	822418.25	391.0909118652344	1559.5	36073.30078125	
762.5349731445313	930.5	825987.125	410.1000061035156	1692.833374023438	36064.1015625	
763.7529907226563	860.4000244140625	808531.125	436.4545593261719	1492.75	36454.19921875	
764.9710083007813	2469.833251953125	845101.3125	408.3333435058594	2118.416748046875	37197.19921875	
766.1890258789063	870.4000244140625	833515.125	441.75	1743.	36745.6015625	
767.406982421875	1050.800048828125	835008.	418.2727355957031	1567.916625976563	35030.6015625	
768.625	1090.699951171875	830259.125	418.2727355957031	1793.166625976563	35852.8984375	
769.843017578125	736.6363525390625	836197.3125	400.0909118652344	1409.25	35903.6015625	
771.0609741210938	880.4000244140625	836696.	336.3636474609375	1667.666625976563	37116.8984375	
772.2789916992188	833.6666870117188	839540.	463.7272644042969	1909.833374023438	35652.8984375	
773.4970092773438	1234.111083984375	806823.125	508.5833435058594	1467.75	37318.30078125	
774.7160034179688	1110.599975585938	836344.	400.0833435058594	1534.5	36866.80078125	
775.9340209960938	978.3333129882813	843404.875	450.0833435058594	1659.5	36405.19921875	
777.1519775390625	1133.888916015625	827865.75	308.3333435058594	1517.75	36364.30078125	
778.3699951171875	900.5555419921875	838327.125	483.4166564941406	1467.75	37165.8984375	
779.5880126953125	780.2999877929688	827283.5625	372.7272644042969	1626.166625976563	37930.	
780.8060302734375	900.3636474609375	804512.875	250.	1834.833374023438	36756.19921875	
782.0239868164063	845.9091186523438	813391.125	366.6666564941406	1175.666625976563	35902.3984375	
783.2420043945313	989.4444580078125	820417.75	800.4166870117188	1526.083374023438	36414.30078125	
784.4600219726563	1000.5	834778.6875	458.5	2018.25	35190.5	
785.677978515625	860.4000244140625	835484.4375	491.0909118652344	1559.416625976563	37377.5	
786.89697265625	820.4000244140625	826589.3125	567.0833129882813	1634.5	37027.	
788.114990234375	782.0908813476563	843842.6875	666.9166870117188	1551.166625976563	36976.3984375	
789.3330078125	780.4000244140625	818734.6875	363.7272644042969	2268.583251953125	35301.30078125	
790.551025390625	836.8181762695313	804671.5625	590.0999755859375	1501.166625976563	36184.19921875	
791.7689819335938	933.7777709960938	810635.125	483.3333435058594	2010.	36113.8984375	
792.9869995117188	708.5833129882813	804185.75	590.2000122070313	1559.416625976563	35762.3984375	
794.2050170898438	890.5999755859375	846843.125	691.1818237304688	1701.25	38069.5	
795.4229736328125	1030.5	842966.25	600.25	1717.916625976563	38471.19921875	
796.6409912109375	980.5	870203.1875	458.3333435058594	3568.363525390625	37386.80078125	
797.8599853515625	950.5	804528.875	375.0833435058594	1893.166625976563	37136.30078125	
799.0780029296875	946.	840796.4375	500.1000061035156	2243.75	37417.3984375	
800.2960205078125	860.4000244140625	855500.	550.1666870117188	1809.666625976563	37337.	
801.5139770507813	1100.800048828125	855235.5625	800.4000244140625	1509.333374023438	38421.1015625	
802.7319946289063	825.25	838569.3125	491.8333435058594	1534.416625976563	36866.30078125	
803.9500122070313	1100.599975585938	844805.3125	500.0909118652344	1634.583374023438	37266.8984375	
805.1680297851563	733.5	859732.875	341.75	1834.666625976563	37216.5	
806.385986328125	930.5	861042.6875	390.9090881347656	1768.	37467.8984375	
807.60400390625	946.0908813476563	842552.875	491.75	1392.666625976563	38902.19921875	
808.822021484375	900.5	859536.25	663.9091186523438	1642.916625976563	37207.5	
810.041015625	1000.5	857461.75	390.9090881347656	2493.833251953125	36043.8984375	
811.2589721679688	1140.599975585938	850748.4375	372.7272644042969	2001.75	37246.69921875	
812.4769897460938	918.6363525390625	842933.75	658.6666870117188	1584.333374023438	37257.1015625	
813.6950073242188	970.5	849609.3125	463.6363525390625	1768.	37087.	
814.9130249023438	791.1818237304688	831678.6875	946.0908813476563	1559.333374023438	37829.5	
816.1309814453125	800.272705078125	841983.125	463.8181762695313	1467.666625976563	37246.19921875	
817.3489990234375	818.5454711914063	825029.3125	308.3333435058594	1559.5	40147.69921875	
818.5670166015625	836.727294921875	831066.6875	383.3333435058594	1776.333374023438	36595.69921875	
819.7849731445313	955.0908813476563	834285.75	325.0833435058594	1693.	35962.69921875	
821.0029907226563	1009.545471191406	846663.125	458.4166564941406	1743.166625976563	36204.	
822.2219848632813	780.4000244140625	834706.25	375.	1567.75	38008.5	
823.4400024414063	810.4000244140625	844636.875	272.7272644042969	1559.25	37929.8984375	
824.6580200195313	933.888916015625	848228.875	433.4166564941406	1467.5	38310.5	
825.8759765625	791.272705078125	856326.6875	372.7272644042969	1434.416625976563	36876.19921875	
827.093994140625	818.727294921875	836744.875	409.0909118652344	1325.833374023438	37618.	
828.31201171875	1000.5	847163.125	375.	1709.5	36374.69921875	
829.530029296875	782.272705078125	853172.	250.	1626.083374023438	37588.	
830.7479858398438	1040.699951171875	858957.75	333.3333435058594	1601.	38189.69921875	
831.9660034179688	1270.599975585938	852170.25	760.5999755859375	1367.75	37527.5	
833.1849975585938	820.4000244140625	833806.6875	290.9090881347656	1442.583374023438	36384.5	
834.4030151367188	383.3333435058594	819587.125	416.75	1651.083374023438	35411.19921875	
835.6209716796875	1089.555541992188	855395.5625	718.5454711914063	1910.	37236.8984375	
836.8389892578125	1020.599975585938	859484.4375	383.4166564941406	1734.666625976563	37126.	
838.0570068359375	970.5999755859375	838289.3125	283.3333435058594	1309.25	36174.5	
839.2750244140625	1137.	843809.75	336.3636474609375	1476.083374023438	36705.19921875	
840.4929809570313	980.4000244140625	827780.	483.75	1484.333374023438	38039.5	
841.7109985351563	850.4000244140625	833147.125	366.75	1826.25	37377.6015625	
842.9290161132813	754.9091186523438	868694.6875	391.75	1417.583374023438	35852.6015625	
844.14697265625	792.	846963.125	216.6666717529297	1659.583374023438	36385.	
845.3660278320313	1073.45458984375	833367.5625	225.	1634.5	36304.	
846.583984375	1030.599975585938	850134.6875	350.0833435058594	1984.916625976563	35702.8984375	
847.802001953125	792.0833129882813	846718.6875	283.3333435058594	1809.666625976563	36595.69921875	
849.02001953125	1000.636352539063	859979.5625	375.1666564941406	1350.75	35140.80078125	
850.2379760742188	940.5	842875.125	372.7272644042969	1451.	36153.6015625	
851.4559936523438	940.7000122070313	837459.5625	250.	1334.166625976563	37286.8984375	
852.6740112304688	940.5999755859375	866484.4375	333.4166564941406	1743.	37527.69921875	
853.8920288085938	783.6666870117188	849136.875	266.6666564941406	1609.5	36766.1015625	
855.1099853515625	790.2999877929688	820617.75	383.3333435058594	1417.583374023438	36073.5	
856.3280029296875	1060.699951171875	838680.4375	336.4545593261719	1517.75	37046.8984375	
857.5469970703125	890.5	851923.125	363.6363525390625	1634.5	36434.30078125	
858.7650146484375	882.1818237304688	832982.25	463.8181762695313	1609.666625976563	36644.6015625	
859.9829711914063	1091.636352539063	871875.125	2044.166625976563	1976.416625976563	37659.19921875	
861.2009887695313	1130.699951171875	852252.875	1075.583374023438	2961.333251953125	37217.19921875	
862.4190063476563	1267.583374023438	848951.5625	2365.818115234375	3787.166748046875	38300.3984375	
863.6370239257813	2012.77783203125	838802.6875	4095.0908203125	4071.	41742.30078125	
864.85498046875	1879.333374023438	871717.3125	4696.83349609375	4696.66650390625	47051.6015625	
866.072998046875	2060.166748046875	863176.875	6024.9091796875	4437.75	46571.30078125	
867.291015625	3233.199951171875	892632.875	7083.66650390625	4730.	45947.5	
868.5089721679688	3547.888916015625	876546.6875	10943.36328125	5305.66650390625	46068.1015625	
869.72802734375	2392.10009765625	880320.875	5747.91650390625	6190.25	47935.69921875	
870.9459838867188	2512.199951171875	915194.	7492.25	5138.75	46607.69921875	
872.1640014648438	2168.666748046875	893402.125	4896.75	5455.91650390625	46587.69921875	
873.3820190429688	2281.89990234375	922477.3125	6057.	5239.08349609375	46298.5	
874.5999755859375	3147.4443359375	856140.875	5297.16650390625	4095.75	47431.6015625	
875.8179931640625	1943.166625976563	883341.75	5506.08349609375	5548.	44431.69921875	
877.0360107421875	1593.	890582.25	4930.16650390625	4629.91650390625	44913.6015625	
878.2540283203125	2076.75	870995.5625	4237.66650390625	3845.333251953125	43096.69921875	
879.4719848632813	1721.300048828125	864047.125	3958.45458984375	3461.75	42114.	
880.6909790039063	1946.909057617188	909271.125	3862.25	3470.166748046875	44130.30078125	
881.9089965820313	1751.400024414063	887824.875	3594.363525390625	2902.666748046875	42264.6015625	
883.1270141601563	1511.099975585938	856835.5625	2957.181884765625	2777.5	41290.3984375	
884.344970703125	1751.400024414063	887312.875	2761.	2819.25	40787.6015625	
885.56298828125	1571.099975585938	874360.875	2735.916748046875	2977.75	41662.69921875	
886.781005859375	1481.	857262.25	2092.54541015625	2518.833251953125	38532.1015625	
887.9990234375	1025.416625976563	852307.9375	1676.166625976563	2685.75	40347.19921875	
889.2169799804688	1451.099975585938	862210.25	1551.166625976563	2502.166748046875	39313.69921875	
890.4349975585938	1401.	868538.6875	1956.090942382813	2185.	39283.5	
891.6530151367188	1412.111083984375	876955.5625	1459.333374023438	1943.25	39153.80078125	
892.8720092773438	1080.699951171875	852964.875	1317.5	2268.5	38561.69921875	
894.0900268554688	1100.5	876901.75	1284.166625976563	2001.583374023438	38199.5	
895.3079833984375	900.5	873553.3125	1083.916625976563	1909.75	38832.30078125	
896.5260009765625	1320.900024414063	867628.4375	864.	2051.5	37708.6015625	
897.7440185546875	1118.818237304688	862944.	900.5	2927.833251953125	38059.3984375	
898.9619750976563	990.5	887425.75	1142.416625976563	1809.75	37478.19921875	
900.1799926757813	1030.599975585938	862646.25	758.6666870117188	1659.583374023438	37227.19921875	
901.3980102539063	892.0833129882813	895216.5	625.1666870117188	1601.166625976563	37177.	
902.6160278320313	1100.599975585938	844048.4375	450.0833435058594	1943.083374023438	36605.19921875	
903.833984375	1156.333374023438	851776.875	654.8181762695313	1559.416625976563	36897.5	
905.052978515625	725.4166870117188	869208.	909.6363525390625	1551.25	36775.69921875	
906.27099609375	930.5999755859375	858702.6875	550.1666870117188	1634.416625976563	37357.6015625	
907.489013671875	1167.333374023438	873182.125	516.8333129882813	1609.5	38180.3984375	
908.7069702148438	890.5	858069.3125	466.6666564941406	1651.166625976563	36484.5	
909.9249877929688	980.5	856483.125	541.75	1642.833374023438	36766.3984375	
911.1430053710938	980.5	863783.125	366.6666564941406	1676.25	36283.80078125	
912.3610229492188	750.3333129882813	870513.75	372.7272644042969	1609.583374023438	37368.	
913.5789794921875	982.272705078125	845568.	383.5	1859.75	41289.80078125	
914.7969970703125	341.75	870674.25	1060.800048828125	2151.833251953125	37888.8984375	
916.0159912109375	1080.599975585938	885714.6875	481.9090881347656	1642.833374023438	37046.30078125	
917.2340087890625	1010.599975585938	846199.125	441.75	1551.083374023438	37477.5	
918.4520263671875	1145.111083984375	857390.9375	591.0908813476563	1576.083374023438	37959.30078125	
919.6699829101563	1050.699951171875	855438.6875	283.3333435058594	1918.25	37829.3984375	
920.8880004882813	1160.599975585938	870274.6875	500.0909118652344	1567.833374023438	36504.30078125	
922.1060180664063	700.272705078125	888069.375	1000.833312988281	1726.25	37839.6015625	
923.323974609375	927.6363525390625	896274.6875	583.5	1392.583374023438	37166.30078125	
924.5419921875	870.5	883098.25	1134.083374023438	11255.9091796875	37699.1015625	
925.760009765625	936.727294921875	892108.875	1791.5	2035.083374023438	39476.33203125	
926.97802734375	1100.666625976563	878263.5625	1092.333374023438	4866.41650390625	37969.80078125	
928.197021484375	1020.599975585938	871074.6875	850.5	1651.25	38412.1015625	
929.4149780273438	1230.800048828125	887346.6875	3855.333251953125	2276.833251953125	39244.8984375	
930.6329956054688	3792.	884457.75	1317.583374023438	6747.58349609375	37066.5	
931.8510131835938	1070.599975585938	946852.6875	2603.416748046875	2360.416748046875	38200.5	
933.0689697265625	882.272705078125	893617.3125	8040.25	2060.083251953125	37227.1015625	
934.2869873046875	950.5	906719.625	3463.833251953125	2143.5	139691.859375	
935.5050048828125	783.8333129882813	857496.875	500.1666564941406	2685.666748046875	38321.19921875	
936.7230224609375	791.3636474609375	863695.125	3655.166748046875	2001.666625976563	41693.3984375	
937.9409790039063	1055.181762695313	950855.875	2347.9091796875	1851.333374023438	35952.80078125	
939.1589965820313	1671.400024414063	905761.75	1801.75	2293.583251953125	39834.69921875	
940.3779907226563	1267.555541992188	913072.4375	1284.25	1918.083374023438	78230.4140625	
941.5960083007813	1401.099975585938	873763.5625	13056.3330078125	2110.	38681.8984375	
942.8140258789063	1721.300048828125	913216.875	1342.833374023438	2043.25	42591.69921875	
944.031982421875	890.4000244140625	904994.0625	1392.75	13306.	38703.30078125	
945.25	1100.699951171875	879194.6875	2686.416748046875	2076.833251953125	37367.8984375	
946.468017578125	2068.4443359375	903003.5625	2202.10009765625	2669.083251953125	38621.80078125	
947.6859741210938	3137.111083984375	904512.	1342.666625976563	1768.083374023438	39513.6015625	
948.9039916992188	1210.699951171875	910971.5625	967.0833129882813	2201.833251953125	37045.80078125	
950.1220092773438	978.2222290039063	918281.75	2193.363525390625	6886.66650390625	38430.5	
951.3410034179688	1419.272705078125	885943.125	633.4166870117188	2051.833251953125	38201.	
952.5590209960938	850.5	882892.875	1355.54541015625	2335.416748046875	40278.8984375	
953.7769775390625	960.5	858263.125	8595.25	2352.166748046875	45754.4453125	
954.9949951171875	1109.727294921875	890741.3125	3095.416748046875	2635.833251953125	37878.6015625	
956.2130126953125	483.5	971235.125	2052.25	2185.166748046875	37520.3984375	
957.4310302734375	818.5454711914063	872017.3125	1017.25	1851.416625976563	39795.1015625	
958.6489868164063	900.5	950011.75	4282.83349609375	3746.	36987.30078125	
959.8670043945313	1080.5	899143.5625	500.0833435058594	1709.583374023438	37598.1015625	
961.0850219726563	880.5	903642.6875	2302.666748046875	2043.416625976563	51914.22265625	
962.302978515625	920.4000244140625	906537.75	483.4166564941406	1626.083374023438	38481.3984375	
963.52197265625	1250.800048828125	885307.5625	1151.	2469.	37357.6015625	
964.739990234375	1267.444458007813	887182.6875	1020.700012207031	2110.166748046875	36875.69921875	
965.9580078125	860.4000244140625	906247.125	366.75	1642.75	40578.5	
967.176025390625	450.0833435058594	882806.25	545.5454711914063	1935.083374023438	36615.1015625	
968.3939819335938	891.3636474609375	865604.	518.272705078125	1559.5	35813.30078125	
969.6119995117188	783.75	882943.125	275.	1701.25	37026.5	
970.8300170898438	882.272705078125	937762.5	308.3333435058594	1918.083374023438	36374.	
972.0479736328125	727.6363525390625	917493.75	225.	1601.166625976563	37025.6015625	
973.2659912109375	930.4000244140625	873805.75	418.1818237304688	1476.083374023438	37156.5	
974.4840087890625	890.5	850948.	490.2000122070313	2218.666748046875	36624.8984375	
