Trace for Mass:	Na23(LR)	Mg25(LR)	Cu63(LR)	Pb208(LR)	Sn118(LR)
Resolution:	Low	Low	Low	Low	Low
					
Time	Intensity	Intensity	Intensity	Intensity	Intensity
[sec]	[cps]	[cps]	[cps]	[cps]	[cps]

1.25	1026332.	2827.75	15320.8330078125	1234.166625976563	917.0833129882813	
2.497999906539917	972688.	2252.	14936.9169921875	1350.833374023438	608.3333129882813	
3.746000051498413	970448.	3553.5	14853.6669921875	1459.25	783.6666870117188	
4.99399995803833	948900.	2151.75	14494.5	1492.833374023438	742.0833129882813	
6.243000030517578	952784.	2001.5	15721.5830078125	1784.75	817.	
7.491000175476074	959752.	2377.25	15270.75	1584.416625976563	750.3333129882813	
8.73900032043457	962424.	2051.75	15287.3330078125	1492.666625976563	842.	
9.987000465393066	978532.	3052.5	15379.4169921875	1801.333374023438	783.75	
11.23499965667725	995400.	2402.	16631.916015625	1726.333374023438	775.4166870117188	
12.48299980163574	1015396.	2552.25	15579.9169921875	1417.583374023438	992.1666870117188	
13.73099994659424	1053456.	2301.75	15396.	1584.333374023438	833.5833129882813	
14.97900009155273	1006996.	3954.	17307.916015625	1442.666625976563	900.25	
16.22699928283691	1581067.125	3603.5	21658.083984375	1484.416625976563	700.0833129882813	
17.47500038146973	1004928.	5180.75	16573.416015625	1259.166625976563	1025.5	
18.72299957275391	1272720.	3053.	16848.833984375	1526.	875.5	
19.97200012207031	1219234.625	3728.75	16656.583984375	1484.416625976563	983.9166870117188	
21.21999931335449	1193325.	5105.25	16498.25	1534.416625976563	1000.416687011719	
22.46800041198731	997876.	2427.	19329.583984375	1893.25	733.5833129882813	
23.71599960327148	1087324.	2277.	19079.333984375	1617.75	808.6666870117188	
24.9640007019043	1107372.	2978.	17825.916015625	1609.416625976563	1067.25	
26.21199989318848	1291220.25	2802.5	21994.	1517.583374023438	675.1666870117188	
27.45999908447266	1256787.25	2276.75	20172.75	1609.5	675.1666870117188	
28.70800018310547	1301136.125	5180.5	19103.25	1509.5	1200.833374023438	
29.95599937438965	1061307.5	3027.75	17424.666015625	1751.333374023438	1008.833312988281	
31.20400047302246	1070252.	3403.	18076.5	1851.416625976563	775.25	
32.45199966430664	1087432.	3528.5	18627.833984375	2202.	825.3333129882813	
33.70100021362305	1091076.	2552.	25981.25	1976.75	1167.333374023438	
34.94900131225586	1048827.75	2802.25	17800.833984375	1934.833374023438	1951.916625976563	
36.19699859619141	1412782.	2702.25	21961.75	1576.083374023438	1684.75	
37.44499969482422	1035572.	2251.75	18878.166015625	1826.416625976563	1667.75	
38.69300079345703	1031092.	2802.75	15913.75	1826.333374023438	1275.75	
39.94100189208984	1224770.125	2227.	18185.583984375	1492.75	1785.	
41.18899917602539	1033654.75	2126.5	16556.416015625	1968.25	1376.	
42.4370002746582	1054696.	2452.25	19823.	1818.	1242.416625976563	
43.68500137329102	1950529.	2377.	17299.5	1818.	1442.666625976563	
44.93299865722656	1172680.875	3553.25	17734.	2076.833251953125	3354.75	
46.18099975585938	1549260.25	2727.25	17642.166015625	1793.083374023438	1209.166625976563	
47.43000030517578	1044768.	3278.	18494.166015625	1659.583374023438	1134.166625976563	
48.67800140380859	1058420.	3002.75	17282.916015625	1801.333374023438	975.5	
49.92599868774414	1133925.	2977.5	17324.5	1884.75	717.	
51.17399978637695	1073352.	9938.	17082.583984375	1534.416625976563	825.4166870117188	
52.42200088500977	1078056.	3328.25	19070.416015625	1576.083374023438	1209.166625976563	
53.66999816894531	1084444.	5606.25	21755.	1659.5	950.5	
54.91799926757813	1073542.5	5956.5	22027.166015625	2218.5	758.5833129882813	
56.16600036621094	1016848.	3428.25	19939.333984375	1893.25	1142.416625976563	
57.41400146484375	1119396.	4154.5	25388.583984375	1943.166625976563	1200.666625976563	
58.6619987487793	1035792.	5080.25	22605.833984375	1976.583374023438	892.25	
59.90999984741211	1115123.25	3828.5	18994.833984375	2043.25	741.9166870117188	
61.15900039672852	1137620.375	11794.75	19355.333984375	1901.583374023438	1008.833312988281	
62.40700149536133	1043644.	20560.25	17575.333984375	1934.833374023438	858.75	
63.65499877929688	1074744.	7032.75	25664.25	2060.	967.0833129882813	
64.90299987792969	1039928.	3778.5	24706.166015625	2093.333251953125	900.3333129882813	
66.1510009765625	1549452.625	29072.25	19270.75	1993.083374023438	900.3333129882813	
67.39900207519531	1040848.	3829.	18694.166015625	1718.	817.	
68.64700317382813	1071616.	10466.25	18728.583984375	2009.916625976563	858.8333129882813	
69.89499664306641	1100459.5	4379.25	18159.666015625	1926.5	950.3333129882813	
71.14299774169922	1039292.	8084.5	17007.583984375	1617.833374023438	783.6666870117188	
72.39099884033203	1050228.	5205.5	20685.75	1601.166625976563	633.3333129882813	
73.63899993896484	1064252.	7358.5	16723.333984375	1542.666625976563	808.5833129882813	
74.88800048828125	1062208.	4329.5	17258.666015625	1551.	675.1666870117188	
76.13600158691406	1058472.	4729.75	17825.666015625	1993.166625976563	967.25	
77.38400268554688	1065576.	5932.	17767.333984375	1909.75	758.6666870117188	
78.63200378417969	1143088.	5280.75	17708.75	1459.333374023438	900.5	
79.87999725341797	1055212.	8460.25	17608.416015625	1384.166625976563	841.9166870117188	
81.12799835205078	1172779.5	4780.	18193.	1467.75	1059.	
82.37599945068359	1048170.125	3753.5	17299.666015625	1793.	808.75	
83.62400054931641	1021120.	4004.	15671.5	1384.25	842.0833129882813	
84.87200164794922	1688345.125	3903.75	16648.416015625	1659.583374023438	725.25	
86.12000274658203	1037684.	4504.25	16923.916015625	1459.416625976563	758.5833129882813	
87.36799621582031	1060468.	3878.75	16147.3330078125	1617.75	958.8333129882813	
88.61699676513672	1031092.	4104.25	16848.833984375	1667.916625976563	766.9166870117188	
89.86499786376953	1071128.125	4179.25	17717.25	1767.916625976563	758.5833129882813	
91.11299896240234	1010092.	4755.	17107.5	1642.916625976563	850.5	
92.36100006103516	1069660.75	5831.25	15930.6669921875	1626.083374023438	691.9166870117188	
93.60900115966797	1011020.	4855.25	16815.416015625	1659.5	900.4166870117188	
94.85700225830078	1010936.	4229.5	16915.833984375	1626.25	766.9166870117188	
96.10500335693359	1008540.	3778.75	17633.916015625	1442.75	675.1666870117188	
97.35299682617188	1025960.	7009.	16782.	1793.166625976563	750.0833129882813	
98.60099792480469	998648.	3253.	17015.666015625	1826.5	700.	
99.8489990234375	1048601.5	4504.75	16222.5830078125	1584.25	800.1666870117188	
101.0970001220703	1044246.125	5080.75	16139.1669921875	1384.25	933.8333129882813	
102.3460006713867	1001716.	6382.25	16539.833984375	1843.166625976563	775.3333129882813	
103.5940017700195	1024715.9375	4529.5	17282.75	1584.333374023438	917.1666870117188	
104.8420028686523	1064560.	7058.5	15588.3330078125	1426.	783.5833129882813	
106.0899963378906	1005324.	6182.	17475.166015625	1701.25	733.5833129882813	
107.3379974365234	1047072.	4379.5	19328.666015625	2059.916748046875	825.4166870117188	
108.5859985351563	1057488.	7484.	19579.166015625	1834.666625976563	766.8333129882813	
109.8339996337891	1045544.	4229.	20933.333984375	1784.666625976563	783.5	
111.0820007324219	1052168.	4704.75	22521.833984375	2076.666748046875	766.9166870117188	
112.3300018310547	1033112.	4880.	30207.5	1701.25	875.4166870117188	
113.5780029296875	1075540.	4204.	18218.	2243.416748046875	850.3333129882813	
114.8259963989258	1050260.	6231.75	19871.75	1818.25	791.8333129882813	
116.0749969482422	1042252.	5030.25	17316.5	1809.75	741.8333129882813	
117.322998046875	1040148.	6432.25	18109.5	2051.75	783.5833129882813	
118.5709991455078	1041424.	4079.	20901.	1726.25	833.5833129882813	
119.8190002441406	1060820.	3728.75	19153.75	1893.083374023438	700.25	
121.0670013427734	1036036.4375	3628.5	17708.75	1601.166625976563	900.5833129882813	
122.3150024414063	1041008.	6983.25	29238.666015625	2010.	800.4166870117188	
123.5630035400391	1078332.	5431.25	20164.666015625	1567.833374023438	766.9166870117188	
124.8109970092773	1066984.	8036.75	19637.583984375	2210.333251953125	650.1666870117188	
126.0589981079102	1046052.	5531.25	18610.583984375	1692.75	842.0833129882813	
127.306999206543	1077816.	6884.	19914.083984375	1868.166625976563	925.5	
128.5549926757813	1025048.	6382.	20331.583984375	1718.	975.4166870117188	
129.8040008544922	1030420.	2902.5	18927.833984375	1793.083374023438	967.0833129882813	
131.052001953125	1039228.8125	3278.25	22212.083984375	2952.75	808.5833129882813	
132.3000030517578	1018480.	1801.75	19614.5	1634.666625976563	767.	
133.5480041503906	1027820.	2877.5	16489.5	1434.333374023438	842.	
134.7960052490234	1040812.	2952.75	16765.5	1659.583374023438	858.6666870117188	
136.0440063476563	1007996.	2551.75	16397.833984375	2026.666625976563	808.6666870117188	
137.2920074462891	992328.	2677.25	19546.666015625	1859.75	708.5	
138.5399932861328	974876.	3078.	18309.916015625	1817.916625976563	867.1666870117188	
139.7879943847656	1009180.375	3253.	31988.166015625	8793.3330078125	808.75	
141.0359954833984	1011232.	2702.25	130673.71875	32979.25	1042.25	
142.2839965820313	990688.	2627.25	622992.0625	211070.953125	2243.583251953125	
143.5330047607422	1020756.	3278.	2243544.	116242.	3653.5	
144.781005859375	1102275.5	2427.	2021465.875	376532.90625	12027.1669921875	
146.0290069580078	1046108.	3153.	1408020.	415987.46875	3828.916748046875	
147.2769927978516	1056672.	2402.	1825447.25	534775.8125	5330.75	
148.5249938964844	1020612.	3077.75	1627782.5	404165.71875	3670.25	
149.7729949951172	1027896.	2502.5	2149431.25	343300.78125	21556.083984375	
151.02099609375	1066392.	2677.5	1424673.875	204829.53125	2794.083251953125	
152.2689971923828	1012932.	3077.5	1359318.5	298159.9375	2418.666748046875	
153.5169982910156	1017376.	2852.75	899422.875	234049.671875	2193.5	
154.7649993896484	1036192.	3578.5	588319.25	98684.0859375	4339.	
156.0130004882813	1022756.	2477.25	986827.875	119320.1953125	2093.5	
157.2619934082031	1023440.	2952.5	1239749.5	61594.83203125	1943.25	
158.5099945068359	1010566.	3152.5	880477.25	137555.5625	1392.5	
159.7579956054688	1049900.	2802.25	299041.	56614.	1367.583374023438	
161.0059967041016	1027644.	3052.75	195417.53125	59903.92578125	1109.	
162.2539978027344	1057156.	2502.25	182533.375	27223.833984375	1133.916625976563	
163.5019989013672	1027560.	2702.25	287778.5625	24046.833984375	908.75	
164.75	1033368.	2952.5	151178.90625	22505.333984375	1025.583374023438	
165.9980010986328	1021524.	3328.	72076.5859375	16797.333984375	1100.666625976563	
167.2460021972656	1022228.	3252.75	78988.75	13504.6669921875	1000.583312988281	
168.4940032958984	1037388.	3128.	56003.58203125	8769.5830078125	783.6666870117188	
169.7420043945313	1034588.	2652.25	48187.	8411.5830078125	933.75	
170.9909973144531	1045288.	3152.75	70071.0859375	5163.91650390625	858.6666870117188	
172.2389984130859	1021108.	3778.75	50203.83203125	23181.083984375	925.4166870117188	
173.4869995117188	987188.	3228.	76222.4453125	11271.	842.	
174.7350006103516	1007980.	4580.	456778.8125	4955.66650390625	3555.25	
175.9830017089844	996784.	2902.75	36145.58203125	11194.5830078125	917.0833129882813	
177.2310028076172	986912.	2527.25	64893.515625	3586.75	992.1666870117188	
178.47900390625	976776.	2927.5	65148.72265625	3178.	908.75	
179.7270050048828	966304.	2577.25	34139.41796875	3428.583251953125	817.	
180.9750061035156	970612.	2377.	26814.083984375	2527.333251953125	867.0833129882813	
182.2230072021484	1082743.125	1851.5	46976.33203125	1876.5	758.5833129882813	
183.4709930419922	961724.	2476.75	28733.916015625	2510.583251953125	742.	
184.7200012207031	956640.	2302.	36008.41796875	1910.	917.0833129882813	
185.9680023193359	1004092.	2477.	77486.671875	2911.083251953125	625.1666870117188	
187.2160034179688	960000.	2978.	27842.333984375	1959.916625976563	792.	
188.4640045166016	965488.	2452.	24800.833984375	2302.083251953125	825.25	
189.7120056152344	942672.	3378.	19096.666015625	2001.666625976563	725.4166870117188	
190.9600067138672	991036.	2752.5	18686.916015625	2226.916748046875	867.1666870117188	
192.2079925537109	1013612.	4079.25	18819.25	2026.666625976563	733.5	
193.4559936523438	1017304.	2327.	18143.083984375	2493.916748046875	942.25	
194.7039947509766	995236.	2377.	17358.25	2435.5	666.8333129882813	
195.9519958496094	1020984.	4579.75	16164.25	9250.5830078125	816.9166870117188	
197.1999969482422	1037348.	2827.25	16665.25	3245.083251953125	850.5	
198.4490051269531	1043980.	2577.	22260.416015625	2785.833251953125	833.8333129882813	
199.6970062255859	1043700.	5356.	23249.416015625	2060.	858.5833129882813	
200.9450073242188	1115112.	2502.25	23450.416015625	2694.	908.6666870117188	
202.1929931640625	1062644.	3078.	18435.	2327.	792.0833129882813	
203.4409942626953	1076072.	4029.	17900.583984375	9027.4169921875	833.5	
204.6889953613281	1079040.	2452.	18410.5	2969.833251953125	741.8333129882813	
205.9369964599609	1072964.	2627.	17525.083984375	2001.5	883.6666870117188	
207.1849975585938	1175802.25	2752.5	19154.	2335.166748046875	1000.666687011719	
208.4329986572266	1051472.	2577.25	16514.833984375	2527.25	708.5	
209.6809997558594	1080756.	3478.5	16690.25	2535.75	725.3333129882813	
210.9290008544922	1038120.	2527.	18218.583984375	1809.833374023438	950.4166870117188	
212.1779937744141	1046872.	2627.25	17692.583984375	6195.	791.9166870117188	
213.4259948730469	1100092.	2552.25	17516.583984375	8983.9169921875	808.5833129882813	
214.6739959716797	1047184.	2602.25	16531.416015625	1734.75	917.	
215.9219970703125	1077608.	3253.	16899.	1667.833374023438	733.5	
217.1699981689453	1039452.	2852.5	17358.166015625	1951.416625976563	908.75	
218.4179992675781	1066680.	2627.25	16781.916015625	1801.416625976563	725.25	
219.6660003662109	1041676.	2552.25	16489.75	1484.416625976563	808.6666870117188	
220.9140014648438	1005804.	2777.5	16966.083984375	1409.166625976563	683.75	
222.1620025634766	1027504.	2427.	17057.5	1409.25	750.3333129882813	
223.4100036621094	1026780.	3252.75	16439.75	1768.083374023438	900.5	
224.6580047607422	1072572.	2227.	15796.75	2744.5	1058.916625976563	
225.9069976806641	1042716.	2627.25	15696.75	1692.75	825.4166870117188	
227.1549987792969	999672.	2202.	16439.666015625	1609.416625976563	842.	
228.4029998779297	996380.	2602.25	16840.333984375	1734.5	733.5833129882813	
229.6510009765625	1106284.75	3979.	16431.083984375	1601.166625976563	950.4166870117188	
230.8990020751953	1066768.	2877.75	16397.833984375	1834.75	967.3333129882813	
232.1470031738281	1025536.	3553.25	16239.25	2861.	775.25	
233.3950042724609	970644.	3678.5	20811.416015625	1851.333374023438	691.75	
234.6430053710938	987244.	3428.25	16640.083984375	1317.583374023438	792.	
235.8910064697266	975160.	3328.	16122.5830078125	1692.833374023438	925.4166870117188	
237.1390075683594	996452.	2252.	17208.166015625	1426.	725.3333129882813	
238.3869934082031	1000652.	3177.75	18987.75	1667.75	842.0833129882813	
239.6360015869141	974520.	2877.5	16431.5	2126.833251953125	742.	
240.8840026855469	975432.	3153.	15905.4169921875	1467.583374023438	917.0833129882813	
242.1320037841797	975124.	3428.25	15905.25	1759.666625976563	666.75	
243.3800048828125	959088.	3052.5	19070.583984375	1859.666625976563	842.1666870117188	
244.6280059814453	973840.	3077.75	17091.25	1809.833374023438	1042.416625976563	
245.8760070800781	970464.	4129.	16456.583984375	1926.583374023438	600.0833129882813	
247.1239929199219	975956.	2427.	26463.5	1801.25	817.	
248.3719940185547	1030640.	2727.25	17275.166015625	2527.333251953125	600.0833129882813	
249.6199951171875	949636.	3303.	16990.75	2018.333374023438	1033.833374023438	
250.8679962158203	966556.	2952.5	16698.5	2035.166625976563	833.5833129882813	
252.1159973144531	971992.	2777.25	16598.333984375	2418.666748046875	875.3333129882813	
253.3650054931641	954524.	2502.	18177.166015625	1960.	900.5	
254.6130065917969	982376.	2902.75	15896.9169921875	1876.416625976563	867.0833129882813	
255.8609924316406	972508.	2527.	15170.5830078125	2377.	741.9166870117188	
257.1090087890625	947824.	3127.75	15771.6669921875	1668.	608.3333129882813	
258.3569946289063	951964.	2952.75	15295.75	1709.666625976563	825.3333129882813	
259.6050109863281	966588.	2452.	15679.9169921875	4088.916748046875	800.25	
260.8529968261719	995492.	2527.25	16748.916015625	2268.666748046875	600.1666870117188	
262.1010131835938	995760.	6382.5	16414.5	1509.416625976563	825.3333129882813	
263.3489990234375	975876.	2251.75	15287.75	3754.833251953125	908.75	
264.5969848632813	988976.	2702.5	15245.9169921875	2468.916748046875	883.6666870117188	
265.8450012207031	962208.	2952.5	15746.6669921875	1793.	741.8333129882813	
267.093994140625	987024.	2477.	16982.666015625	1551.166625976563	875.5	
268.3420104980469	968476.	2652.25	15504.5830078125	1476.	766.8333129882813	
269.5899963378906	985072.	2527.25	15454.4169921875	1425.916625976563	833.6666870117188	
270.8380126953125	977844.	2427.	15454.5	1884.833374023438	800.5	
272.0859985351563	973660.	2652.5	15704.8330078125	1717.916625976563	967.25	
273.3340148925781	982120.	2602.	15780.0830078125	1459.333374023438	750.3333129882813	
274.5820007324219	992004.	3253.	15905.5	1526.166625976563	850.4166870117188	
275.8299865722656	1013796.	3403.25	15880.3330078125	1959.916625976563	842.0833129882813	
277.0780029296875	982536.	2852.75	15771.8330078125	2377.	867.0833129882813	
278.3259887695313	1003568.	4029.	16756.833984375	1676.25	717.	
279.5740051269531	997076.	6934.	16598.25	2076.833251953125	783.5833129882813	
280.822998046875	975272.	2627.25	16431.166015625	2502.25	741.9166870117188	
282.0710144042969	986476.	4304.25	16347.8330078125	5994.83349609375	792.	
283.3190002441406	974236.	4154.5	15604.75	2043.25	925.4166870117188	
284.5669860839844	961856.	3077.75	16022.0830078125	2068.25	633.4166870117188	
285.8150024414063	963444.	9388.5	18336.916015625	1784.75	908.9166870117188	
287.06298828125	968576.	3904.	16364.5	1634.5	942.1666870117188	
288.3110046386719	958572.	2552.25	17291.25	1676.333374023438	858.6666870117188	
289.5589904785156	953016.375	2977.75	16247.5	1843.	875.3333129882813	
290.8070068359375	946320.	8585.5	18678.333984375	1576.166625976563	833.5	
292.0549926757813	980256.	4504.5	16464.916015625	2085.083251953125	900.5	
293.3030090332031	962460.	2727.25	17467.416015625	2894.416748046875	892.0833129882813	
294.552001953125	963552.	3853.75	15922.1669921875	1500.916625976563	792.0833129882813	
295.7999877929688	1005896.	4229.25	17733.833984375	1668.	892.1666870117188	
297.0480041503906	963192.	3077.75	16782.	1693.	742.0833129882813	
298.2959899902344	966600.	3228.25	16656.75	1576.083374023438	733.5833129882813	
299.5440063476563	1008096.	2977.75	19047.416015625	1901.333374023438	691.8333129882813	
300.7919921875	986272.	2852.5	16531.416015625	2185.166748046875	933.75	
302.0400085449219	992268.	8913.25	15922.	1851.5	1351.	
303.2879943847656	999484.	3227.75	16740.25	1709.666625976563	833.75	
304.5360107421875	960436.	3428.25	16948.916015625	1617.666625976563	725.1666870117188	
305.7839965820313	957612.	8711.5	15487.8330078125	2218.583251953125	975.5	
307.0320129394531	1007352.8125	6282.	14853.4169921875	2577.166748046875	766.9166870117188	
308.281005859375	966732.	3027.75	16965.916015625	2001.5	883.6666870117188	
309.5289916992188	982132.	3628.5	15963.5830078125	1859.833374023438	758.5	
310.7770080566406	981404.	3979.	15855.1669921875	2268.583251953125	817.0833129882813	
312.0249938964844	993146.875	4755.	15613.1669921875	1651.25	1075.666625976563	
313.2730102539063	953260.	3778.5	17875.916015625	1776.416625976563	925.3333129882813	
314.52099609375	971532.	3253.	16364.5	2827.75	783.6666870117188	
315.7690124511719	985964.	4579.5	16013.75	1818.	950.3333129882813	
317.0169982910156	962999.1875	3954.	16423.083984375	2051.666748046875	908.75	
318.2650146484375	1004460.	3853.5	16448.25	1434.25	675.25	
319.5130004882813	983716.	3753.5	19063.083984375	2051.583251953125	775.3333129882813	
320.760986328125	986256.	6332.5	16314.5	1726.25	741.9166870117188	
322.010009765625	1019192.	3703.5	15771.75	1618.	842.1666870117188	
323.2579956054688	987484.	4504.5	16790.333984375	1801.416625976563	741.9166870117188	
324.5060119628906	963984.	4504.75	16414.5	1676.25	841.9166870117188	
325.7539978027344	986288.	3153.	17283.583984375	1492.916625976563	942.1666870117188	
327.0020141601563	1013451.5625	4504.75	17533.916015625	1300.916625976563	825.4166870117188	
328.25	959800.	3002.75	16606.75	1768.083374023438	800.3333129882813	
329.4979858398438	977612.	3603.5	16431.25	3737.5	942.1666870117188	
330.7460021972656	1033280.	3528.25	16114.4169921875	1526.083374023438	933.75	
331.9939880371094	984392.	2602.25	15279.0830078125	1417.666625976563	658.3333129882813	
333.2420043945313	979532.	2577.25	15655.0830078125	1692.916625976563	758.6666870117188	
334.489990234375	975048.	7109.	16364.5830078125	1442.583374023438	875.4166870117188	
335.739013671875	942148.	2477.25	15220.75	1417.666625976563	708.5	
336.9869995117188	956628.	2877.5	15880.25	1442.583374023438	691.8333129882813	
338.2349853515625	967976.	2552.25	15721.6669921875	1300.833374023438	908.8333129882813	
339.4830017089844	955296.	2552.25	15855.1669921875	1642.75	767.	
340.7309875488281	976136.	2377.	15128.75	1584.5	816.9166870117188	
341.97900390625	952872.	2652.5	14861.75	1617.833374023438	825.25	
343.2269897460938	966280.	2652.25	15613.3330078125	1225.833374023438	900.4166870117188	
344.4750061035156	961932.	2427.	15045.3330078125	1542.833374023438	900.4166870117188	
345.7229919433594	962060.	2627.25	15713.5	1567.75	950.5833129882813	
346.9710083007813	979624.	2101.5	15028.75	1467.666625976563	733.5	
348.218994140625	1048772.	3253.	16205.9169921875	1501.083374023438	733.5	
349.4679870605469	983364.	2427.	15345.9169921875	1409.25	900.4166870117188	
350.7160034179688	963192.	2902.75	15271.	1400.916625976563	767.	
351.9639892578125	958920.	2452.	15571.3330078125	1384.416625976563	716.9166870117188	
353.2120056152344	974552.	3979.25	15162.25	1384.25	808.75	
354.4599914550781	1004524.	2677.5	14486.1669921875	1451.	875.3333129882813	
355.7080078125	961908.	2076.5	14861.75	1417.666625976563	666.8333129882813	
356.9559936523438	963548.	3328.25	14427.75	1159.083374023438	817.0833129882813	
358.2040100097656	961804.	2702.5	15396.0830078125	1542.75	808.6666870117188	
359.4519958496094	994151.8125	2402.	15513.	1476.	850.4166870117188	
360.7000122070313	958348.	2502.25	14719.9169921875	1425.833374023438	700.25	
361.947998046875	976536.	2977.5	15204.1669921875	1225.666625976563	667.	
363.1969909667969	967156.	2076.75	15187.5	1342.666625976563	700.25	
364.4450073242188	977352.	2352.	16640.333984375	1325.916625976563	825.3333129882813	
365.6929931640625	959316.	2101.5	15496.1669921875	1501.083374023438	758.75	
366.9410095214844	962604.	2151.5	15529.5	1325.833374023438	725.25	
368.1889953613281	971444.	2652.25	16105.6669921875	1476.	783.5833129882813	
369.43701171875	965176.	2076.75	15997.1669921875	1417.583374023438	700.1666870117188	
370.6849975585938	984276.	2502.	15062.25	1425.833374023438	900.3333129882813	
371.9330139160156	973232.	2227.	15671.5830078125	1442.583374023438	716.8333129882813	
373.1809997558594	975352.	2427.25	14978.6669921875	1434.25	741.9166870117188	
374.4289855957031	997535.3125	3077.75	15471.25	1534.5	725.1666870117188	
375.677001953125	964296.	2126.75	15579.75	1117.333374023438	683.5	
376.9259948730469	976196.	2552.25	15062.1669921875	1325.75	858.75	
378.1740112304688	1010940.	2627.25	15930.3330078125	1400.833374023438	892.0833129882813	
379.4219970703125	988445.5625	2452.	14811.6669921875	1726.25	825.3333129882813	
380.6700134277344	962692.	2226.75	15262.3330078125	1492.666625976563	725.3333129882813	
381.9179992675781	1001680.	2076.75	15421.1669921875	1259.166625976563	808.5833129882813	
383.1659851074219	988480.	3102.75	15346.0830078125	1601.166625976563	741.8333129882813	
384.4140014648438	994380.	2652.5	16439.75	1459.5	742.0833129882813	
385.6619873046875	957596.	2752.5	15254.1669921875	1409.166625976563	841.9166870117188	
386.9100036621094	964220.	3178.	15922.25	1534.416625976563	808.6666870117188	
388.1579895019531	956136.	3303.	15822.1669921875	1409.166625976563	875.4166870117188	
389.406005859375	931334.875	2902.75	15128.9169921875	1551.25	842.	
390.6549987792969	930920.	3854.	15279.4169921875	1434.166625976563	900.5	
391.9030151367188	946936.	3152.75	15562.9169921875	1442.583374023438	833.6666870117188	
393.1510009765625	1057073.125	3778.5	15896.8330078125	1367.583374023438	792.0833129882813	
394.3989868164063	1054519.125	2201.75	15763.5	1367.5	817.	
395.6470031738281	936408.	3828.5	15079.	1259.083374023438	741.9166870117188	
396.8949890136719	948792.	3478.5	16113.8330078125	1526.166625976563	842.	
398.1430053710938	932760.	3253.25	15972.25	1509.5	850.25	
399.3909912109375	950952.	2927.5	15813.5830078125	1851.416625976563	733.6666870117188	
400.6390075683594	975192.	2727.5	17475.416015625	1601.166625976563	950.4166870117188	
401.8869934082031	945796.	2427.25	16690.083984375	1868.	900.5833129882813	
403.135009765625	956796.	2977.75	16289.1669921875	2060.166748046875	750.3333129882813	
404.3840026855469	958640.	5231.	15863.5830078125	1659.583374023438	808.6666870117188	
405.6319885253906	965292.	3203.	15980.5	1542.666625976563	833.6666870117188	
406.8800048828125	965172.	4029.	16038.8330078125	1567.75	833.75	
408.1279907226563	982676.	3328.	19931.166015625	1709.583374023438	666.75	
409.3760070800781	973732.	2977.5	16105.6669921875	1309.25	858.8333129882813	
410.6239929199219	963996.	4329.25	15078.6669921875	1592.833374023438	658.5	
411.8720092773438	970948.	7234.5	16014.	1792.916625976563	808.5833129882813	
413.1199951171875	963792.	3228.	15354.5	1634.5	858.8333129882813	
414.3680114746094	976608.	3828.75	15554.6669921875	1467.75	933.8333129882813	
415.6159973144531	1009565.625	3653.5	15304.3330078125	1576.083374023438	775.25	
416.864013671875	991616.	3052.75	17909.583984375	1509.416625976563	775.5	
418.1130065917969	965734.5625	3177.75	15938.5830078125	1417.583374023438	833.6666870117188	
419.3609924316406	982696.	3653.5	16314.5830078125	1617.833374023438	833.8333129882813	
420.6090087890625	1010263.6875	2677.5	16690.583984375	1300.833374023438	983.8333129882813	
421.8569946289063	971112.	3278.	16289.3330078125	1492.833374023438	791.8333129882813	
423.1050109863281	982208.	3178.	15863.4169921875	1601.	691.9166870117188	
424.3529968261719	992692.	3153.	16030.5830078125	1492.75	933.8333129882813	
425.6010131835938	971488.	3378.	15972.0830078125	1526.166625976563	833.6666870117188	
426.8489990234375	970192.	3077.75	16122.4169921875	1250.666625976563	850.4166870117188	
428.0969848632813	982856.	11745.25	15730.	1267.5	817.	
429.3450012207031	1020504.	13301.	15078.9169921875	1626.25	833.6666870117188	
430.5929870605469	968372.	3177.5	15955.5	1309.25	875.3333129882813	
431.8420104980469	970608.	7359.5	15270.75	1417.666625976563	783.6666870117188	
433.0899963378906	974276.	3528.25	16256.	1492.666625976563	817.	
434.3380126953125	961716.	3178.	14870.1669921875	1317.5	658.5833129882813	
435.5859985351563	953700.	2552.	15421.0830078125	1626.25	833.6666870117188	
436.8340148925781	994424.	2827.5	15780.1669921875	1434.166625976563	758.75	
438.0820007324219	956040.	3728.75	15788.25	1501.083374023438	850.3333129882813	
439.3299865722656	962872.	2827.75	15972.3330078125	1584.5	900.3333129882813	
440.5780029296875	966780.	2377.	16498.166015625	1626.333374023438	917.0833129882813	
441.8259887695313	1026512.875	2902.5	15663.25	1284.166625976563	850.4166870117188	
443.0740051269531	961216.	5380.5	15504.5	1384.416625976563	666.75	
444.3219909667969	962028.	2302.	15688.25	1367.75	792.	
445.5710144042969	960364.	2276.75	14995.3330078125	1409.25	833.75	
446.8190002441406	952756.	3778.75	15463.	1517.666625976563	800.3333129882813	
448.0669860839844	959832.	2552.	15821.9169921875	1325.75	708.5	
449.3150024414063	942664.	2952.75	15512.9169921875	1300.666625976563	867.0833129882813	
450.56298828125	946628.	4454.5	16681.916015625	1442.666625976563	816.9166870117188	
451.8110046386719	931068.	2402.	15387.6669921875	1476.	666.9166870117188	
453.0589904785156	986468.	2627.25	15145.75	1325.833374023438	808.6666870117188	
454.3070068359375	959764.	3077.75	15805.3330078125	1450.833374023438	716.9166870117188	
455.5549926757813	940520.	2677.25	15020.3330078125	1442.583374023438	950.5	
456.8030090332031	951936.	4179.25	15471.25	1334.166625976563	900.5	
458.0509948730469	959084.	4379.5	16189.25	1484.5	808.75	
459.2999877929688	974800.	3077.75	17441.916015625	1509.5	850.25	
460.5480041503906	955252.	3002.75	15863.5830078125	1442.666625976563	1050.5	
461.7959899902344	948396.	2201.75	15863.6669921875	1968.25	958.75	
463.0440063476563	978040.	2752.25	15872.	1626.166625976563	766.9166870117188	
464.2919921875	1090499.75	2602.25	15362.75	1259.25	808.6666870117188	
465.5400085449219	983868.	4129.	16331.	1768.083374023438	758.6666870117188	
466.7879943847656	1004684.	3503.5	15696.6669921875	1718.	708.5	
468.0360107421875	1004268.	5706.75	15838.5830078125	1634.416625976563	700.1666870117188	
469.2839965820313	977556.	2527.	19371.333984375	1517.75	808.75	
470.5320129394531	1016199.5625	4554.5	15713.3330078125	1684.666625976563	783.5833129882813	
471.7799987792969	994592.	2602.25	15771.75	1667.833374023438	867.0833129882813	
473.0289916992188	986592.	4304.5	15304.25	1859.75	708.5	
474.2770080566406	1112835.375	3027.5	15512.9169921875	1476.	758.5	
475.5249938964844	979428.	2927.75	16456.166015625	1417.75	867.0833129882813	
476.7730102539063	976784.	2877.5	16247.5830078125	1609.583374023438	983.9166870117188	
478.02099609375	973260.	2627.25	15037.0830078125	1259.083374023438	900.25	
479.2690124511719	973340.	11520.	15972.4169921875	1759.666625976563	750.3333129882813	
480.5169982910156	972492.	2802.25	15671.6669921875	1392.666625976563	741.8333129882813	
481.7650146484375	957040.	3528.5	16247.75	1609.583374023438	933.8333129882813	
483.0130004882813	963336.4375	3378.	16448.083984375	1584.416625976563	758.5	
484.260986328125	985936.	4454.75	16055.75	1384.25	633.5	
485.5090026855469	975028.	2302.	16356.5	1225.833374023438	675.25	
486.7579956054688	956184.	2777.5	16080.5830078125	1309.	841.9166870117188	
488.0060119628906	964812.	2752.25	14778.25	1751.083374023438	775.3333129882813	
489.2539978027344	950520.	2577.25	16322.6669921875	1442.583374023438	866.8333129882813	
490.5020141601563	961728.	2827.5	15012.0830078125	1342.666625976563	892.	
491.75	953636.	3303.25	16030.6669921875	1634.416625976563	800.5	
492.9979858398438	956112.	2602.	15546.3330078125	1634.5	883.6666870117188	
494.2460021972656	962756.	3203.	15963.8330078125	1659.583374023438	766.9166870117188	
495.4939880371094	966456.	3177.75	21945.833984375	1492.833374023438	783.6666870117188	
496.7420043945313	959264.	3228.	15454.5	1167.333374023438	833.6666870117188	
497.989990234375	987388.	2552.	15170.75	1517.75	817.	
499.2380065917969	950088.	3303.25	14678.0830078125	1350.833374023438	658.4166870117188	
500.4869995117188	1011448.	4705.25	15813.5	1701.25	725.1666870117188	
501.7349853515625	990380.	1601.25	16581.666015625	1451.083374023438	783.5833129882813	
502.9830017089844	1035525.25	3453.25	17784.166015625	1234.166625976563	666.8333129882813	
504.2309875488281	978988.	3177.75	16130.75	1259.166625976563	625.1666870117188	
505.47900390625	982224.	2677.25	15913.8330078125	1334.25	691.75	
506.7269897460938	1022076.	3353.25	15396.	1609.5	700.0833129882813	
507.9750061035156	986876.	3753.75	15755.	1351.	867.1666870117188	
509.2229919433594	967236.	3528.5	15496.25	2327.083251953125	691.75	
510.4710083007813	1034724.	3653.25	15212.5830078125	1442.583374023438	766.9166870117188	
511.718994140625	964580.	3303.25	15162.4169921875	1392.583374023438	958.8333129882813	
512.9669799804688	985680.	3177.75	17877.25	1509.416625976563	850.5	
514.2160034179688	1026396.	2677.25	15078.8330078125	1534.5	700.25	
515.4639892578125	1037397.3125	4454.5	15588.1669921875	1492.583374023438	791.9166870117188	
516.7119750976563	986553.6875	3929.	15938.75	1517.583374023438	1000.583312988281	
517.9600219726563	1013080.	10764.75	16089.	1450.916625976563	883.8333129882813	
519.2080078125	985300.	2902.5	17033.	1676.25	867.0833129882813	
520.4559936523438	979036.125	4054.	15913.6669921875	1701.333374023438	900.5	
521.7039794921875	1122792.	2902.5	15905.25	1642.916625976563	775.25	
522.9520263671875	1030728.	3503.25	15947.	1584.416625976563	741.9166870117188	
524.2000122070313	1003784.	4655.25	15562.9169921875	1375.916625976563	900.4166870117188	
525.447998046875	965740.	2927.5	16757.083984375	1509.333374023438	716.9166870117188	
526.6959838867188	1053289.25	2652.25	15963.8330078125	1484.416625976563	842.	
527.9450073242188	1080240.75	3453.5	15880.3330078125	1592.75	1008.833312988281	
529.1929931640625	1077946.25	2977.5	16414.833984375	1509.416625976563	833.6666870117188	
530.4409790039063	1000836.	4780.25	14937.0830078125	1484.333374023438	750.1666870117188	
531.6890258789063	1006724.	6031.75	15963.75	1701.25	708.5	
532.93701171875	1004000.	3278.	15604.6669921875	1684.666625976563	925.5	
534.1849975585938	989120.	8161.75	16231.	1626.083374023438	808.5833129882813	
535.4329833984375	1176354.25	4154.25	16706.833984375	1784.666625976563	675.25	
536.6810302734375	1078996.	3027.5	16155.8330078125	1484.416625976563	733.5	
537.9290161132813	1248454.875	3253.	16372.8330078125	1517.75	675.1666870117188	
539.177001953125	1004776.	8135.5	15546.4169921875	1601.166625976563	950.5	
540.4249877929688	1012832.	2852.5	16439.666015625	1592.75	925.4166870117188	
541.6740112304688	1015412.	5756.75	15821.9169921875	1659.583374023438	942.25	
542.9219970703125	959860.	2952.75	15997.3330078125	2009.916625976563	792.	
544.1699829101563	1123084.125	3178.	16231.	1509.333374023438	616.75	
545.4180297851563	1034732.	3178.	15805.25	1809.75	817.0833129882813	
546.666015625	1039383.375	4579.5	16364.4169921875	1334.166625976563	900.4166870117188	
547.9140014648438	991136.	3328.25	15253.9169921875	1501.	783.5833129882813	
549.1619873046875	1128186.75	3102.75	15922.0830078125	1517.833374023438	758.75	
550.4099731445313	1000304.	2652.25	15729.9169921875	1792.916625976563	775.25	
551.6580200195313	956552.	3153.	15404.5830078125	1542.583374023438	883.8333129882813	
552.906005859375	974720.	2902.5	14577.9169921875	1718.	700.25	
554.1539916992188	981176.	2527.	18027.	1692.833374023438	783.6666870117188	
555.4030151367188	977720.	3078.	16105.6669921875	1851.5	825.3333129882813	
556.6510009765625	979480.	2702.5	15838.75	1451.	783.5833129882813	
557.8989868164063	962730.625	4104.25	16715.416015625	1425.916625976563	725.25	
559.14697265625	967100.	2902.5	15897.	1434.416625976563	716.9166870117188	
560.39501953125	1058549.75	4504.75	16381.5	1459.333374023438	867.	
561.6430053710938	968956.	2627.	15688.0830078125	1400.916625976563	700.25	
562.8909912109375	975608.	2226.75	16865.5	1459.333374023438	733.5833129882813	
564.1389770507813	1020082.1875	2977.75	15780.3330078125	1576.166625976563	767.	
565.3870239257813	1048245.5	2302.	16957.416015625	1534.416625976563	683.5833129882813	
566.635009765625	975092.	2577.5	15362.5830078125	1651.083374023438	800.1666870117188	
567.8829956054688	979896.	2702.5	15880.3330078125	1642.916625976563	1042.166625976563	
569.1320190429688	1021837.375	2827.75	16898.833984375	1451.083374023438	833.6666870117188	
570.3800048828125	1092017.625	3128.	16606.583984375	1684.5	775.25	
571.6279907226563	992911.25	5681.75	16047.25	1376.	850.3333129882813	
572.8759765625	981640.	2677.	16297.5830078125	1926.416625976563	833.5833129882813	
574.1240234375	999828.	4179.25	16598.166015625	1576.	783.5833129882813	
575.3720092773438	1020724.	2602.25	15779.8330078125	1400.916625976563	792.	
576.6199951171875	1013264.	2277.	16832.	1459.25	833.75	
577.8679809570313	972397.25	2527.	15663.25	1968.083374023438	691.9166870117188	
579.1160278320313	1010168.	3903.75	16765.25	1526.	875.3333129882813	
580.364013671875	1006344.	2827.75	21628.416015625	1668.	816.9166870117188	
581.6119995117188	1013912.	2377.	17733.666015625	1626.25	816.9166870117188	
582.8610229492188	1056006.75	2927.5	15846.8330078125	1976.583374023438	725.25	
584.1090087890625	1053510.25	2752.75	16255.9169921875	1442.75	817.	
585.3569946289063	992128.	2302.	16089.	1634.5	717.	
586.60498046875	988040.	2727.25	19541.833984375	1601.083374023438	742.	
587.85302734375	979640.	3027.5	16715.083984375	2318.75	842.1666870117188	
589.1010131835938	992000.	2552.25	16381.5830078125	1592.75	900.3333129882813	
590.3489990234375	1012824.	2101.75	15713.25	2844.416748046875	875.4166870117188	
591.5969848632813	1008924.	2902.75	15930.3330078125	1542.75	766.9166870117188	
592.844970703125	990272.	2251.75	16915.416015625	1667.916625976563	708.5833129882813	
594.093017578125	970496.	2452.25	16581.666015625	1793.166625976563	775.3333129882813	
595.3410034179688	992560.	2752.5	16322.9169921875	1709.583374023438	817.	
596.5900268554688	992868.	3979.	16064.1669921875	1400.916625976563	850.4166870117188	
597.8380126953125	970476.	2802.5	16055.5830078125	1918.083374023438	783.5833129882813	
599.0859985351563	1128848.375	2852.5	15705.0830078125	1551.083374023438	833.6666870117188	
600.333984375	1023926.0625	2602.25	16782.166015625	1325.916625976563	825.25	
601.5819702148438	975296.	2802.25	19732.5	1884.833374023438	783.5	
602.8300170898438	1022924.	2652.25	17107.75	1609.583374023438	1042.25	
604.0780029296875	1020260.	2627.25	16247.5830078125	2051.833251953125	600.0833129882813	
605.3259887695313	1051524.	3177.75	16756.833984375	1776.25	767.	
606.573974609375	1064412.	3403.25	17475.	2026.583374023438	716.8333129882813	
607.822021484375	1015453.9375	2452.	16614.916015625	1501.	666.9166870117188	
609.0700073242188	986480.	2627.5	17575.	1985.	800.1666870117188	
610.3189697265625	1004548.	2352.	15396.	2026.833374023438	867.0833129882813	
611.5670166015625	1185364.125	2727.25	16456.333984375	2126.916748046875	933.6666870117188	
612.8150024414063	1018276.	2852.25	15329.3330078125	1718.	716.9166870117188	
614.06298828125	969203.5	2577.	15237.5	1526.083374023438	833.75	
615.3109741210938	960284.	2101.75	15805.1669921875	1434.25	725.3333129882813	
616.5590209960938	984484.	2151.5	15905.3330078125	1584.5	766.9166870117188	
617.8070068359375	1018284.	2602.	15930.3330078125	1701.333374023438	925.4166870117188	
619.0549926757813	994792.	2577.	15195.6669921875	1392.583374023438	825.4166870117188	
620.302978515625	976696.	3403.	15045.5	1384.166625976563	825.4166870117188	
621.551025390625	979244.	2151.75	16055.6669921875	1601.25	942.0833129882813	
622.7990112304688	1015040.	2351.75	16807.083984375	1559.25	792.	
624.0479736328125	1301906.5	2577.25	15563.	1426.166625976563	791.9166870117188	
625.2960205078125	998736.	2452.25	16155.8330078125	1492.666625976563	908.75	
626.5440063476563	1023904.	2627.	16172.4169921875	1451.	708.4166870117188	
627.7919921875	1005232.	2502.	16139.	1434.333374023438	766.9166870117188	
629.0399780273438	1012376.	2577.25	16130.8330078125	2143.666748046875	683.6666870117188	
630.2880249023438	985700.	2752.25	15947.0830078125	1692.833374023438	867.	
631.5360107421875	993812.	2452.	16272.6669921875	1484.333374023438	908.8333129882813	
632.7839965820313	1122859.5	3028.	15897.	1392.666625976563	883.6666870117188	
634.031982421875	1060004.	2502.5	16857.166015625	1751.333374023438	883.8333129882813	
635.280029296875	1105911.875	3203.	21013.333984375	1659.5	616.75	
636.5280151367188	1016068.	4655.	19389.25	1517.666625976563	908.75	
637.7769775390625	1018648.8125	2827.75	16615.083984375	1392.666625976563	808.6666870117188	
639.0250244140625	1019220.	11870.75	15696.8330078125	1392.5	875.4166870117188	
640.2730102539063	1087680.	3303.	15729.75	1567.583374023438	733.5833129882813	
641.52099609375	1300771.625	4004.	17266.416015625	1492.833374023438	900.3333129882813	
642.7689819335938	1021612.	2852.5	16840.5	1676.166625976563	975.5833129882813	
644.0170288085938	1011544.	2927.75	17441.5	1935.	875.4166870117188	
645.2650146484375	1010548.	3077.75	16339.5	1768.083374023438	733.75	
646.5130004882813	1012512.	2302.	16180.8330078125	1743.	758.6666870117188	
647.760986328125	1038636.	3102.75	16130.6669921875	3061.333251953125	741.9166870117188	
649.0089721679688	1004172.	3653.5	16038.9169921875	1342.583374023438	841.9166870117188	
650.2570190429688	1006816.	2677.25	16030.75	1409.333374023438	933.8333129882813	
651.5059814453125	1001868.5	3178.	15880.1669921875	1742.75	717.	
652.7540283203125	1465347.5	3979.	16364.6669921875	1717.916625976563	691.8333129882813	
654.0020141601563	1029324.625	2251.75	16406.5	1826.416625976563	867.	
655.25	1034464.	2226.75	20433.5	1425.916625976563	791.8333129882813	
656.4979858398438	1064096.	2402.25	37758.16796875	1559.583374023438	950.4166870117188	
657.7459716796875	1277384.	2702.25	17282.916015625	1601.166625976563	975.4166870117188	
658.9940185546875	1059336.	3003.	16598.5	1509.25	825.3333129882813	
660.2420043945313	1066980.	2577.25	15955.5	1517.916625976563	783.5	
661.489990234375	1003960.	2977.75	16297.6669921875	1367.666625976563	775.1666870117188	
662.7379760742188	1055792.	3603.5	16648.333984375	1417.75	825.4166870117188	
663.9860229492188	967732.	2927.75	15512.9169921875	1617.833374023438	842.0833129882813	
665.2349853515625	1001076.	2677.25	16022.6669921875	1375.916625976563	1000.583312988281	
666.4829711914063	1090895.75	2627.25	17533.5	1467.666625976563	833.75	
667.7310180664063	1024992.	4179.	16130.5	1517.583374023438	825.25	
668.97900390625	1116704.	3078.	15704.8330078125	1551.083374023438	766.9166870117188	
670.2269897460938	1342159.5	2477.25	17425.083984375	2468.916748046875	983.8333129882813	
671.4749755859375	1121216.	2702.5	16072.25	1709.5	858.8333129882813	
672.7230224609375	1293786.25	2301.75	16456.25	13177.25	808.75	
673.9710083007813	1263368.5	3603.25	17382.916015625	1592.833374023438	716.9166870117188	
675.218994140625	1467088.875	2652.5	18059.583984375	1767.916625976563	875.5	
676.4669799804688	1100656.	2252.	15755.0830078125	2285.333251953125	792.	
677.7150268554688	1029997.25	2927.5	16657.	2385.333251953125	900.5	
678.9639892578125	1110596.	2827.25	16481.583984375	1834.583374023438	909.	
680.2119750976563	1162876.375	5155.75	15780.0830078125	1692.916625976563	817.0833129882813	
681.4600219726563	1862022.875	6382.25	16005.4169921875	1684.583374023438	750.1666870117188	
682.7080078125	1288492.5	2602.25	18788.75	1350.75	1084.	
683.9559936523438	1069440.	2927.75	19238.	1417.583374023438	683.5	
685.2039794921875	1315152.5	2827.75	17066.083984375	1100.583374023438	942.1666870117188	
686.4520263671875	1141064.25	2677.5	19464.25	1934.916625976563	858.75	
687.7000122070313	1310626.625	3553.25	16899.	1759.666625976563	741.9166870117188	
688.947998046875	1060416.	2902.75	21160.25	1742.916625976563	708.5	
690.1959838867188	1107784.	3854.	25750.083984375	1526.083374023438	925.5	
691.4439697265625	1160884.5	2902.75	23585.166015625	1659.416625976563	950.4166870117188	
692.6929931640625	1069140.	3152.75	20757.666015625	1434.333374023438	800.4166870117188	
693.9409790039063	1299495.5	2902.5	21792.166015625	1684.583374023438	708.5	
695.1890258789063	1181330.25	2527.	18042.5	1467.583374023438	750.1666870117188	
696.43701171875	1064844.	2902.75	20807.916015625	1484.333374023438	817.	
697.6849975585938	1105461.875	2852.25	15888.6669921875	1534.333374023438	850.25	
698.9329833984375	1139860.75	2401.75	20206.75	1509.416625976563	817.	
700.1810302734375	1321196.75	4204.25	17116.333984375	1567.75	850.25	
701.4290161132813	1119048.5	3052.75	17074.416015625	1534.5	791.8333129882813	
702.677001953125	1069812.	3052.75	15838.6669921875	1501.	816.9166870117188	
703.9249877929688	1503897.5	6057.25	20501.75	1784.75	775.1666870117188	
705.1729736328125	1337086.125	4004.	18853.25	1793.	892.1666870117188	
706.4219970703125	1434760.625	2802.25	19404.416015625	1459.25	1175.75	
707.6699829101563	3526381.75	4204.5	17775.5	1709.5	758.6666870117188	
708.9180297851563	1349261.375	3403.25	16322.9169921875	1584.583374023438	775.25	
710.166015625	1095088.	2877.75	16130.75	1717.833374023438	850.5	
711.4140014648438	1192666.25	3503.5	18377.25	1718.	866.9166870117188	
712.6619873046875	1244596.375	3603.5	19087.083984375	1400.916625976563	1050.583374023438	
713.9099731445313	1391068.125	3002.75	16372.8330078125	1376.	825.25	
715.1580200195313	1256888.	2827.25	19253.666015625	1392.666625976563	800.25	
716.406005859375	1154407.	2852.75	18410.583984375	1767.833374023438	766.8333129882813	
717.6539916992188	1154111.125	3728.5	18001.	1401.	900.5	
718.9019775390625	1230509.25	2977.75	19564.583984375	1642.833374023438	1000.583312988281	
720.1510009765625	1309667.25	3002.75	19772.25	1751.25	1050.5	
721.3989868164063	1280508.375	3828.75	17024.083984375	1701.333374023438	992.25	
722.64697265625	1188942.	3353.	17600.166015625	1676.	816.9166870117188	
723.89501953125	1161432.	4579.75	19195.916015625	1818.083374023438	992.1666870117188	
725.1430053710938	1423019.	2627.25	19119.833984375	1792.916625976563	1058.916625976563	
726.3909912109375	1633192.	4629.75	25321.083984375	3370.5	1325.916625976563	
727.6389770507813	6821919.5	6006.75	30373.25	1976.583374023438	1000.5	
728.8870239257813	11253325.	4629.75	36493.33203125	2760.666748046875	1075.583374023438	
730.135009765625	3177142.	5130.25	31330.583984375	4413.08349609375	1342.583374023438	
731.3829956054688	2333327.5	10038.5	24139.	2936.083251953125	1217.5	
732.6309814453125	2034620.5	4779.75	36116.83203125	2201.833251953125	1059.083374023438	
733.8800048828125	2088485.75	11768.	28867.833984375	3620.5	1058.916625976563	
735.1279907226563	4931328.5	4329.25	29680.833984375	1984.916625976563	1676.416625976563	
736.3759765625	4329496.5	4855.	30172.083984375	3169.666748046875	825.4166870117188	
737.6240234375	2287987.5	4980.	23704.333984375	4713.83349609375	992.	
738.8720092773438	1769355.75	8486.25	22869.5	2919.25	1592.916625976563	
740.1199951171875	2341663.5	6357.25	32121.416015625	2326.916748046875	1092.333374023438	
741.3679809570313	2242867.5	5255.5	32535.	2043.25	1359.25	
742.6160278320313	1736353.	3653.5	23246.583984375	2927.75	917.0833129882813	
743.864013671875	6085416.	10963.75	27273.5	2043.5	1084.	
745.1119995117188	1997828.75	5731.	25429.	2368.666748046875	883.75	
746.3599853515625	1750203.	4054.25	24999.833984375	2401.916748046875	1017.25	
747.6090087890625	2782015.75	7284.25	26488.416015625	2468.833251953125	958.9166870117188	
748.8569946289063	2420677.25	3778.75	21642.5	3203.	1509.333374023438	
750.10498046875	3870572.75	3503.25	22611.5	2218.583251953125	1008.833312988281	
751.35302734375	1834017.75	7359.25	22159.833984375	3261.666748046875	1075.666625976563	
752.6010131835938	3946414.75	5856.5	22486.833984375	1876.5	1142.416625976563	
753.8489990234375	2278898.25	3303.25	25770.25	2176.833251953125	1192.5	
755.0969848632813	6586626.	4154.	28098.166015625	2569.	1058.916625976563	
756.344970703125	3826710.5	3353.25	22495.083984375	2627.5	1075.666625976563	
757.593017578125	1870220.625	7508.75	26698.416015625	1985.083374023438	1125.75	
758.8410034179688	2151081.	4354.5	28276.166015625	2343.666748046875	925.4166870117188	
760.0889892578125	3176469.75	5731.	34143.66796875	2694.	1117.333374023438	
761.3380126953125	2310949.25	6707.5	23120.75	9043.5830078125	1417.583374023438	
762.5859985351563	8903630.	8411.	28616.833984375	3169.916748046875	883.6666870117188	
763.833984375	2395922.75	3253.	62129.08984375	7070.	1617.75	
765.0819702148438	2156575.25	6582.5	22259.666015625	2160.166748046875	1159.083374023438	
766.3300170898438	1869864.5	3953.75	20422.166015625	3720.75	1242.5	
767.5780029296875	1813710.5	4304.25	25885.5	3411.416748046875	958.8333129882813	
768.8259887695313	4024659.	17061.75	24489.833984375	2669.083251953125	1567.833374023438	
770.073974609375	4134700.75	4729.75	27505.666015625	2660.666748046875	1242.416625976563	
771.322021484375	3522767.25	8034.5	38553.83203125	5065.66650390625	1392.5	
772.5700073242188	3061289.75	4755.	37045.83203125	2677.416748046875	1843.166625976563	
773.8179931640625	3072725.	5581.	29347.25	2110.083251953125	1317.583374023438	
775.0670166015625	4896484.	5055.5	35451.5	1826.416625976563	1384.25	
776.3150024414063	4619807.	25048.75	27373.166015625	3294.916748046875	1768.	
777.56298828125	1942864.5	4429.75	35390.25	2802.5	1509.416625976563	
778.8109741210938	2873231.	5130.5	29362.416015625	2018.333374023438	3580.083251953125	
780.0590209960938	1764990.75	3328.	23303.916015625	2969.583251953125	1517.833374023438	
781.3070068359375	1788111.625	4229.	26313.5	6443.41650390625	1409.25	
782.5549926757813	3802491.	3828.75	22652.75	1768.	1150.75	
783.802978515625	4488751.	3628.25	24757.75	3386.75	2143.5	
785.051025390625	3018503.5	3979.	31049.916015625	3962.75	1709.583374023438	
786.2990112304688	2971640.5	5480.75	37910.41796875	2952.666748046875	1517.833374023438	
787.5469970703125	4575854.	7809.25	46964.16796875	3102.916748046875	2076.666748046875	
788.7960205078125	2633732.	15300.25	37768.91796875	2543.833251953125	2894.583251953125	
790.0440063476563	6389329.5	6582.	35661.16796875	3678.75	1918.25	
791.2919921875	5748720.	10864.	53607.83203125	2744.083251953125	2301.916748046875	
792.5399780273438	7283669.5	11389.5	58341.33203125	4112.41650390625	2235.166748046875	
793.7880249023438	9055678.	6707.25	189946.65625	3370.	1976.583374023438	
795.0360107421875	3480648.	5430.75	35779.	5999.25	2226.75	
796.2839965820313	3294832.5	5581.	47491.58203125	6762.16650390625	2644.25	
797.531982421875	13758526.	5530.75	226305.875	3294.833251953125	1826.333374023438	
798.780029296875	5253974.5	8660.	43440.16796875	2435.333251953125	1734.75	
800.0280151367188	2993450.5	11641.	35478.25	3061.166748046875	2076.75	
801.2760009765625	2580063.5	4379.5	38004.83203125	3528.5	1542.75	
802.5250244140625	2056832.	5330.5	41562.75	2143.416748046875	1651.166625976563	
803.7730102539063	4873371.	5931.25	34812.16796875	3804.166748046875	1642.916625976563	
805.02099609375	2900315.25	4980.	30783.916015625	3653.833251953125	2193.666748046875	
806.2689819335938	1874411.375	4104.25	40980.5	2351.916748046875	1643.	
807.5170288085938	2211206.	10816.5	36382.75	4321.16650390625	1642.916625976563	
808.7650146484375	1857353.	3002.75	31107.25	1976.583374023438	2026.833374023438	
810.0130004882813	2068206.75	6807.75	29538.083984375	3294.916748046875	1242.416625976563	
811.260986328125	2578358.5	15579.75	36638.58203125	4354.91650390625	1776.416625976563	
812.5089721679688	1845015.75	3979.	29712.833984375	4296.33349609375	1275.833374023438	
813.7570190429688	3452145.5	3778.75	23089.666015625	3211.5	1793.083374023438	
815.0050048828125	1691581.5	3503.5	24431.916015625	3119.666748046875	1217.333374023438	
816.2540283203125	1935994.75	3203.25	26105.583984375	2393.583251953125	2569.25	
817.5020141601563	2228343.	12993.25	39763.	2560.5	1426.083374023438	
818.75	1655743.375	5005.25	23546.166015625	2427.25	1709.75	
819.9979858398438	5847650.	3328.	32619.962890625	2660.75	1375.916625976563	
821.2459716796875	2057360.875	3904.	25676.25	4805.58349609375	1434.333374023438	
822.4940185546875	2662119.5	4404.25	26878.916015625	5140.33349609375	1401.	
823.7420043945313	8586413.	3803.5	36284.75	5674.66650390625	1759.583374023438	
824.989990234375	9781829.	15029.75	28167.333984375	3728.666748046875	1784.666625976563	
826.2379760742188	3173357.75	4279.5	33456.5	4021.25	1926.583374023438	
827.4860229492188	1714665.375	4054.	29119.583984375	3853.916748046875	3671.25	
828.7340087890625	1876298.25	9437.75	31257.	4313.5	1684.666625976563	
829.9829711914063	2942344.75	2277.	25534.333984375	2719.166748046875	2544.083251953125	
831.2310180664063	2400974.25	4029.	28251.833984375	3269.833251953125	1359.25	
832.47900390625	1918456.75	4755.	41965.83203125	5750.08349609375	2727.916748046875	
833.7269897460938	1807087.25	3403.	55852.703125	2510.416748046875	1450.833374023438	
834.9749755859375	1967493.5	6006.5	27898.666015625	4113.	4590.5	
836.2230224609375	1537453.125	4404.5	24014.166015625	2535.583251953125	7542.75	
837.4710083007813	2484208.25	10742.	30860.666015625	2936.	1926.75	
838.718994140625	1501936.625	3052.5	27937.916015625	2435.5	2051.583251953125	
839.9669799804688	1375087.	8236.	25860.666015625	2143.333251953125	1701.333374023438	
841.2150268554688	1984195.625	8086.	26061.416015625	3854.166748046875	1859.75	
842.4630126953125	1371241.375	6908.5	31120.666015625	6277.08349609375	1434.416625976563	
843.7119750976563	2707247.25	3753.75	34539.41796875	2351.916748046875	1392.583374023438	
844.9600219726563	1625401.75	6157.	23646.416015625	2185.166748046875	1617.833374023438	
846.2080078125	2012863.75	2928.	26438.	3328.25	1267.583374023438	
847.4559936523438	1562751.	2877.5	30139.083984375	3344.833251953125	1617.833374023438	
848.7039794921875	1958176.875	4279.25	45714.08203125	2318.583251953125	1684.583374023438	
849.9520263671875	6741074.5	3903.75	48927.4375	2535.5	2059.916748046875	
851.2000122070313	4588524.5	4454.5	27415.916015625	3470.333251953125	2135.25	
852.447998046875	1762133.875	3828.75	26396.166015625	4705.33349609375	1501.083374023438	
853.6959838867188	5920164.	4504.5	61121.08203125	2627.333251953125	1576.083374023438	
854.9439697265625	3190156.5	4129.25	40123.58203125	2568.833251953125	1425.833374023438	
856.1920166015625	1980975.625	9338.25	36694.5	2677.333251953125	1342.583374023438	
857.4409790039063	2148989.5	5030.25	24498.666015625	2377.083251953125	1559.5	
858.6890258789063	2698932.25	4880.	34125.41796875	2986.25	2352.166748046875	
859.93701171875	2859544.75	3528.	23680.	3603.75	1526.166625976563	
861.1849975585938	1432295.875	4479.5	26839.083984375	2577.083251953125	1542.833374023438	
862.4329833984375	1857586.5	3628.75	39881.08203125	2902.666748046875	1367.5	
863.6810302734375	2458561.	4604.5	37026.41796875	3369.916748046875	1309.	
864.9290161132813	3501669.75	7984.25	50727.16796875	3987.25	1592.833374023438	
866.177001953125	4383885.	9411.5	55086.16796875	3520.	2110.166748046875	
867.4249877929688	6576539.5	11464.25	59867.25	5013.66650390625	2085.083251953125	
868.6729736328125	7054981.5	15621.25	70177.8359375	4504.5	2452.166748046875	
869.9210205078125	8717831.	14294.25	85054.5	4796.75	2226.833251953125	
871.1699829101563	7345689.	16548.	91422.8984375	6959.	2410.416748046875	
872.4180297851563	18846182.	26421.	89767.	4596.41650390625	2101.666748046875	
873.666015625	6806174.	19906.75	67346.3359375	4771.66650390625	4855.41650390625	
874.9140014648438	6666010.	15120.75	84068.5859375	4312.75	2043.333374023438	
876.1619873046875	9209551.	12992.	66850.8359375	4187.5	2126.583251953125	
877.4099731445313	6458115.	17575.25	59172.16796875	4337.83349609375	1784.583374023438	
878.6580200195313	6250528.5	9035.75	63078.09765625	3812.083251953125	1793.	
879.906005859375	5858375.5	12140.5	57324.	3545.166748046875	1984.833374023438	
881.1539916992188	6261532.	17049.75	56809.25	4596.75	1717.833374023438	
882.4019775390625	4080866.	8309.5	39597.66796875	3361.583251953125	1484.333374023438	
883.6500244140625	5185711.	12666.5	46648.75	2944.333251953125	2226.916748046875	
884.8989868164063	5763528.	6757.5	50247.91796875	3161.083251953125	1734.75	
886.14697265625	3102666.25	6381.75	39642.08203125	2652.416748046875	2026.833374023438	
887.39501953125	3549715.	17381.5	34808.33203125	2251.833251953125	1259.083374023438	
888.6430053710938	3710901.75	6131.75	33036.66796875	2268.416748046875	1634.5	
889.8909912109375	2566195.5	6832.5	38614.58203125	3202.833251953125	1492.75	
891.1389770507813	2839265.75	5430.5	37626.58203125	2493.833251953125	1475.916625976563	
892.3870239257813	2844222.	4654.75	44124.5	2477.25	1467.583374023438	
893.635009765625	4039625.75	6306.75	25726.166015625	2343.583251953125	1117.25	
894.8829956054688	3097952.75	7133.	29545.5	2343.666748046875	1325.916625976563	
896.1309814453125	2296689.25	5230.5	32402.666015625	2218.583251953125	1075.666625976563	
897.3790283203125	1806560.625	5806.	25034.083984375	2302.083251953125	1075.833374023438	
898.6279907226563	1737370.75	6132.	32271.75	2118.333251953125	1025.5	
899.8759765625	2486393.75	4654.75	25910.083984375	3436.916748046875	1150.5	
901.1240234375	1782238.625	4029.	22560.833984375	3261.666748046875	975.5	
902.3720092773438	2175564.25	4304.25	36266.83203125	3737.416748046875	1075.75	
903.6199951171875	3469311.	3578.5	23990.333984375	2352.083251953125	758.5833129882813	
904.8679809570313	1893379.375	3954.	35904.91796875	2009.833374023438	1159.083374023438	
906.1160278320313	1510396.	4229.	31267.333984375	2510.583251953125	1050.75	
907.364013671875	1559377.625	4279.5	25669.083984375	2435.5	1025.666625976563	
908.6119995117188	1722080.25	3228.25	20556.583984375	2351.916748046875	1175.75	
909.8599853515625	3276241.	3278.	26103.333984375	2126.666748046875	1284.333374023438	
911.1079711914063	1905701.375	3578.5	34772.75	1909.833374023438	1025.5	
912.3569946289063	2377530.5	4129.	23965.083984375	3579.25	967.25	
913.60498046875	2020032.625	4855.	25301.75	2318.666748046875	1476.166625976563	
914.85302734375	1995381.	4629.75	29407.25	2201.916748046875	1058.916625976563	
916.1010131835938	2190714.75	6031.5	29204.416015625	1984.75	1542.833374023438	
917.3489990234375	2463042.25	3778.75	27648.666015625	1901.416625976563	1159.166625976563	
918.5969848632813	1662938.25	4579.75	26779.416015625	2769.5	1075.583374023438	
919.844970703125	1630138.	4955.	35737.58203125	5299.58349609375	1693.	
921.093017578125	1886157.5	4880.	26428.666015625	2151.75	1284.25	
922.3410034179688	2420938.25	6532.5	25575.833984375	2018.166625976563	1025.583374023438	
923.5889892578125	2495666.	5180.5	27540.916015625	2201.75	1075.583374023438	
924.8369750976563	2048844.625	13397.	27788.75	1709.583374023438	1025.416625976563	
926.0859985351563	2156380.5	7108.75	23395.833984375	1984.916625976563	858.75	
927.333984375	1854930.25	5105.25	26202.166015625	1843.25	1058.833374023438	
928.5819702148438	1788884.625	78484.5	28041.833984375	7961.5	1292.5	
929.8300170898438	1824756.75	6081.75	31124.25	7541.33349609375	1075.666625976563	
931.0780029296875	1916500.25	7133.	26454.916015625	1801.5	958.75	
932.3259887695313	1702872.5	5981.5	22468.333984375	1984.916625976563	1225.916625976563	
933.573974609375	1670685.25	6485.90625	23971.666015625	2235.166748046875	1067.25	
934.822021484375	1490776.	14030.84375	23513.583984375	1976.416625976563	1134.	
936.0700073242188	1548993.5	7408.5	29153.583984375	2068.333251953125	1200.75	
937.3179931640625	1961431.	15902.75	21892.75	2936.166748046875	1300.833374023438	
938.5659790039063	1498978.875	6933.	22336.416015625	1818.	900.3333129882813	
939.8150024414063	2205901.25	61820.75	22804.416015625	2009.916625976563	908.75	
941.06298828125	1444956.25	8886.	22579.166015625	1759.666625976563	1017.333312988281	
942.3109741210938	1439942.25	194026.921875	25292.	1634.5	933.8333129882813	
943.5590209960938	1318096.	10312.5	23730.5	1901.583374023438	1142.333374023438	
944.8070068359375	1518197.875	52354.80078125	19721.25	2226.833251953125	1000.5	
946.0549926757813	1359975.	44750.5	34441.75	1984.833374023438	1392.75	
947.302978515625	1377430.875	55325.5	21082.416015625	1926.583374023438	858.6666870117188	
948.551025390625	2052714.875	366946.65625	19687.666015625	2252.	1275.916625976563	
949.7990112304688	1737095.75	36381.75	19997.	2001.583374023438	942.0833129882813	
951.0469970703125	1402465.375	58554.75	54591.60546875	2151.75	858.8333129882813	
952.2949829101563	2860719.5	38515.75	21049.25	1434.5	967.1666870117188	
953.5440063476563	1302624.375	74805.5	20698.	2051.75	900.5833129882813	
954.7919921875	1858474.5	29782.5	21835.083984375	1734.583374023438	1075.666625976563	
956.0399780273438	1224353.875	84286.984375	20138.75	1843.083374023438	1109.166625976563	
957.2880249023438	1354584.	20480.75	19086.416015625	1859.75	967.0833129882813	
958.5360107421875	1299620.875	288069.1875	21509.	1901.5	1150.666625976563	
959.7839965820313	2331674.25	18709.25	21041.916015625	1609.416625976563	1209.	
961.031982421875	2034352.75	18353.	20506.333984375	1684.583374023438	775.4166870117188	
962.280029296875	1303176.	258038.875	19554.083984375	2026.5	975.5	
963.5280151367188	1470170.875	9536.5	20138.666015625	1759.666625976563	883.8333129882813	
964.7760009765625	1359221.75	9161.	17758.916015625	1526.	1092.333374023438	
966.0239868164063	1194386.25	27005.25	18418.583984375	1601.166625976563	1008.75	
967.2730102539063	1233560.	676339.5625	18635.666015625	2060.166748046875	958.6666870117188	
968.52099609375	1265448.	13067.75	18034.333984375	1776.333374023438	1033.916625976563	
969.7689819335938	991005.75	7634.	18101.166015625	1667.833374023438	833.5833129882813	
971.0170288085938	1277164.375	5906.5	16172.3330078125	1759.666625976563	766.75	
972.2650146484375	1178933.	9562.25	17792.083984375	1868.083374023438	800.3333129882813	
973.5130004882813	1122092.	10890.75	18276.666015625	1642.916625976563	716.9166870117188	
974.760986328125	1059264.	4529.75	16139.25	1601.166625976563	975.5	
976.0089721679688	1106052.625	5856.5	17993.	1592.916625976563	883.6666870117188	
977.2570190429688	1154395.	8009.5	15855.25	1367.583374023438	816.9166870117188	
978.5050048828125	1004300.	3553.5	17533.333984375	1351.	716.8333129882813	
979.7529907226563	4339687.	3353.	16782.083984375	1384.25	817.0833129882813	
981.0020141601563	1015244.	3328.25	16723.583984375	1634.416625976563	758.6666870117188	
982.25	1005008.	7534.	15496.3330078125	1559.333374023438	917.25	
983.4979858398438	987204.	7785.	16038.8330078125	1551.25	733.6666870117188	
984.7459716796875	990204.	140453.8125	15254.1669921875	1426.	900.4166870117188	
985.9940185546875	1006124.	2427.25	16481.416015625	1659.5	758.5	
987.2420043945313	973852.	2126.5	15980.25	1400.916625976563	817.	
988.489990234375	972004.	2827.5	15537.9169921875	1634.666625976563	883.75	
989.7379760742188	988236.	2802.5	16331.3330078125	1292.416625976563	858.75	
990.9860229492188	1054931.	3278.	17166.416015625	1459.416625976563	700.25	
992.2340087890625	969532.	4930.25	15554.75	1626.25	666.8333129882813	
993.4819946289063	998032.	3854.25	15771.75	1434.25	1050.666625976563	
994.7310180664063	973008.	2752.25	15863.5	1234.083374023438	675.1666870117188	
995.97900390625	959212.	2101.5	15212.5	3320.666748046875	867.	
997.2269897460938	940228.	2827.25	14853.3330078125	1150.583374023438	741.8333129882813	
998.4749755859375	968932.	2051.5	15513.0830078125	1534.333374023438	900.3333129882813	
