Trace for Mass:	Al27(MR)	Si28(MR)	Ca44(MR)	Fe56(MR)	S32(MR)
Resolution:	Medium	Medium	Medium	Medium	Medium
					
Time	Intensity	Intensity	Intensity	Intensity	Intensity
[sec]	[cps]	[cps]	[cps]	[cps]	[cps]

1.22000002861023	2251.833251953125	1035145.3125	175.	1317.583374023438	34725.08203125	
2.437999963760376	2192.636474609375	1097120.	225.	1609.5	32936.08203125	
3.655999898910523	1459.333374023438	992494.375	191.6666717529297	1592.75	33572.5	
4.874000072479248	1428.181762695313	927212.	258.3333435058594	1292.583374023438	34903.91015625	
6.092000007629395	1310.800048828125	918920.	258.3333435058594	1350.916625976563	35408.80078125	
7.310999870300293	1200.636352539063	584921.9375	158.3333282470703	1450.916625976563	34536.1015625	
8.529000282287598	940.5	805267.1875	175.	1217.416625976563	34446.3984375	
9.746999740600586	3353.75	835889.75	141.6666717529297	1717.916625976563	34677.69921875	
10.96500015258789	980.5	828069.3125	333.4166564941406	3170.25	33063.1015625	
12.18299961090088	1579.111083984375	802066.25	191.6666717529297	1668.	33916.1015625	
13.40100002288818	1067.444458007813	776402.6875	158.3333282470703	1409.333374023438	33033.30078125	
14.61900043487549	691.9166870117188	748099.5625	233.3333282470703	1617.75	32132.19921875	
15.83699989318848	730.2999877929688	759841.3125	250.	1350.916625976563	33054.8984375	
17.05500030517578	880.4000244140625	729739.5625	275.	1668.	32192.5	
18.27300071716309	1219.	727480.	308.3333435058594	19399.853515625	32703.900390625	
19.49200057983398	1011.666687011719	722545.3125	316.6666564941406	1526.	33134.3984375	
20.70999908447266	800.4000244140625	692620.4375	410.	3170.25	31781.099609375	
21.92799949645996	700.5	686460.4375	309.0909118652344	1584.333374023438	32231.900390625	
23.14599990844727	600.0833129882813	711224.875	333.3333435058594	1317.583374023438	31680.69921875	
24.36400032043457	911.5555419921875	691930.25	200.	1801.5	32122.400390625	
25.58200073242188	878.111083984375	695671.5625	154.5454559326172	1351.	31360.69921875	
26.79999923706055	1045.	711156.3125	330.1000061035156	1492.583374023438	32062.400390625	
28.01799964904785	575.1666870117188	750600.875	233.3333282470703	1309.25	31901.30078125	
29.23600006103516	900.5	713079.125	218.1818237304688	1242.416625976563	32644.	
30.45499992370606	878.3333129882813	725114.25	254.5454559326172	1584.5	31089.099609375	
31.67300033569336	691.0908813476563	699943.125	233.3333282470703	1526.	30277.30078125	
32.89099884033203	858.8333129882813	709170.25	333.3333435058594	1392.583374023438	31751.099609375	
34.10900115966797	664.	780230.625	291.6666564941406	1425.833374023438	31902.	
35.32699966430664	922.6666870117188	723856.	454.6363525390625	1767.916625976563	32352.80078125	
36.54499816894531	708.5833129882813	753047.125	325.0833435058594	1592.833374023438	33305.30078125	
37.76300048828125	709.3636474609375	782106.625	391.6666564941406	1451.	33145.5	
38.98099899291992	864.0908813476563	742168.75	458.4166564941406	1909.75	32562.599609375	
40.19900131225586	690.4000244140625	741389.3125	782.1818237304688	1609.416625976563	31700.5	
41.41699981689453	836.8181762695313	717805.75	391.75	2160.083251953125	33124.8984375	
42.63600158691406	616.9166870117188	834749.4375	682.0908813476563	2302.	32553.80078125	
43.85400009155273	727.5454711914063	746929.375	641.9166870117188	1859.833374023438	33335.30078125	
45.07199859619141	730.2999877929688	723092.	433.4166564941406	2051.666748046875	32843.80078125	
46.29000091552734	1200.900024414063	708002.6875	908.9166870117188	2018.25	31410.099609375	
47.50799942016602	780.5	740085.75	616.8333129882813	2034.916625976563	32804.	
48.72600173950195	850.4000244140625	704310.5	718.4545288085938	1626.083374023438	32393.30078125	
49.94400024414063	680.0999755859375	707236.875	618.3636474609375	1843.166625976563	33216.19921875	
51.1619987487793	760.2000122070313	707096.	363.6363525390625	1834.916625976563	32683.900390625	
52.38000106811523	778.2222290039063	697214.6875	666.9166870117188	2852.666748046875	31951.69921875	
53.59799957275391	782.1818237304688	718299.5625	609.3636474609375	1784.583374023438	32433.400390625	
54.81700134277344	790.4000244140625	712913.75	358.3333435058594	1818.166625976563	33125.8984375	
56.03499984741211	889.4444580078125	797896.125	333.3333435058594	1709.583374023438	31911.69921875	
57.25299835205078	572.8181762695313	730921.3125	558.4166870117188	1642.916625976563	32815.30078125	
58.47100067138672	325.	714909.75	800.5	1768.083374023438	32823.69921875	
59.68899917602539	727.4545288085938	710325.25	390.1000061035156	1684.833374023438	32313.099609375	
60.90700149536133	810.2999877929688	714399.125	300.	2160.416748046875	32162.80078125	
62.125	760.2999877929688	787723.1875	466.75	2268.666748046875	35847.5	
63.34299850463867	870.5	858629.625	350.0833435058594	1851.416625976563	31821.30078125	
64.56099700927734	840.2999877929688	798981.4375	673.	1734.666625976563	32182.80078125	
65.77999877929688	2703.583251953125	773857.5	541.75	1884.833374023438	32001.900390625	
66.99800109863281	950.4166870117188	745806.375	275.	2068.416748046875	32974.30078125	
68.21600341796875	863.9091186523438	750122.6875	454.6363525390625	1976.5	32593.19921875	
69.43399810791016	860.5	754925.3125	480.2000122070313	1926.416625976563	32312.69921875	
70.65200042724609	833.6666870117188	992106.25	283.3333435058594	2193.333251953125	32181.900390625	
71.87000274658203	860.4000244140625	764375.9375	358.4166564941406	1626.166625976563	30558.099609375	
73.08799743652344	790.4000244140625	852894.625	266.6666564941406	1684.5	32784.80078125	
74.30599975585938	600.1666870117188	750659.125	216.6666717529297	1626.25	36820.5546875	
75.52400207519531	833.6666870117188	787521.875	400.1000061035156	1676.25	33085.69921875	
76.74199676513672	666.9166870117188	765648.875	436.4545593261719	2118.333251953125	31921.900390625	
77.96099853515625	827.6363525390625	741469.75	400.1000061035156	1985.	32432.69921875	
79.17900085449219	554.5454711914063	741269.75	325.	1651.25	32433.900390625	
80.39700317382813	458.4166564941406	721624.875	236.3636322021484	1693.	34914.66796875	
81.61499786376953	690.2000122070313	731708.875	266.6666564941406	2719.5	31500.80078125	
82.83300018310547	720.0999755859375	684138.6875	308.3333435058594	1450.916625976563	32452.80078125	
84.05100250244141	880.4000244140625	730729.75	283.3333435058594	2093.416748046875	33707.3984375	
85.26899719238281	663.8181762695313	721532.4375	233.3333282470703	2338.363525390625	31159.599609375	
86.48699951171875	955.0908813476563	740332.875	272.7272644042969	1776.25	32914.19921875	
87.70500183105469	566.9166870117188	733130.25	358.3333435058594	3161.333251953125	31359.69921875	
88.92299652099609	744.888916015625	787110.	166.6666717529297	2518.833251953125	32092.	
90.14199829101563	691.0908813476563	718841.3125	558.5833129882813	2243.666748046875	31631.5	
91.36000061035156	836.8181762695313	735797.75	291.6666564941406	3537.833251953125	32623.599609375	
92.5780029296875	616.75	714819.5625	266.6666564941406	1834.833374023438	33015.19921875	
93.79599761962891	425.0833435058594	757778.125	233.3333282470703	1701.333374023438	30337.30078125	
95.01399993896484	583.5	723388.	300.1000061035156	1776.416625976563	32563.80078125	
96.23200225830078	675.3333129882813	743430.	370.1000061035156	1909.583374023438	32372.69921875	
97.44999694824219	575.0833129882813	775342.75	218.1818237304688	1909.833374023438	33366.5	
98.66799926757813	636.5454711914063	734742.25	291.6666564941406	1509.333374023438	33054.80078125	
99.88600158691406	820.5	734011.125	345.5454406738281	1584.416625976563	31621.400390625	
101.1050033569336	709.3636474609375	778125.75	250.	2009.916625976563	32093.	
102.322998046875	890.4000244140625	734204.	290.9090881347656	1943.25	32824.30078125	
103.5410003662109	691.8333129882813	729095.5625	216.6666717529297	2076.833251953125	31861.80078125	
104.7590026855469	760.2999877929688	712044.875	316.6666564941406	2602.5	31711.30078125	
105.9769973754883	960.4000244140625	722948.875	358.5	2193.416748046875	34469.109375	
107.1949996948242	850.4000244140625	729703.5625	333.4166564941406	2160.166748046875	31260.5	
108.4130020141602	633.5833129882813	731016.875	258.4166564941406	2594.	32503.30078125	
109.6309967041016	956.2222290039063	712126.6875	241.6666717529297	1734.666625976563	33005.19921875	
110.8489990234375	700.1818237304688	734294.6875	241.6666717529297	9047.1669921875	31049.400390625	
112.0670013427734	870.4000244140625	715526.6875	266.6666564941406	2327.166748046875	32924.69921875	
113.286003112793	325.0833435058594	730938.6875	227.2727203369141	2001.666625976563	32522.80078125	
114.5039978027344	856.	701384.	208.3333282470703	1634.583374023438	31149.900390625	
115.7220001220703	770.2999877929688	731827.1875	333.3333435058594	2093.416748046875	33155.8984375	
116.9400024414063	864.	726399.5625	258.3333435058594	1693.	33656.69921875	
118.1579971313477	1040.5	710873.3125	250.	2769.333251953125	33084.80078125	
119.3759994506836	900.3333129882813	725641.3125	191.6666717529297	2293.666748046875	31520.099609375	
120.5940017700195	566.8333129882813	711209.75	158.3333282470703	2084.916748046875	30998.900390625	
121.8119964599609	878.3333129882813	721544.875	227.2727203369141	2327.166748046875	31831.69921875	
123.0299987792969	425.0833435058594	734349.3125	318.2727355957031	1617.75	32393.19921875	
124.2480010986328	690.2000122070313	723236.875	250.	1793.083374023438	34128.3984375	
125.4670028686523	575.0833129882813	724852.4375	300.	2510.666748046875	33556.69921875	
126.6849975585938	742.	733373.75	325.	1734.666625976563	31591.30078125	
127.9029998779297	709.4545288085938	724882.25	316.6666564941406	1768.	31651.400390625	
129.1210021972656	980.5	734280.	208.3333282470703	2018.416625976563	32985.1015625	
130.3390045166016	1100.636352539063	717105.3125	325.	1626.25	32343.599609375	
131.5570068359375	744.6666870117188	718548.	325.0833435058594	2110.083251953125	32182.69921875	
132.7749938964844	727.5454711914063	766232.4375	350.	2647.9091796875	33154.80078125	
133.9929962158203	700.25	812562.125	375.	1651.333374023438	34018.3984375	
135.2109985351563	691.1818237304688	747566.25	508.5833435058594	1726.333374023438	31901.5	
136.4290008544922	700.2999877929688	748227.125	290.	1901.333374023438	32052.5	
137.6479949951172	773.0908813476563	896841.6875	341.6666564941406	2819.5	32714.30078125	
138.8659973144531	782.1818237304688	771790.3125	241.6666717529297	1701.333374023438	32764.69921875	
140.0839996337891	750.4000244140625	764765.75	400.0909118652344	1684.75	33356.5	
141.302001953125	889.2222290039063	753866.5625	410.1000061035156	2976.	33184.8984375	
142.5200042724609	1064.45458984375	742091.5625	266.6666564941406	1409.25	32032.900390625	
143.7380065917969	1056.111083984375	878239.	500.1666564941406	5785.83349609375	32544.	
144.9559936523438	800.2999877929688	766529.125	418.2727355957031	1734.666625976563	33285.3984375	
146.1739959716797	890.5999755859375	752910.6875	300.	2210.333251953125	32012.30078125	
147.3919982910156	825.3333129882813	772397.75	375.	2243.75	33606.8984375	
148.6109924316406	740.4000244140625	756978.6875	300.	1609.5	32994.69921875	
149.8289947509766	1000.777770996094	728982.25	200.	1567.833374023438	32634.400390625	
151.0469970703125	710.2999877929688	729092.	308.4166564941406	1367.416625976563	33255.1015625	
152.2649993896484	591.8333129882813	732636.875	245.4545440673828	1609.583374023438	32544.19921875	
153.4830017089844	922.6666870117188	770142.6875	170.	1768.	32653.900390625	
154.7010040283203	691.1818237304688	739082.6875	200.	1500.916625976563	32734.	
155.9190063476563	830.5	794893.875	363.7272644042969	1476.166625976563	32965.19921875	
157.1369934082031	882.272705078125	749507.5625	281.8181762695313	3570.666748046875	33536.6015625	
158.3549957275391	950.5	725683.125	263.6363525390625	1375.833374023438	32884.1015625	
159.572998046875	654.8181762695313	744209.3125	263.6363525390625	1551.083374023438	32272.19921875	
160.7920074462891	989.5555419921875	748493.75	309.1818237304688	1367.666625976563	33446.6015625	
162.0099945068359	900.4000244140625	783959.5625	391.6666564941406	2519.25	33004.6015625	
163.2279968261719	475.1666564941406	755152.4375	400.0909118652344	1525.916625976563	33466.69921875	
164.4459991455078	709.4545288085938	738488.875	316.6666564941406	1976.583374023438	31890.80078125	
165.6640014648438	830.4000244140625	837661.9375	341.75	1692.75	33295.8984375	
166.8820037841797	780.4000244140625	763539.5625	290.	1693.	33195.80078125	
168.1000061035156	600.1666870117188	739614.6875	250.	1968.333374023438	33606.6015625	
169.3179931640625	763.9091186523438	804657.875	258.3333435058594	2043.416625976563	33155.69921875	
170.5359954833984	950.5	788571.5625	372.8181762695313	2335.25	32433.599609375	
171.7539978027344	934.	755989.75	236.3636322021484	1551.166625976563	31891.900390625	
172.9730072021484	827.727294921875	783818.25	340.	1576.083374023438	31670.80078125	
174.1909942626953	800.3333129882813	768509.25	283.3333435058594	1584.416625976563	33315.6015625	
175.4089965820313	909.5454711914063	755077.75	391.6666564941406	1784.833374023438	32904.3984375	
176.6269989013672	1009.727294921875	887037.5	266.6666564941406	1634.583374023438	33887.1015625	
177.8450012207031	800.5	754348.875	300.0833435058594	2026.833374023438	32483.099609375	
179.0630035400391	910.4000244140625	769648.875	309.0909118652344	1617.75	34188.5	
180.281005859375	870.4000244140625	758115.125	260.	1809.75	33285.30078125	
181.4989929199219	733.5833129882813	787766.25	318.1818237304688	1751.333374023438	31891.5	
182.7169952392578	1140.800048828125	767600.4375	275.	1743.	34158.19921875	
183.9360046386719	975.6666870117188	779788.	336.4545593261719	6696.91650390625	32523.900390625	
185.1540069580078	790.4000244140625	800456.125	283.3333435058594	1801.416625976563	32413.5	
186.3719940185547	845.8181762695313	777303.125	341.6666564941406	1734.916625976563	31951.80078125	
187.5899963378906	710.2999877929688	789691.25	283.3333435058594	1476.	31721.5	
188.8079986572266	780.4000244140625	758088.4375	227.2727203369141	30868.533203125	32272.900390625	
190.0260009765625	433.5	781496.3125	308.3333435058594	10761.5830078125	34278.3984375	
191.2440032958984	882.272705078125	838209.75	233.3333282470703	1676.25	33767.5	
192.4620056152344	636.6363525390625	825346.6875	410.1000061035156	1634.5	33425.3984375	
193.6799926757813	940.5	759755.4375	354.6363525390625	1334.25	32664.19921875	
194.8979949951172	880.4000244140625	765826.6875	281.8181762695313	4314.25	32322.599609375	
196.1170043945313	800.2999877929688	768017.3125	327.2727355957031	1734.666625976563	32203.	
197.3350067138672	909.5454711914063	744352.	241.6666717529297	1401.	32533.400390625	
198.5529937744141	660.4000244140625	792840.4375	336.4545593261719	1534.333374023438	32363.5	
199.77099609375	620.2999877929688	763448.875	266.6666564941406	1717.916625976563	32793.8984375	
200.9889984130859	845.9091186523438	764213.75	236.3636322021484	1450.916625976563	32403.099609375	
202.2070007324219	791.1818237304688	756669.3125	250.	1734.75	31139.599609375	
203.4250030517578	666.888916015625	851244.3125	300.	1442.666625976563	31701.599609375	
204.6430053710938	810.2999877929688	783144.	245.4545440673828	1400.833374023438	31450.	
205.8609924316406	933.7777709960938	755704.875	327.2727355957031	1492.666625976563	33004.30078125	
207.0789947509766	550.	770756.4375	291.75	1642.833374023438	32974.8984375	
208.2980041503906	533.4166870117188	802519.875	241.6666717529297	1718.	31540.80078125	
209.5160064697266	308.3333435058594	809391.75	208.3333282470703	1617.833374023438	32733.80078125	
210.7339935302734	809.3636474609375	764517.75	183.3333282470703	1584.333374023438	31580.80078125	
211.9519958496094	682.	728785.75	250.	1793.	33727.30078125	
213.1699981689453	709.272705078125	746524.875	316.75	1559.583374023438	32764.900390625	
214.3880004882813	810.2000122070313	754969.75	266.6666564941406	1492.666625976563	33195.	
215.6060028076172	654.6363525390625	759027.125	183.3333282470703	1334.333374023438	33345.3984375	
216.8240051269531	867.	762997.3125	327.2727355957031	1500.916625976563	31982.19921875	
218.0420074462891	700.4000244140625	742683.5625	227.2727203369141	1926.666625976563	33496.69921875	
219.2610015869141	956.2222290039063	751549.3125	375.	1559.416625976563	33937.5	
220.47900390625	727.4545288085938	785309.5625	316.6666564941406	1392.583374023438	34631.1015625	
221.6970062255859	818.4545288085938	757701.75	300.	1976.583374023438	32614.	
222.9149932861328	1122.77783203125	762603.125	275.	1709.5	32673.400390625	
224.1329956054688	950.5	768694.6875	366.6666564941406	1701.083374023438	32833.8984375	
225.3509979248047	733.7777709960938	793295.0625	318.2727355957031	2619.	34500.5	
226.5690002441406	900.5	758211.5625	425.1666564941406	1776.333374023438	33154.69921875	
227.7870025634766	980.4000244140625	755220.	350.	1509.333374023438	31981.69921875	
229.0050048828125	882.272705078125	811007.	241.6666717529297	1743.083374023438	32764.099609375	
230.2230072021484	778.111083984375	788400.875	283.3333435058594	1609.5	33657.69921875	
231.4420013427734	850.4166870117188	785162.6875	366.6666564941406	1768.	32643.599609375	
232.6600036621094	840.2999877929688	787400.4375	408.5	1768.	33276.1015625	
233.8780059814453	760.4000244140625	791761.75	450.1000061035156	1834.833374023438	32212.80078125	
235.0959930419922	825.25	821277.4375	340.	1792.833374023438	34549.30078125	
236.3139953613281	960.5999755859375	748397.75	345.4545593261719	1559.416625976563	31771.099609375	
237.5319976806641	683.5833129882813	794488.4375	141.6666717529297	1150.666625976563	33195.5	
238.75	800.25	752356.875	283.4166564941406	1350.833374023438	34057.80078125	
239.9680023193359	754.8181762695313	752065.3125	409.1818237304688	1451.	34449.80078125	
241.1860046386719	709.272705078125	767200.	354.6363525390625	1726.25	32934.3984375	
242.4040069580078	618.272705078125	749220.5625	175.	2619.25	32774.5	
243.6230010986328	690.2000122070313	742527.125	882.4545288085938	1384.333374023438	32453.5	
244.8410034179688	780.2000122070313	723204.4375	250.	1367.583374023438	33486.1015625	
246.0590057373047	750.3333129882813	752307.5625	190.9090881347656	1551.083374023438	32483.400390625	
247.2769927978516	820.4000244140625	738987.5625	283.3333435058594	1217.583374023438	33195.5	
248.4949951171875	990.5	744719.125	341.75	1717.916625976563	32031.80078125	
249.7129974365234	618.5454711914063	734334.25	290.9090881347656	6614.	32433.5	
250.9309997558594	683.5	749286.6875	318.1818237304688	2527.25	33054.80078125	
252.1490020751953	663.8181762695313	777397.	175.	1659.583374023438	32573.69921875	
253.3670043945313	889.5555419921875	746895.5625	258.3333435058594	2686.166748046875	33285.3984375	
254.5859985351563	742.	734284.875	175.	1801.5	31470.400390625	
255.8040008544922	710.2000122070313	746492.875	336.3636474609375	1617.916625976563	32644.	
257.0220031738281	967.111083984375	739335.125	233.3333282470703	1451.	32643.599609375	
258.239990234375	773.	747336.	290.9090881347656	1834.833374023438	31249.69921875	
259.4580078125	964.0908813476563	974273.	266.6666564941406	2886.333251953125	32523.400390625	
260.6759948730469	744.7777709960938	732852.4375	390.	2110.25	31992.	
261.8940124511719	633.5	719662.25	345.4545593261719	1709.666625976563	31832.099609375	
263.1119995117188	800.3333129882813	773195.5625	340.1000061035156	30720.546875	32493.69921875	
264.3299865722656	867.1666870117188	725527.125	400.	1876.583374023438	33467.19921875	
265.5480041503906	1150.800048828125	741488.875	333.4166564941406	1876.5	32614.30078125	
266.7669982910156	625.25	770158.25	441.75	2026.583374023438	33114.5	
267.9849853515625	1050.5	721888.4375	230.	1634.583374023438	31661.5	
269.2030029296875	950.5	751789.75	227.2727203369141	2769.166748046875	32644.19921875	
270.4209899902344	308.3333435058594	733503.125	225.	2652.666748046875	32443.5	
271.6390075683594	1559.916625976563	756726.3125	308.4166564941406	2143.333251953125	34568.77734375	
272.8569946289063	900.4545288085938	733280.875	266.6666564941406	4097.58349609375	31931.400390625	
274.0750122070313	1030.699951171875	742716.	241.6666717529297	2243.5	32614.099609375	
275.2929992675781	1431.	740902.6875	436.4545593261719	2710.916748046875	31961.900390625	
276.510986328125	1991.800048828125	752116.4375	427.2727355957031	2293.5	33044.19921875	
277.72900390625	4774.25	769283.5625	233.3333282470703	2493.916748046875	34268.109375	
278.947998046875	1674.	763511.125	570.4000244140625	3670.25	32483.5	
280.1659851074219	1309.166625976563	774127.125	358.3333435058594	3061.	32152.400390625	
281.3840026855469	2923.	769893.6875	425.1666564941406	2902.5	33295.	
282.6019897460938	1159.083374023438	786522.875	400.	2685.833251953125	32513.69921875	
283.8200073242188	1721.300048828125	795082.9375	1067.416625976563	5781.5	33296.19921875	
285.0379943847656	8772.3330078125	763820.4375	1401.083374023438	25312.73046875	34810.3984375	
286.2560119628906	3503.39990234375	786372.	11696.63671875	14323.1669921875	35723.69921875	
287.4739990234375	3637.	822604.4375	1910.818237304688	11557.4169921875	37135.5	
288.6919860839844	2986.25	783191.125	2074.45458984375	13069.	35894.1015625	
289.9110107421875	3921.083251953125	781529.3125	2666.0908203125	14362.6669921875	40088.19921875	
291.1289978027344	5172.66650390625	804829.9375	3313.199951171875	10672.5830078125	36577.5	
292.3469848632813	7810.89990234375	787420.	15020.5	35102.08984375	32343.833984375	
293.5650024414063	5426.	784869.3125	1961.599975585938	10706.75	36012.80078125	
294.7829895019531	4575.10009765625	789636.375	1983.363647460938	25821.529296875	34959.6015625	
296.0010070800781	4555.83349609375	818344.5	2494.583251953125	10905.4169921875	57255.69921875	
297.218994140625	4254.2998046875	881803.375	2252.199951171875	10668.25	19184.	
298.43701171875	14212.2001953125	786595.5625	11543.9169921875	9656.4169921875	34639.3984375	
299.6549987792969	1874.272705078125	741464.4375	1301.	6658.16650390625	57799.109375	
300.8729858398438	4695.	805293.0625	927.8181762695313	5873.58349609375	32995.3984375	
302.0920104980469	1100.666625976563	742725.3125	767.	6249.	32363.5	
303.3099975585938	1783.272705078125	770520.875	892.25	6140.58349609375	35182.	
304.5280151367188	1651.199951171875	740807.5	536.5454711914063	5239.25	35031.3984375	
305.7460021972656	2493.916748046875	753384.4375	742.0833129882813	4262.91650390625	33727.19921875	
306.9639892578125	1150.75	737822.6875	1120.699951171875	3052.833251953125	35951.8984375	
308.1820068359375	1310.800048828125	795456.	408.4166564941406	9248.0908203125	33888.19921875	
309.3999938964844	958.9166870117188	761263.125	408.3333435058594	2744.083251953125	34509.	
310.6180114746094	1209.909057617188	736675.125	616.8333129882813	2894.333251953125	32503.099609375	
311.8359985351563	1046.272705078125	727089.3125	354.5454406738281	1976.5	32483.099609375	
313.0539855957031	1159.083374023438	739903.125	350.0833435058594	2911.083251953125	31360.69921875	
314.2730102539063	840.5	715809.75	472.8181762695313	2318.583251953125	32513.80078125	
315.4909973144531	1445.444458007813	744254.25	283.3333435058594	2953.25	33577.1015625	
316.7090148925781	1000.599975585938	720407.5625	545.5454711914063	2969.666748046875	33205.69921875	
317.927001953125	1591.300048828125	725400.	363.6363525390625	2435.666748046875	33176.	
319.1449890136719	1133.888916015625	735683.125	408.3333435058594	2168.416748046875	31942.	
320.3630065917969	1010.5	750477.75	281.8181762695313	2652.5	31922.30078125	
321.5809936523438	754.8181762695313	711252.4375	183.3333282470703	1767.916625976563	32533.5	
322.7990112304688	700.1666870117188	728790.6875	358.3333435058594	1459.333374023438	31360.099609375	
324.0169982910156	763.8181762695313	729103.5625	250.	1684.5	32945.	
325.2349853515625	880.5	711540.	263.6363525390625	2110.	32202.5	
326.4540100097656	773.	720491.125	345.4545593261719	1642.833374023438	32233.30078125	
327.6719970703125	960.5	730023.125	191.6666717529297	4364.58349609375	31230.	
328.8900146484375	3865.60009765625	724995.125	281.8181762695313	1884.833374023438	32012.5	
330.1080017089844	791.272705078125	724376.	366.6666564941406	1667.833374023438	32623.80078125	
331.3259887695313	1045.111083984375	725624.875	554.727294921875	1567.833374023438	31390.400390625	
332.5440063476563	780.4000244140625	761911.5625	258.3333435058594	1609.666625976563	33386.3984375	
333.7619934082031	1067.25	744911.5625	491.0909118652344	1909.916625976563	33015.30078125	
334.9800109863281	800.5	734443.5625	350.	3445.333251953125	32252.5	
336.197998046875	850.2999877929688	723424.875	208.3333282470703	1484.25	35437.890625	
337.4169921875	778.	704210.6875	260.	1492.75	32614.599609375	
338.635009765625	1027.818237304688	737213.3125	325.	1476.083374023438	32774.3984375	
339.8529968261719	700.1666870117188	740812.4375	360.1000061035156	1300.833374023438	31841.400390625	
341.0710144042969	600.	743858.6875	345.5454406738281	1292.416625976563	32082.69921875	
342.2890014648438	900.5	743161.3125	427.4545593261719	1434.416625976563	33105.5	
343.5069885253906	375.	725597.75	190.9090881347656	1451.	31801.5	
344.7250061035156	718.4545288085938	736418.6875	208.3333282470703	1359.166625976563	34535.22265625	
345.9429931640625	955.1818237304688	737825.3125	500.	1459.333374023438	31551.	
347.1610107421875	880.4000244140625	711340.4375	216.6666717529297	1534.416625976563	32353.	
348.3789978027344	790.4000244140625	715311.125	172.7272796630859	1893.	31641.19921875	
349.5979919433594	763.9091186523438	811844.125	245.4545440673828	1225.75	32483.80078125	
350.8160095214844	660.0999755859375	704642.6875	175.	1242.583374023438	31822.099609375	
352.0339965820313	591.	746008.875	258.3333435058594	1584.5	32012.099609375	
353.2520141601563	720.2999877929688	715465.3125	150.	1309.333374023438	32443.599609375	
354.4700012207031	720.0999755859375	714840.875	183.3333282470703	1401.	32774.30078125	
355.68798828125	830.2999877929688	724008.875	209.0909118652344	1484.416625976563	33296.3984375	
356.906005859375	980.5999755859375	711405.75	350.	1359.166625976563	32945.	
358.1239929199219	400.	724360.	245.4545440673828	1401.	33356.	
359.3420104980469	760.2000122070313	717908.875	209.0909118652344	1309.166625976563	33426.69921875	
360.5599975585938	910.5	709472.875	133.3333282470703	1384.25	32905.30078125	
361.7789916992188	860.5	732250.6875	245.4545440673828	1342.583374023438	32343.69921875	
362.9970092773438	654.727294921875	730598.25	100.	1434.25	32282.80078125	
364.2149963378906	591.1818237304688	733501.75	250.	1317.5	31922.099609375	
365.4330139160156	750.5	732261.75	175.	1542.833374023438	32484.	
366.6510009765625	745.727294921875	732236.4375	254.5454559326172	1409.333374023438	31189.900390625	
367.8689880371094	730.2000122070313	720433.3125	300.	1250.833374023438	32192.30078125	
369.0870056152344	940.4000244140625	725553.75	275.	1334.166625976563	32785.	
370.3049926757813	625.25	716740.	200.	1417.5	32965.	
371.5230102539063	650.2000122070313	717783.5625	225.	1350.916625976563	32002.69921875	
372.7420043945313	641.9166870117188	726958.25	227.2727203369141	1451.083374023438	33566.3984375	
373.9599914550781	967.2222290039063	711854.6875	83.33333587646484	1267.416625976563	32212.80078125	
375.1780090332031	820.4000244140625	715717.3125	280.	1434.25	32082.5	
376.39599609375	658.5833129882813	714024.875	266.6666564941406	1501.083374023438	32643.599609375	
377.614013671875	740.2999877929688	716230.25	260.	1434.333374023438	32735.099609375	
378.8320007324219	1045.111083984375	714553.3125	250.	1417.666625976563	31019.69921875	
380.0499877929688	533.5833129882813	713800.4375	200.	1384.166625976563	32092.599609375	
381.2680053710938	408.3333435058594	707558.6875	200.	1934.916625976563	32433.099609375	
382.4859924316406	800.2999877929688	730466.25	225.	1367.583374023438	32493.80078125	
383.7040100097656	1130.699951171875	712376.	350.	1734.583374023438	33637.30078125	
384.9230041503906	1111.77783203125	721359.125	227.2727203369141	1968.333374023438	32994.69921875	
386.1409912109375	333.3333435058594	714188.875	280.	1626.25	31711.5	
387.3590087890625	811.4444580078125	715557.3125	372.7272644042969	1592.833374023438	32222.69921875	
388.5769958496094	663.8181762695313	717893.3125	250.	1259.083374023438	33586.80078125	
389.7950134277344	1025.416625976563	708986.6875	118.1818161010742	2210.25	32343.599609375	
391.0130004882813	770.5	716598.25	263.6363525390625	1651.083374023438	31982.	
392.2309875488281	840.2999877929688	717110.25	216.6666717529297	3832.45458984375	32413.400390625	
393.4490051269531	808.75	718655.5625	190.	1234.166625976563	31460.69921875	
394.6669921875	717.0833129882813	721089.75	208.3333282470703	1492.5	31089.599609375	
395.885009765625	745.6363525390625	694820.4375	336.3636474609375	1401.	31641.19921875	
397.10400390625	855.	705586.6875	290.9090881347656	1442.666625976563	35359.77734375	
398.3219909667969	878.3333129882813	714631.5625	254.5454559326172	1434.25	32051.5	
399.5400085449219	575.1666870117188	705545.3125	300.	1642.833374023438	32322.	
400.7579956054688	973.272705078125	694391.5625	190.9090881347656	1342.583374023438	35928.5546875	
401.9760131835938	616.8333129882813	690350.6875	190.9090881347656	1417.583374023438	32232.30078125	
403.1940002441406	911.5555419921875	697561.75	260.	1417.666625976563	30808.69921875	
404.4119873046875	750.2999877929688	678783.125	309.0909118652344	1451.083374023438	31601.	
405.6300048828125	566.7777709960938	679480.4375	183.3333282470703	1417.5	31851.599609375	
406.8479919433594	636.5454711914063	680557.75	175.	1400.916625976563	34758.33203125	
408.0669860839844	740.4000244140625	699191.125	241.6666717529297	1492.666625976563	32343.	
409.2850036621094	691.1818237304688	699408.4375	218.1818237304688	1292.5	32564.400390625	
410.5029907226563	616.75	705684.	290.	1426.	33145.30078125	
411.7210083007813	566.75	708192.4375	327.2727355957031	1526.083374023438	32523.599609375	
412.9389953613281	745.727294921875	710476.4375	250.	1451.	32273.099609375	
414.1570129394531	758.8333129882813	695197.75	175.	1284.166625976563	32603.400390625	
415.375	780.5	696590.6875	166.6666717529297	1367.666625976563	31370.900390625	
416.5929870605469	860.4000244140625	703640.875	216.6666717529297	2074.727294921875	31992.5	
417.8110046386719	641.9166870117188	712014.6875	330.	1259.166625976563	31310.599609375	
419.0289916992188	650.25	712856.	208.3333282470703	1209.	32082.30078125	
420.2479858398438	692.	709807.5625	309.0909118652344	1451.083374023438	31981.5	
421.4660034179688	570.0999755859375	698027.5625	190.	1476.083374023438	32484.	
422.6839904785156	641.9166870117188	706028.	150.	1517.833374023438	31681.099609375	
423.9020080566406	583.5	720290.25	263.6363525390625	1392.416625976563	31681.599609375	
425.1199951171875	800.272705078125	709548.875	516.9166870117188	1200.75	31691.599609375	
426.3380126953125	581.9091186523438	697603.5625	572.9091186523438	1601.083374023438	31901.80078125	
427.5559997558594	3445.10009765625	711211.5625	216.6666717529297	1484.333374023438	33346.19921875	
428.7739868164063	818.5454711914063	698416.4375	291.75	1559.416625976563	33406.30078125	
429.9920043945313	745.727294921875	710664.4375	509.2727355957031	1459.333374023438	31751.19921875	
431.2099914550781	591.0908813476563	715573.75	427.3636474609375	1526.	32513.5	
432.4289855957031	980.5	704188.4375	300.	1350.75	31620.69921875	
433.6470031738281	818.5454711914063	700570.6875	333.4166564941406	1359.166625976563	31531.	
434.864990234375	810.2999877929688	718257.75	336.4545593261719	1734.75	30959.30078125	
436.0830078125	691.9166870117188	737227.125	250.	1467.666625976563	31862.30078125	
437.3009948730469	683.5833129882813	690136.4375	370.	1525.916625976563	31661.	
438.5190124511719	680.2999877929688	709092.	445.6363525390625	1476.	31732.099609375	
439.7369995117188	1242.75	711868.	340.	1325.666625976563	30537.900390625	
440.9549865722656	4809.66650390625	709620.875	370.	1684.5	31821.69921875	
442.1730041503906	840.5	705204.	309.1818237304688	2494.333251953125	31520.69921875	
443.3919982910156	720.2999877929688	710050.6875	330.	1651.166625976563	32323.599609375	
444.6099853515625	1120.599975585938	721075.5625	1145.444458007813	1876.416625976563	30879.099609375	
445.8280029296875	842.	705806.6875	241.6666717529297	1651.166625976563	30949.099609375	
447.0459899902344	1190.800048828125	709053.3125	318.1818237304688	3353.583251953125	31180.	
448.2640075683594	1110.800048828125	695043.125	327.3636474609375	3211.666748046875	32202.69921875	
449.4819946289063	1581.199951171875	699086.6875	600.4166870117188	2210.25	32433.5	
450.7000122070313	725.25	706656.4375	275.	2235.25	32633.80078125	
451.9179992675781	1042.5	695673.3125	336.3636474609375	2869.333251953125	33035.5	
453.135986328125	9089.888671875	703976.	300.	2420.363525390625	32061.900390625	
454.35400390625	650.4166870117188	707882.25	400.	2452.25	32603.80078125	
455.572998046875	817.0833129882813	692038.6875	330.	2410.5	32764.099609375	
456.7909851074219	767.	692829.3125	290.9090881347656	1567.75	32903.8984375	
458.0090026855469	955.	697742.25	210.	2468.75	32855.19921875	
459.2269897460938	992.25	684116.4375	363.6363525390625	3914.199951171875	33699.5546875	
460.4450073242188	458.5	702862.6875	266.75	3053.083251953125	31901.900390625	
461.6629943847656	1159.083374023438	707915.125	440.1000061035156	5065.25	30297.5	
462.8810119628906	1591.300048828125	707411.125	458.5833435058594	2644.083251953125	31110.099609375	
464.0989990234375	1290.900024414063	702400.4375	420.2000122070313	7969.25	33114.69921875	
465.3169860839844	1225.916625976563	697866.25	175.	19564.75	31360.30078125	
466.5350036621094	1961.599975585938	714997.3125	550.1666870117188	13091.	33756.8984375	
467.7539978027344	3270.77783203125	710731.	227.2727203369141	2151.75	31220.099609375	
468.9719848632813	4331.91650390625	712704.	490.1000061035156	5574.25	32273.19921875	
470.1900024414063	3170.	698790.6875	470.1000061035156	4621.58349609375	32102.400390625	
471.4079895019531	53313.30078125	702972.	341.75	4980.58349609375	32212.69921875	
472.6260070800781	2557.	709235.125	566.9166870117188	3436.75	32253.19921875	
473.843994140625	1709.666625976563	704584.875	391.0909118652344	3419.916748046875	32693.400390625	
475.06201171875	1846.909057617188	690809.3125	263.6363525390625	4254.33349609375	35627.4453125	
476.2799987792969	10521.6669921875	701360.	436.4545593261719	24534.5	32804.30078125	
477.4979858398438	7886.75	706030.6875	309.0909118652344	10021.3330078125	32814.69921875	
478.7170104980469	8157.5556640625	723624.4375	266.6666564941406	8326.9169921875	36309.22265625	
479.9349975585938	4459.27294921875	709741.3125	340.1000061035156	17447.75	33045.69921875	
481.1530151367188	7376.	717477.75	700.272705078125	18000.166015625	32332.69921875	
482.3710021972656	7349.10009765625	700707.125	418.3636474609375	10647.6669921875	32082.69921875	
483.5889892578125	3166.45458984375	682688.875	500.1818237304688	10391.75	31972.30078125	
484.8070068359375	4037.833251953125	700381.3125	580.0999755859375	14098.1669921875	31540.5	
486.0249938964844	4359.0908203125	728102.6875	533.5	44648.203125	31361.099609375	
487.2430114746094	3286.416748046875	727076.875	520.2000122070313	31451.5	31350.599609375	
488.4609985351563	6016.89990234375	734994.25	600.0908813476563	16235.3330078125	31651.5	
489.6789855957031	5260.27294921875	736558.6875	563.8181762695313	119466.2109375	30527.5	
490.8980102539063	18475.666015625	718858.6875	336.3636474609375	39522.41796875	33065.5	
492.1159973144531	12847.	725634.875	792.25	134315.8125	32123.30078125	
493.3340148925781	33569.25	741015.5625	1601.45458984375	103119.9765625	32223.30078125	
494.552001953125	11022.75	695255.5625	718.5454711914063	38613.5	30778.900390625	
495.7699890136719	4955.33349609375	713123.5625	366.75	24262.25	31781.400390625	
496.9880065917969	14172.5458984375	705401.75	400.1666564941406	18898.666015625	35226.22265625	
498.2059936523438	46026.	702224.	400.	63885.55859375	32485.	
499.4240112304688	23258.455078125	705387.5625	445.5454406738281	51352.	32133.	
500.6419982910156	8627.3330078125	725841.3125	858.8333129882813	41140.08984375	32905.19921875	
501.8599853515625	11924.0830078125	734075.125	733.6666870117188	33500.91796875	33476.5546875	
503.0790100097656	14646.9169921875	740068.	800.2999877929688	27080.416015625	31401.	
504.2969970703125	21018.22265625	722944.9375	1120.699951171875	22679.5	32142.5	
505.5150146484375	51529.	736487.5625	1092.25	47351.328125	32022.599609375	
506.7330017089844	9228.75	724702.375	1167.25	34918.5	31991.80078125	
507.9509887695313	11196.63671875	788736.4375	3019.916748046875	15096.75	32323.30078125	
509.1690063476563	12050.3330078125	845768.1875	3021.0908203125	17758.5	32875.19921875	
510.3869934082031	8077.58349609375	735789.3125	1651.400024414063	69725.59375	32593.900390625	
511.6050109863281	6474.33349609375	716534.25	1683.	12959.25	33055.6015625	
512.822998046875	8962.	718153.75	2820.9091796875	8894.0830078125	33958.1015625	
514.041015625	8154.888671875	709540.	2970.	16229.8330078125	32834.5	
515.260009765625	5295.60009765625	730740.	1534.333374023438	13859.9169921875	32353.30078125	
516.47802734375	5483.77783203125	714196.4375	2360.416748046875	10372.75	33837.80078125	
517.6959838867188	1709.833374023438	716332.4375	1459.333374023438	16718.916015625	33295.69921875	
518.9140014648438	2043.333374023438	741162.25	1442.583374023438	7091.83349609375	31671.19921875	
520.1320190429688	3521.636474609375	757702.125	3850.45458984375	6816.25	32704.400390625	
521.3499755859375	2684.272705078125	667979.5625	2452.166748046875	7309.75	33366.5	
522.5679931640625	3092.800048828125	717818.25	508.4166564941406	8287.5	32814.8984375	
523.7860107421875	2176.833251953125	707172.	2767.181884765625	6507.58349609375	32904.19921875	
525.0040283203125	2320.272705078125	690618.6875	1351.25	4087.416748046875	32734.900390625	
526.2230224609375	3253.300048828125	690274.25	1219.181762695313	3203.083251953125	32092.80078125	
527.4409790039063	2338.54541015625	698769.3125	2252.	7060.08349609375	31821.19921875	
528.6589965820313	1025.416625976563	689116.875	625.25	7806.	32985.19921875	
529.8770141601563	2157.4443359375	722563.125	2022.	3086.333251953125	34803.22265625	
531.094970703125	1481.	684426.6875	525.0833129882813	3678.833251953125	34178.4453125	
532.31298828125	2147.272705078125	711007.125	408.5	4998.	32694.099609375	
533.531005859375	1125.75	684068.875	500.1666564941406	2235.083251953125	34471.19921875	
534.7490234375	1284.166625976563	714581.3125	391.8333435058594	3645.333251953125	33755.77734375	
535.9669799804688	1676.416625976563	696421.3125	291.6666564941406	2452.25	34836.33203125	
537.1849975585938	1531.099975585938	703638.6875	683.5833129882813	3320.	32613.400390625	
538.4039916992188	1064.363647460938	684263.5625	1483.272705078125	2477.083251953125	31300.599609375	
539.6220092773438	583.5	706047.125	316.75	5015.	35070.4453125	
540.8400268554688	6020.72705078125	722379.125	345.4545593261719	2894.333251953125	30738.80078125	
542.0579833984375	708.6666870117188	716366.6875	325.	4247.	32844.5	
543.2760009765625	1534.5	691444.4375	383.4166564941406	1442.666625976563	32143.	
544.4940185546875	7108.91650390625	712424.	366.75	4705.08349609375	31350.400390625	
545.7119750976563	880.4000244140625	722534.6875	272.7272644042969	6588.16650390625	33014.80078125	
546.9299926757813	1701.272705078125	715474.6875	350.	1809.75	32663.80078125	
548.1480102539063	541.8333129882813	708562.6875	336.3636474609375	2151.666748046875	31982.099609375	
549.3670043945313	982.4545288085938	691911.125	191.6666717529297	4638.5	30347.30078125	
550.5850219726563	2925.111083984375	691845.75	281.8181762695313	4146.16650390625	31972.599609375	
551.802978515625	1492.916625976563	694041.3125	1952.300048828125	10272.6669921875	31901.69921875	
553.02099609375	2503.166748046875	701944.875	608.5	16430.666015625	31169.30078125	
554.239013671875	8488.4169921875	702292.875	1792.818237304688	31005.833984375	35293.33203125	
555.4569702148438	16223.5	748274.9375	583.4166870117188	34445.33203125	31951.80078125	
556.6749877929688	13248.7275390625	852352.6875	1146.272705078125	25035.5	33206.1015625	
557.8930053710938	6574.16650390625	732774.25	1656.888916015625	60102.0703125	34881.33203125	
559.1110229492188	14758.0908203125	719101.75	673.	93211.4609375	36932.22265625	
560.3289794921875	16999.69921875	742514.25	742.	34829.58203125	31310.400390625	
561.5479736328125	30572.4453125	729974.25	1146.363647460938	62108.5	31861.599609375	
562.7659912109375	14655.1669921875	747576.875	991.272705078125	35424.08203125	31621.099609375	
563.9840087890625	17642.	735832.875	642.	29955.916015625	38661.22265625	
565.2020263671875	25378.22265625	727812.875	827.6363525390625	26494.	32173.19921875	
566.4199829101563	41505.875	726147.5625	1391.	42976.36328125	32152.5	
567.6380004882813	4571.41650390625	701006.6875	1050.599975585938	26938.583984375	35874.890625	
568.8560180664063	5864.91650390625	707675.125	733.75	38965.66796875	35460.5546875	
570.073974609375	21666.80078125	730595.125	1142.583374023438	31252.5	30808.80078125	
571.2919921875	7381.9091796875	745177.75	725.25	34399.66796875	33054.8984375	
572.510009765625	14741.111328125	719523.125	527.3636474609375	53683.91796875	32002.400390625	
573.72900390625	9089.6669921875	721115.125	525.1666870117188	112374.59375	33015.3984375	
574.947021484375	8536.5830078125	727188.875	500.	42540.58203125	30979.	
576.1649780273438	7609.181640625	728700.	416.6666564941406	59358.41796875	34635.5546875	
577.3829956054688	9231.7001953125	709134.6875	650.3333129882813	36071.08203125	32142.599609375	
578.6010131835938	12506.77734375	712455.5625	491.	35738.91796875	31993.	
579.8189697265625	6106.63623046875	722306.25	691.9166870117188	39945.25	30929.5	
581.0369873046875	5639.5556640625	759402.125	566.9166870117188	35060.91796875	32453.599609375	
582.2550048828125	5852.63623046875	708781.3125	383.3333435058594	50337.5	32022.400390625	
583.4730224609375	6126.7998046875	718007.125	527.3636474609375	38137.75	32002.30078125	
584.6909790039063	24433.25	703593.	680.2000122070313	24746.666015625	31921.80078125	
585.9099731445313	4614.7998046875	695278.6875	450.0833435058594	18120.666015625	32002.5	
587.1279907226563	8068.9091796875	695043.5625	475.0833435058594	16657.833984375	33035.	
588.3460083007813	2427.166748046875	713314.25	454.6363525390625	18393.416015625	30908.900390625	
589.5640258789063	4827.5556640625	699808.	654.8181762695313	13917.6669921875	31351.	
590.781982421875	2327.166748046875	704410.6875	418.1818237304688	20096.5	32183.	
592.	1084.	694387.125	281.8181762695313	8877.6669921875	35259.77734375	
593.218017578125	2360.333251953125	706665.3125	283.3333435058594	14082.5830078125	31420.5	
594.4359741210938	2969.583251953125	700997.3125	570.2000122070313	12450.5	44898.77734375	
595.6539916992188	4360.181640625	717753.3125	454.5454406738281	14913.3330078125	32894.69921875	
596.8729858398438	3611.916748046875	715577.3125	491.0909118652344	17078.916015625	34290.77734375	
598.0910034179688	4538.5	735936.625	354.5454406738281	33177.18359375	32383.30078125	
599.3090209960938	11461.181640625	723152.875	1361.199951171875	56128.7265625	32713.80078125	
600.5269775390625	11075.2001953125	907771.6875	454.5454406738281	61640.85546875	32735.400390625	
601.7449951171875	10796.2724609375	720035.125	582.	141681.078125	41493.5	
602.9630126953125	43660.33203125	797994.125	850.5833129882813	176142.515625	31882.19921875	
604.1810302734375	7258.75	763686.625	873.272705078125	153652.375	31229.80078125	
605.3989868164063	11876.900390625	749277.75	767.1666870117188	25263.333984375	31782.099609375	
606.6170043945313	19824.36328125	769967.625	625.25	39176.66796875	33521.66796875	
607.8350219726563	14446.75	723387.125	1260.800048828125	688624.8125	34758.33203125	
609.0540161132813	126171.8125	739554.6875	509.1818237304688	19632.	32554.19921875	
610.27197265625	18366.	723325.3125	958.8333129882813	35769.33203125	32604.19921875	
611.489990234375	16255.599609375	719445.3125	1100.727294921875	36027.66796875	32353.19921875	
612.7080078125	59222.78515625	752233.75	1008.916687011719	83863.703125	33035.3984375	
613.926025390625	16065.5830078125	764878.25	716.9166870117188	32421.25	32483.30078125	
615.1439819335938	26890.2734375	734580.	842.0833129882813	64033.	32413.099609375	
616.3619995117188	14829.8330078125	762264.4375	1337.272705078125	79331.0859375	32192.900390625	
617.5800170898438	41916.5	758892.	1417.833374023438	84934.8359375	35292.77734375	
618.7979736328125	41975.8984375	745141.125	1501.090942382813	97673.6640625	33897.	
620.0159912109375	49769.69921875	819002.25	2948.727294921875	214741.203125	35616.4453125	
621.2349853515625	34994.30078125	785804.6875	1926.5	100487.1640625	31802.	
622.4530029296875	30651.5	1323151.75	2001.727294921875	177780.609375	31882.19921875	
623.6710205078125	56095.17578125	900632.3125	7591.2001953125	205084.0625	48956.4453125	
624.8889770507813	53161.18359375	878345.5625	4839.33349609375	332895.125	35522.1015625	
626.1069946289063	46721.25	892391.5625	4641.08349609375	150848.828125	33135.	
627.3250122070313	80415.	1041460.5625	1918.333374023438	427318.875	38294.5546875	
628.5430297851563	42849.33203125	833389.75	1734.75	119047.1640625	34751.3984375	
629.760986328125	85889.109375	771464.4375	2319.416748046875	103070.0625	35620.6015625	
630.97900390625	37080.41796875	877627.3125	1417.666625976563	101206.25	33396.19921875	
632.197998046875	34453.1015625	780583.9375	3683.89990234375	99650.8359375	32875.19921875	
633.416015625	39077.83203125	842189.4375	7475.66650390625	229732.28125	34720.69921875	
634.6339721679688	57754.18359375	865969.625	3370.	111686.7109375	33897.80078125	
635.8519897460938	162928.0625	769290.6875	2936.166748046875	174611.640625	34319.80078125	
637.0700073242188	45400.546875	800647.5625	6024.	150388.046875	33046.19921875	
638.2880249023438	37482.41796875	833677.4375	3021.0908203125	105327.1640625	40403.30078125	
639.5059814453125	79151.6015625	1487563.	1965.181762695313	111810.5	35974.5	
640.7239990234375	55379.91015625	786456.875	3193.9091796875	470863.71875	34640.3984375	
641.9420166015625	26412.818359375	798108.	1517.75	67573.	34980.80078125	
643.1599731445313	59088.19921875	800271.5625	8294.5556640625	74823.9140625	32523.400390625	
644.3790283203125	86137.953125	768044.4375	1601.	89228.6640625	35715.1015625	
645.5969848632813	19249.091796875	834834.875	2083.727294921875	104655.375	31500.400390625	
646.8150024414063	19567.166015625	776006.125	918.6363525390625	89502.8203125	31751.599609375	
648.0330200195313	14439.5	759294.625	1036.909057617188	151122.71875	32352.5	
649.2509765625	16877.400390625	789472.8125	1467.583374023438	130644.0703125	35152.	
650.468994140625	76233.203125	767641.125	3414.199951171875	41558.83203125	35259.3984375	
651.68701171875	9405.25	737001.75	1182.45458984375	101518.265625	31360.80078125	
652.905029296875	19318.083984375	762201.75	1473.818237304688	50556.83203125	35212.5	
654.1229858398438	34049.453125	755201.75	1537.727294921875	111285.578125	32704.599609375	
655.3410034179688	14931.1669921875	751364.	1621.199951171875	66941.4140625	32182.69921875	
656.5599975585938	16710.416015625	731887.125	2584.45458984375	148868.	32794.19921875	
657.7780151367188	16225.1669921875	778067.125	1628.54541015625	46460.5	37347.19921875	
658.9959716796875	25628.181640625	737472.875	1376.083374023438	71242.25	33526.19921875	
660.2139892578125	19650.091796875	727172.4375	1309.909057617188	63664.33203125	37433.1015625	
661.4320068359375	12939.	712244.875	3063.60009765625	66159.125	32975.	
662.6500244140625	31529.833984375	726719.5625	1055.181762695313	66255.7734375	31059.599609375	
663.8679809570313	32255.333984375	804562.1875	1191.636352539063	58399.41796875	31781.900390625	
665.0859985351563	55172.53125	730982.25	1034.	62714.55078125	32102.80078125	
666.3040161132813	16969.333984375	726767.125	783.75	39325.58203125	36743.22265625	
667.5230102539063	11515.	711562.25	3084.10009765625	17509.666015625	30818.5	
668.7410278320313	21619.099609375	766029.375	1401.090942382813	23393.583984375	32704.30078125	
669.958984375	9948.5458984375	688894.6875	636.6363525390625	41153.25	31731.30078125	
671.177001953125	13013.5830078125	705523.125	800.4000244140625	15816.25	34524.4453125	
672.39501953125	22669.5	717540.4375	682.0908813476563	19780.833984375	34647.109375	
673.6129760742188	8450.2998046875	710135.125	463.8181762695313	34190.	30849.099609375	
674.8309936523438	6489.0908203125	718792.4375	525.1666870117188	71394.09375	31781.400390625	
676.0490112304688	5965.41650390625	691124.875	882.1818237304688	24910.083984375	31571.19921875	
677.2670288085938	6838.7998046875	680329.75	554.6363525390625	10497.1669921875	32053.099609375	
678.4849853515625	7198.39990234375	674004.4375	620.2000122070313	10221.4169921875	32724.099609375	
679.7039794921875	4996.83349609375	682251.5625	1092.5	42826.8828125	31982.5	
680.9219970703125	5269.36376953125	709435.5625	1000.454528808594	35122.58203125	31531.19921875	
682.1400146484375	5105.58349609375	689119.125	733.6666870117188	26039.416015625	32372.900390625	
683.3579711914063	6490.83349609375	702503.125	1501.090942382813	25151.416015625	31871.900390625	
684.5759887695313	10413.181640625	713742.25	1175.75	32145.	33035.1015625	
685.7940063476563	19204.5	732429.75	1551.166625976563	54837.25	35527.33203125	
687.0120239257813	18389.69921875	732587.5625	2329.181884765625	42020.66796875	36342.	
688.22998046875	12957.599609375	701445.75	1275.833374023438	27249.333984375	33536.8984375	
689.447998046875	17491.	721308.	1765.	38443.75	33877.80078125	
690.666015625	10286.	719600.875	1555.636352539063	31404.916015625	32102.80078125	
691.885009765625	10789.1669921875	716530.6875	1291.636352539063	23674.333984375	32072.5	
693.10302734375	14150.5	726469.75	975.4166870117188	37042.83203125	32965.5	
694.3209838867188	31362.75	701180.	1467.75	34654.16796875	34841.5	
695.5390014648438	21664.666015625	724088.4375	11384.1669921875	46493.66796875	32925.30078125	
696.7570190429688	11257.171875	703756.4375	1692.272705078125	16239.75	31791.69921875	
697.9749755859375	6532.41650390625	693184.	836.8181762695313	25063.916015625	32293.69921875	
699.1929931640625	8693.2724609375	683279.125	1092.333374023438	37848.59375	30498.19921875	
700.4110107421875	7158.7001953125	696709.3125	616.75	16892.583984375	33467.69921875	
701.6290283203125	8441.2998046875	712591.5625	1568.	13527.6669921875	32604.099609375	
702.8469848632813	8491.099609375	702019.5625	1140.800048828125	13903.4169921875	32353.30078125	
704.0659790039063	12415.36328125	677150.25	1070.599975585938	12626.	34702.5546875	
705.2839965820313	7540.	681180.5	691.9166870117188	9178.	31742.19921875	
706.5020141601563	7901.0908203125	692939.125	600.1818237304688	10538.75	32392.900390625	
707.719970703125	6689.36376953125	685723.5625	525.0833129882813	10079.5	33086.77734375	
708.93798828125	9616.1669921875	679539.125	718.3636474609375	25294.	32052.69921875	
710.156005859375	7026.36376953125	700614.25	700.3636474609375	44951.5	31671.30078125	
711.3740234375	9812.5	703780.875	1100.833374023438	33137.	39634.66796875	
712.5919799804688	13278.900390625	714836.875	1008.916687011719	35619.66796875	39037.80078125	
713.8099975585938	20368.333984375	715649.3125	1037.	54416.5	32032.80078125	
715.0289916992188	12149.5830078125	719606.25	1284.083374023438	27081.833984375	37101.5546875	
716.2470092773438	34917.80078125	708664.875	1075.5	56243.41796875	32604.80078125	
717.4650268554688	16525.833984375	711820.875	2211.	37981.16796875	33699.5546875	
718.6829833984375	15455.22265625	732307.5625	1000.454528808594	34772.	34412.77734375	
719.9010009765625	16870.63671875	705453.75	1100.636352539063	43733.	32734.599609375	
721.1190185546875	10680.4169921875	709145.75	1125.75	24951.5	32393.400390625	
722.3369750976563	11324.4169921875	729159.125	1373.727294921875	29000.833984375	31911.599609375	
723.5549926757813	46810.4375	717020.	1028.	33527.41796875	49239.33203125	
724.7730102539063	11989.181640625	717444.	873.1818237304688	64324.91015625	32283.30078125	
725.9910278320313	19472.4453125	723192.875	818.4545288085938	28706.166015625	32243.099609375	
727.2100219726563	12208.6669921875	696291.125	1350.800048828125	31205.5	32193.19921875	
728.427978515625	11743.36328125	705629.75	1564.818237304688	105713.8046875	32283.19921875	
729.64599609375	10961.	711789.3125	1300.818237304688	74587.984375	36196.33203125	
730.864013671875	14985.4541015625	703706.25	1934.916625976563	32679.166015625	31852.099609375	
732.0819702148438	7158.	739130.25	2512.199951171875	46079.08203125	32113.	
733.2999877929688	10605.3330078125	722621.3125	1476.166625976563	41565.16796875	31661.599609375	
734.5180053710938	16218.3330078125	700147.125	1692.916625976563	42956.83203125	62886.66796875	
735.7360229492188	11897.5458984375	720164.4375	1421.	31432.833984375	32193.099609375	
736.9539794921875	43189.8671875	721412.875	2118.666748046875	33346.5	35973.33203125	
738.1729736328125	13528.9169921875	692596.875	1264.54541015625	30245.416015625	31591.19921875	
739.3909912109375	18469.	719081.3125	2031.800048828125	25566.833984375	34134.5546875	
740.6090087890625	11086.818359375	739887.5625	1881.400024414063	20853.	32142.80078125	
741.8270263671875	13145.5	709116.875	1641.199951171875	20590.25	32924.8984375	
743.0449829101563	9391.7998046875	728892.	882.3636474609375	21377.666015625	33075.80078125	
744.2630004882813	6598.36376953125	711558.25	883.8333129882813	13544.6669921875	33125.80078125	
745.4810180664063	12246.599609375	686084.	1359.583374023438	12243.1669921875	33096.1015625	
746.698974609375	7000.83349609375	700478.6875	491.75	23682.083984375	31360.900390625	
747.9169921875	4388.75	698321.75	909.5454711914063	11540.1669921875	32985.5	
749.135009765625	5728.4443359375	697965.3125	1776.75	16298.5830078125	31822.19921875	
750.35400390625	10015.2001953125	692760.4375	945.9091186523438	13841.1669921875	40920.	
751.572021484375	15199.099609375	708471.125	600.0908813476563	10255.8330078125	31159.900390625	
752.7899780273438	1809.75	697356.4375	955.1818237304688	8502.6669921875	32494.19921875	
754.0079956054688	3692.4443359375	719471.5625	609.272705078125	8043.08349609375	30618.099609375	
755.2260131835938	5917.66650390625	729610.25	754.9091186523438	12358.5830078125	32193.5	
756.4439697265625	5080.41650390625	684436.875	1217.666625976563	15255.75	33306.1015625	
757.6619873046875	4512.91650390625	725168.4375	709.272705078125	40734.41796875	31450.30078125	
758.8800048828125	9484.7275390625	705072.	1200.833374023438	32997.66796875	34460.80078125	
760.0980224609375	11633.75	707022.6875	2327.416748046875	49509.5	33338.	
761.3159790039063	58362.77734375	727182.6875	2101.818115234375	42688.66796875	34324.109375	
762.5349731445313	31332.36328125	746789.9375	1826.416625976563	61008.16796875	35237.22265625	
763.7529907226563	33500.08203125	824940.75	2347.54541015625	78560.5859375	34871.5	
764.9710083007813	28429.833984375	778989.75	2393.0908203125	103742.578125	33678.1015625	
766.1890258789063	25386.583984375	735476.4375	2547.727294921875	112869.4140625	32514.099609375	
767.406982421875	36314.33203125	741036.875	2610.75	99297.25	35204.22265625	
768.625	46832.3984375	787173.8125	3353.333251953125	88966.25	32504.099609375	
769.843017578125	52070.69921875	778168.875	1768.083374023438	93177.515625	32644.400390625	
771.0609741210938	69681.	781734.25	2185.25	112943.9140625	31591.	
772.2789916992188	41220.30078125	803869.75	1728.54541015625	109019.5	33496.8984375	
773.4970092773438	48343.16796875	777487.5625	1726.333374023438	97095.25	33687.80078125	
774.7160034179688	46232.5546875	803607.5625	1551.25	129589.6640625	32122.30078125	
775.9340209960938	30607.30078125	785167.5625	1555.818237304688	74687.5	33196.19921875	
777.1519775390625	29563.666015625	787666.6875	1992.54541015625	63718.	32003.099609375	
778.3699951171875	47876.81640625	751585.75	1683.	66501.3359375	32654.900390625	
779.5880126953125	30058.2734375	766539.1875	1328.090942382813	62944.08203125	31211.666015625	
780.8060302734375	24117.25	802510.875	1159.25	45882.08203125	35315.77734375	
782.0239868164063	33188.69921875	785442.4375	1373.909057617188	74370.78125	34019.3984375	
783.2420043945313	24517.583984375	793029.3125	5210.25	74676.8359375	32383.69921875	
784.4600219726563	19915.916015625	774770.25	2569.	86773.140625	38343.8984375	
785.6790161132813	22774.908203125	768684.0625	2536.25	54088.	39745.890625	
786.89697265625	32054.443359375	766355.125	2374.636474609375	82042.484375	33045.30078125	
788.114990234375	31558.	770280.875	1242.583374023438	53384.91796875	32904.6015625	
789.3330078125	26412.908203125	751237.3125	1219.090942382813	151875.859375	32253.	
790.551025390625	43910.	777844.	1234.083374023438	63913.83203125	34947.77734375	
791.7689819335938	40282.66796875	790647.5	2038.090942382813	137047.90625	30698.900390625	
792.9869995117188	45358.66796875	766141.75	1319.090942382813	117677.6640625	31320.5	
794.2050170898438	45678.81640625	800650.6875	2469.083251953125	57277.08203125	36157.80078125	
795.4229736328125	28161.900390625	783020.875	2135.75	137915.265625	32735.099609375	
796.6409912109375	23160.5	730220.4375	3467.45458984375	67340.	32052.599609375	
797.8599853515625	44768.453125	753200.4375	1275.916625976563	63387.58203125	33286.3984375	
799.0780029296875	41753.19921875	756689.75	1009.083312988281	117700.421875	32404.400390625	
800.2960205078125	94288.8203125	769924.875	1974.181762695313	104600.	32634.19921875	
801.5139770507813	79582.453125	1314104.125	2939.	239125.84375	34249.80078125	
802.7319946289063	123851.5859375	874491.125	5150.72705078125	376353.5625	35853.69921875	
803.9500122070313	239947.4375	1087191.125	6206.72705078125	497222.875	38834.30078125	
805.1680297851563	276687.09375	1435858.375	11741.4169921875	627772.8125	38583.80078125	
806.385986328125	478843.28125	1938291.5	25606.818359375	672447.6875	53691.2734375	
807.60400390625	408901.1875	1262509.625	8502.0830078125	1810287.125	39777.3984375	
808.822021484375	356498.1875	1486469.375	105027.6640625	1090022.875	42566.3984375	
810.041015625	620628.3125	1361905.5	13064.9091796875	734783.8125	40439.30078125	
811.2589721679688	377548.5625	1446349.375	22433.181640625	595841.6875	42947.5	
812.4769897460938	382807.375	1329308.875	9294.9169921875	584803.125	52947.1015625	
813.6950073242188	280990.90625	1197661.	9796.	1125836.875	38051.80078125	
814.9130249023438	298837.46875	1438449.125	8529.	463797.03125	40549.80078125	
816.1309814453125	265717.34375	1564234.875	10815.7275390625	476387.8125	37418.3984375	
817.3489990234375	272294.8125	1343142.875	6248.83349609375	612574.9375	40789.66796875	
818.5670166015625	238743.546875	1080654.75	4996.181640625	310883.65625	40388.4453125	
819.7849731445313	279247.53125	1786975.375	11064.6669921875	293531.34375	47966.66796875	
821.0040283203125	274165.71875	984264.1875	5525.89990234375	270871.8125	34561.1015625	
822.2219848632813	136108.03125	999056.75	4377.181640625	297805.34375	36726.30078125	
823.4400024414063	149025.734375	920305.125	3870.416748046875	282218.375	33457.19921875	
824.6580200195313	232591.59375	1272992.25	4955.16650390625	261161.265625	37158.6015625	
825.8759765625	127696.09375	939611.125	4413.63623046875	241512.125	44719.	
827.093994140625	85777.5859375	1199221.375	3658.0908203125	493603.0625	57258.5390625	
828.31201171875	128892.703125	891835.75	3219.833251953125	222630.671875	35945.1015625	
829.530029296875	150468.78125	972711.375	4705.0908203125	191132.	33536.30078125	
830.7479858398438	108421.6015625	863081.9375	3428.25	178994.671875	38982.6015625	
831.9660034179688	102081.296875	843851.125	3066.54541015625	754837.1875	37946.5546875	
833.1849975585938	120880.21875	795488.	2685.583251953125	161596.25	39253.22265625	
834.4030151367188	86358.796875	965489.4375	3075.54541015625	139157.5625	40567.109375	
835.6209716796875	54273.2734375	833193.75	6137.27294921875	180605.75	32835.30078125	
836.8389892578125	77764.90625	841613.3125	4113.36376953125	191493.921875	32784.80078125	
838.0570068359375	104620.96875	938046.625	3075.45458984375	188529.46875	40515.8984375	
839.2750244140625	206772.8125	994747.375	3348.636474609375	240110.734375	31992.30078125	
840.4929809570313	79724.796875	1514477.25	5807.0908203125	218433.65625	32042.69921875	
841.7109985351563	125355.3359375	924614.6875	5292.5	128693.1640625	34389.1015625	
842.9290161132813	67946.1640625	1289739.625	3394.54541015625	171216.328125	37712.33203125	
844.14697265625	68523.6015625	919925.8125	1847.	174866.578125	32032.5	
845.3660278320313	48082.81640625	804064.4375	3139.272705078125	117972.5	35775.80078125	
846.583984375	51857.81640625	716828.375	2192.818115234375	106879.75	34691.77734375	
847.802001953125	57634.19921875	789668.	5690.66650390625	340154.8125	34028.80078125	
849.02001953125	20077.25	752816.875	1659.666625976563	149464.203125	32072.099609375	
850.2379760742188	32829.58203125	779306.5	1601.166625976563	114684.6015625	35327.33203125	
851.4559936523438	42743.08984375	760633.75	1555.636352539063	97941.6640625	37134.66796875	
852.6740112304688	57425.7421875	772842.6875	1619.363647460938	78458.5	32122.5	
853.8920288085938	39427.69921875	770004.875	2074.54541015625	82940.5859375	34029.	
855.1099853515625	31401.7265625	747960.625	2362.199951171875	84891.25	32283.30078125	
856.3289794921875	40850.69921875	789274.6875	1668.083374023438	84943.5859375	32925.3984375	
857.5469970703125	51375.16796875	771328.875	1637.54541015625	91257.3515625	35193.22265625	
858.7650146484375	35066.6015625	745453.75	1428.272705078125	48941.58203125	30959.599609375	
859.9829711914063	15456.8330078125	724596.4375	1117.333374023438	189633.078125	31441.099609375	
861.2009887695313	25026.2734375	762649.25	1325.916625976563	80491.5	34134.	
862.4190063476563	14941.4169921875	698532.	891.3636474609375	49549.66796875	34256.77734375	
863.6370239257813	37000.66796875	748464.5625	1033.916625976563	70730.6953125	34323.4453125	
864.85498046875	39800.69921875	1244792.875	1242.5	75331.	30909.5	
866.072998046875	13727.3330078125	728481.3125	867.25	51485.66796875	31571.400390625	
867.291015625	90821.6640625	722275.125	1300.800048828125	111309.0234375	31892.400390625	
868.510009765625	31141.083984375	736173.3125	973.0908813476563	67734.2734375	32083.	
869.72802734375	26668.083984375	706805.75	2703.166748046875	34094.58203125	32383.5	
870.9459838867188	21746.69921875	694813.75	1392.75	41793.5	31310.80078125	
872.1640014648438	30514.69921875	900811.9375	1559.583374023438	82387.7265625	40925.22265625	
873.3820190429688	15162.	713244.4375	2511.818115234375	45684.91796875	40865.4453125	
874.5999755859375	32699.455078125	762745.	1092.333374023438	33028.25	31983.	
875.8179931640625	8903.0830078125	729140.4375	1801.599975585938	264604.09375	31621.099609375	
877.0360107421875	14651.5	690600.875	933.75	59403.17578125	31480.80078125	
878.2540283203125	18713.166015625	701289.3125	3871.888916015625	34569.25	32945.69921875	
879.4719848632813	12318.5	702570.6875	1064.272705078125	23744.416015625	34339.19921875	
880.6909790039063	12848.4169921875	708319.5625	864.	29651.083984375	31430.5	
881.9089965820313	14668.111328125	688716.	1334.083374023438	18506.166015625	32072.5	
883.1270141601563	5579.	700389.75	675.25	19507.416015625	33025.5	
884.344970703125	27158.666015625	703480.	591.8333129882813	21178.25	32643.400390625	
885.56298828125	7609.45458984375	702396.	640.2000122070313	16919.25	31129.900390625	
886.781005859375	9532.400390625	728532.875	550.1666870117188	14638.9169921875	31641.80078125	
887.9990234375	12021.099609375	696207.5625	975.75	16373.	32513.599609375	
889.2169799804688	6585.33349609375	702944.	770.4000244140625	9187.0830078125	35382.77734375	
890.4349975585938	3269.916748046875	707340.4375	466.75	10972.5830078125	30829.30078125	
891.6539916992188	2285.333251953125	707566.75	618.3636474609375	17726.833984375	35037.	
892.8720092773438	15706.	691589.75	1137.272705078125	54046.66796875	34112.22265625	
894.0900268554688	22187.833984375	765270.6875	1037.	73765.6640625	34368.4453125	
895.3079833984375	53783.22265625	769469.75	1655.727294921875	158805.828125	35081.33203125	
896.5260009765625	52097.80078125	787967.125	1676.333374023438	121290.0859375	32263.599609375	
897.7440185546875	66465.6015625	764672.	2311.89990234375	106033.4140625	32985.6015625	
898.9619750976563	53762.2734375	806810.625	1531.199951171875	188258.71875	33822.	
900.1799926757813	62991.69921875	779240.	1791.400024414063	184651.015625	34724.66796875	
901.3980102539063	56193.30078125	774693.75	1461.	137100.640625	32865.19921875	
902.6160278320313	58074.1015625	776947.5625	1175.75	140685.328125	30067.30078125	
903.8350219726563	48684.36328125	756016.875	1373.636352539063	106909.0859375	34133.890625	
905.052978515625	39478.63671875	852993.	2477.5	116787.3359375	34858.33203125	
906.27099609375	41426.41796875	768314.25	1419.272705078125	108346.0859375	36438.19921875	
907.489013671875	38120.83203125	717544.4375	1000.5	92467.9140625	31852.099609375	
908.7069702148438	68701.453125	751265.3125	1150.599975585938	79046.6640625	31450.900390625	
909.9249877929688	48380.22265625	793246.0625	1075.583374023438	90497.3671875	32403.5	
911.1430053710938	33560.69921875	765244.875	4124.9091796875	124195.640625	32935.3984375	
912.3610229492188	24183.916015625	760360.	1220.800048828125	75064.859375	32454.	
913.5789794921875	32937.5	721806.6875	2028.818237304688	56478.75	31521.5	
914.7969970703125	30877.900390625	729488.4375	1683.181762695313	101279.21875	32634.5	
916.0159912109375	16542.36328125	817222.625	1546.54541015625	42033.75	32072.099609375	
917.2340087890625	17598.818359375	709280.875	1764.909057617188	33700.16796875	33316.6015625	
918.4520263671875	20301.583984375	702375.125	1592.	41699.	35538.77734375	
919.6699829101563	22572.916015625	718487.125	3175.9091796875	33289.5	33115.69921875	
920.8880004882813	34718.63671875	716162.6875	1626.166625976563	40738.63671875	36488.3984375	
922.1060180664063	18170.	711633.3125	1610.272705078125	27539.166015625	35783.4453125	
923.323974609375	21705.916015625	707749.75	1985.	100586.703125	32966.30078125	
924.5419921875	15232.900390625	714213.3125	1564.727294921875	27790.5	42897.22265625	
925.760009765625	12845.36328125	691697.3125	3003.199951171875	31434.416015625	31801.69921875	
926.97802734375	15112.900390625	720800.875	2612.5	22797.833984375	32805.30078125	
928.197021484375	9170.5830078125	699149.75	1471.099975585938	22324.083984375	34068.6015625	
929.4149780273438	8938.63671875	697977.3125	1392.	17493.25	32364.	
930.6329956054688	8647.36328125	684281.3125	1140.599975585938	17652.333984375	35684.22265625	
931.8510131835938	8665.36328125	683591.5625	925.5	19342.25	35728.109375	
933.0689697265625	11918.6669921875	695273.3125	1159.333374023438	12728.25	32032.80078125	
934.2869873046875	5322.83349609375	686372.875	910.4000244140625	12200.3330078125	35560.5546875	
935.5050048828125	7768.75	703952.	1351.	13319.25	33828.19921875	
936.7230224609375	4020.75	692251.125	830.2999877929688	11190.	36554.22265625	
937.9409790039063	10627.111328125	704094.6875	1170.900024414063	23236.416015625	32825.19921875	
939.1599731445313	6357.10009765625	715656.	2181.89990234375	12617.0830078125	32664.400390625	
940.3779907226563	10112.6669921875	708979.125	900.3333129882813	12433.75	31872.099609375	
941.5960083007813	5897.27294921875	686060.4375	1659.583374023438	13794.5	31049.5	
942.8140258789063	7649.7001953125	706475.5625	1290.800048828125	14045.9169921875	32683.80078125	
944.031982421875	6615.83349609375	697435.5625	1009.	18288.916015625	31641.099609375	
945.25	16757.22265625	701629.75	754.727294921875	16134.4541015625	32414.	
946.468017578125	7668.16650390625	716740.4375	817.0833129882813	14462.5830078125	31240.19921875	
947.6859741210938	9355.5830078125	710955.5625	763.9091186523438	37377.91796875	31510.80078125	
948.9039916992188	7831.5556640625	710406.25	592.	11173.	32874.8984375	
950.1220092773438	5572.75	682261.75	1100.699951171875	17879.75	30949.400390625	
951.3410034179688	5405.89990234375	680016.	840.4000244140625	8393.4169921875	29184.80078125	
952.5590209960938	6708.	679634.6875	1009.545471191406	11508.1669921875	32808.33203125	
953.7769775390625	4094.199951171875	672126.25	683.5833129882813	14680.5830078125	31983.	
954.9949951171875	9449.25	697979.125	490.9090881347656	8093.16650390625	31952.30078125	
956.2130126953125	4124.2001953125	687790.6875	1184.25	10881.75	31350.599609375	
957.4310302734375	4077.0908203125	697391.125	690.2000122070313	70081.65625	29936.19921875	
958.6489868164063	4037.4443359375	670161.3125	850.5	5506.	30698.900390625	
959.8670043945313	2920.9091796875	689891.125	591.9166870117188	5447.75	30447.80078125	
961.0850219726563	3413.300048828125	679663.5625	572.9091186523438	8341.1669921875	32244.099609375	
962.302978515625	13818.099609375	676617.75	536.5454711914063	7618.75	34379.77734375	
963.52197265625	2902.916748046875	659952.875	445.5454406738281	5047.33349609375	33131.890625	
964.739990234375	2882.60009765625	673704.4375	483.5	5314.16650390625	30657.80078125	
965.9580078125	6030.75	702558.25	2286.333251953125	4488.66650390625	30788.400390625	
967.176025390625	3749.181884765625	681962.6875	950.9166870117188	58487.25	32363.19921875	
968.3939819335938	10204.0830078125	692312.	463.7272644042969	10980.7998046875	31731.599609375	
969.6119995117188	2757.0908203125	675658.6875	450.	3161.25	31390.599609375	
970.8300170898438	675.1666870117188	673647.125	350.	3511.916748046875	32234.099609375	
972.0479736328125	1826.583374023438	680364.875	3046.833251953125	2544.	33744.109375	
973.2659912109375	1084.	676374.6875	263.6363525390625	3052.916748046875	31831.400390625	
974.4849853515625	1634.666625976563	675191.5625	225.	2418.666748046875	30779.	
