Trace for Mass:	Na23(LR)	Mg25(LR)	Cu63(LR)	Pb208(LR)	Sn118(LR)
Resolution:	Low	Low	Low	Low	Low
					
Time	Intensity	Intensity	Intensity	Intensity	Intensity
[sec]	[cps]	[cps]	[cps]	[cps]	[cps]

1.25	975437.625	2702.5	14127.1669921875	1125.666625976563	791.9166870117188	
2.499000072479248	916408.375	2802.5	14444.4169921875	1375.833374023438	666.75	
3.746999979019165	899820.	2326.75	13818.4169921875	1284.166625976563	958.75	
4.994999885559082	905979.8125	2677.5	14786.8330078125	1192.5	641.9166870117188	
6.243000030517578	901480.	2151.75	16381.9169921875	1209.	541.75	
7.491000175476074	904836.	2577.5	14711.5	1284.083374023438	850.25	
8.73900032043457	845158.0625	2502.	14586.1669921875	1617.916625976563	842.	
9.987000465393066	970868.	2502.	15972.4169921875	2318.75	808.6666870117188	
11.23499965667725	959304.	7009.25	14411.	1626.333374023438	650.25	
12.48299980163574	1002052.	3828.75	14711.5	1300.916625976563	775.1666870117188	
13.73099994659424	978815.875	3127.75	46006.85546875	2101.583251953125	1033.916625976563	
14.97900009155273	931728.	27013.5	17191.416015625	1409.166625976563	650.3333129882813	
16.22800064086914	933628.	2527.	17934.5	1284.166625976563	925.4166870117188	
17.47599983215332	1051840.375	2277.	15112.1669921875	1225.75	6519.58349609375	
18.72400093078613	1005212.	2176.75	19630.416015625	1442.583374023438	867.	
19.97200012207031	1342884.	2677.25	16005.5830078125	1359.333374023438	9370.9169921875	
21.21999931335449	1044548.	2101.5	24614.083984375	1484.333374023438	1267.666625976563	
22.46800041198731	1442130.75	3178.25	16364.75	1551.083374023438	750.1666870117188	
23.71599960327148	1328279.625	2427.	16748.833984375	1567.75	666.75	
24.9640007019043	1492005.75	2677.25	16005.5830078125	1534.5	4583.16650390625	
26.21199989318848	1090744.5	2126.75	17041.083984375	5532.66650390625	842.0833129882813	
27.45999908447266	1073485.	2827.5	15688.	1776.25	2544.75	
28.70800018310547	1103798.625	2427.	16973.916015625	1601.	750.3333129882813	
29.95700073242188	1100348.	2527.25	16414.666015625	1809.833374023438	666.8333129882813	
31.20499992370606	1098105.5	3653.5	15821.9169921875	1317.583374023438	917.25	
32.45299911499023	1418144.125	3077.75	15504.5	1542.75	691.9166870117188	
33.70100021362305	992172.	2877.5	15938.9169921875	1543.	1017.25	
34.94900131225586	1291430.5	4079.25	18837.833984375	1784.75	808.6666870117188	
36.19699859619141	1195360.5	3252.75	17541.666015625	1843.	808.5	
37.44499969482422	1423917.375	3127.5	19813.416015625	2118.416748046875	608.5	
38.69300079345703	1989242.125	3929.	21809.25	1609.5	3563.75	
39.94100189208984	2353981.25	4004.	19529.166015625	2135.083251953125	817.	
41.18899917602539	1369318.75	10664.5	18026.083984375	1609.416625976563	750.4166870117188	
42.4370002746582	2143218.25	3828.75	19388.083984375	1501.083374023438	933.5833129882813	
43.68600082397461	1303358.75	6282.25	18962.333984375	1475.833374023438	666.8333129882813	
44.93399810791016	1126849.5	3077.75	16180.9169921875	1467.666625976563	758.5	
46.18199920654297	1765457.75	2952.75	18251.916015625	1484.416625976563	717.	
47.43000030517578	1103069.125	2251.75	17141.25	2001.583374023438	808.6666870117188	
48.67800140380859	1025324.	3027.75	20441.583984375	1526.166625976563	741.9166870117188	
49.92599868774414	1394372.625	2927.75	15638.1669921875	1634.583374023438	708.6666870117188	
51.17399978637695	2018023.125	2552.	16105.6669921875	1501.083374023438	817.	
52.42200088500977	1104761.75	3028.	21529.583984375	1175.916625976563	742.	
53.66999816894531	1096497.75	3328.	16189.25	1617.916625976563	575.1666870117188	
54.91799926757813	1168708.	2351.75	18043.333984375	1684.583374023438	833.75	
56.16600036621094	1516009.25	4830.25	16740.333984375	1542.75	817.	
57.41500091552734	1147874.75	2852.5	16740.166015625	1492.75	750.25	
58.66299819946289	1165873.625	2777.25	18895.833984375	1601.083374023438	892.1666870117188	
59.9109992980957	1054872.	3052.75	20517.916015625	1609.416625976563	625.1666870117188	
61.15900039672852	1120979.75	3603.5	21792.75	1409.333374023438	633.5	
62.40700149536133	1022885.	2602.25	16214.1669921875	1768.	750.3333129882813	
63.65499877929688	1155719.625	3353.25	17951.666015625	1592.833374023438	800.25	
64.90299987792969	971160.	2877.75	17658.833984375	1501.	717.	
66.1510009765625	1449696.75	4129.25	16965.75	1375.833374023438	783.5	
67.39900207519531	965088.	2452.25	15529.5830078125	1684.583374023438	825.25	
68.64700317382813	996040.	3503.25	15897.0830078125	1492.75	700.25	
69.89499664306641	1008988.	2677.25	15997.4169921875	1551.083374023438	842.	
71.14399719238281	959728.	2227.	16707.	1342.416625976563	658.6666870117188	
72.39199829101563	989516.	4304.25	16832.416015625	1325.75	783.5833129882813	
73.63999938964844	1048970.25	2377.	16339.5830078125	1309.25	691.9166870117188	
74.88800048828125	1350210.5	4279.5	17852.166015625	1542.666625976563	767.	
76.13600158691406	994038.625	3227.75	17124.666015625	1534.5	675.3333129882813	
77.38400268554688	1100623.	2477.25	15429.5830078125	1359.25	733.5833129882813	
78.63200378417969	1142385.25	1976.5	17358.333984375	1400.916625976563	808.75	
79.87999725341797	1080011.75	2526.75	14870.1669921875	1634.416625976563	875.4166870117188	
81.12799835205078	987852.	2577.	19992.416015625	1659.583374023438	591.75	
82.37599945068359	949264.1875	2877.5	30471.166015625	1517.666625976563	658.5	
83.62400054931641	1063865.	2177.	15529.6669921875	1125.666625976563	775.5	
84.87300109863281	982924.	2852.75	14536.1669921875	1434.25	983.8333129882813	
86.12100219726563	944860.	3478.25	14769.75	1217.416625976563	900.4166870117188	
87.36900329589844	1172353.	2877.75	14953.6669921875	2176.666748046875	867.0833129882813	
88.61699676513672	1351810.875	3378.	15855.25	1576.166625976563	892.0833129882813	
89.86499786376953	998668.	2627.25	18464.166015625	1776.25	875.5	
91.11299896240234	966780.	2377.	15713.4169921875	1843.083374023438	992.25	
92.36100006103516	1186385.5	3203.	15454.6669921875	1659.5	900.5	
93.60900115966797	1017460.3125	2427.	17233.083984375	1609.5	958.9166870117188	
94.85700225830078	1088540.875	3378.	17082.75	1501.083374023438	792.	
96.10500335693359	1002324.625	3353.25	15830.3330078125	1567.75	817.0833129882813	
97.35299682617188	1198230.25	2902.75	17734.75	1375.833374023438	658.5833129882813	
98.60199737548828	970524.	2952.75	16999.	1292.416625976563	950.4166870117188	
99.84999847412109	1090141.	2652.25	17082.5	1643.	742.	
101.0979995727539	1006356.	3453.25	16965.583984375	1542.75	608.5	
102.3460006713867	966756.	2477.	15321.	1342.583374023438	625.0833129882813	
103.5940017700195	957936.	3953.75	17158.083984375	1542.833374023438	758.5	
104.8420028686523	1280520.5	2952.5	17049.	1676.416625976563	800.5	
106.0899963378906	998136.	2552.25	17951.083984375	1451.	775.1666870117188	
107.3379974365234	1212891.75	2552.25	16080.8330078125	1384.166625976563	641.8333129882813	
108.5859985351563	969037.0625	2377.	16740.416015625	1250.75	716.9166870117188	
109.8339996337891	956188.	3503.5	15412.9169921875	1225.666625976563	700.1666870117188	
111.0820007324219	1988037.	4179.	16139.1669921875	1325.833374023438	800.25	
112.3310012817383	999604.	2477.	16439.666015625	1384.166625976563	691.9166870117188	
113.5790023803711	994820.	2802.5	15730.25	1450.916625976563	708.5833129882813	
114.8270034790039	1058959.5	3803.75	15529.6669921875	1642.833374023438	691.8333129882813	
116.0749969482422	1184703.625	2727.25	14803.3330078125	1359.083374023438	875.4166870117188	
117.322998046875	1029564.	2101.75	23054.666015625	1242.5	816.9166870117188	
118.5709991455078	1227663.	3178.25	16807.083984375	1134.	800.1666870117188	
119.8190002441406	1021396.	2677.5	16473.333984375	1509.5	825.1666870117188	
121.0670013427734	1018156.	3052.75	17291.666015625	1225.583374023438	767.	
122.3150024414063	959748.	2051.75	17049.166015625	1609.5	708.5833129882813	
123.5630035400391	1156952.125	4379.5	17926.666015625	1934.916625976563	825.3333129882813	
124.8109970092773	1017531.75	2827.75	17458.333984375	1367.75	666.8333129882813	
126.0599975585938	986604.	2752.5	16915.916015625	1501.166625976563	850.3333129882813	
127.3079986572266	973352.	3353.25	19797.666015625	1609.5	625.3333129882813	
128.5559997558594	1101532.25	3503.25	18084.75	1668.	766.9166870117188	
129.8040008544922	998388.	3603.5	19521.	1450.916625976563	766.8333129882813	
131.052001953125	1097720.	3077.75	19061.416015625	1309.166625976563	733.5	
132.3000030517578	995472.	2852.5	16681.666015625	1567.75	908.8333129882813	
133.5480041503906	1065158.125	2627.5	17758.75	1584.583374023438	608.4166870117188	
134.7960052490234	1000721.875	3027.75	18669.5	1451.166625976563	842.0833129882813	
136.0440063476563	944448.	3077.75	16991.25	1442.5	750.3333129882813	
137.2920074462891	994152.	3178.	18853.083984375	1726.333374023438	808.5833129882813	
138.5399932861328	1026660.	3253.	18786.166015625	1401.	700.1666870117188	
139.7890014648438	1001052.	2227.	17734.083984375	1709.583374023438	800.3333129882813	
141.0370025634766	963992.	2627.25	17825.583984375	1751.166625976563	816.9166870117188	
142.2850036621094	970448.	3002.5	19939.666015625	1584.583374023438	792.0833129882813	
143.5330047607422	1047613.125	1976.75	16456.583984375	1484.416625976563	758.6666870117188	
144.781005859375	1030408.	2377.	17400.166015625	4222.08349609375	700.25	
146.0290069580078	960240.	2577.25	17333.25	1476.	750.3333129882813	
147.2769927978516	1009981.625	2977.5	17817.5	1442.583374023438	833.5833129882813	
148.5249938964844	938208.	2577.25	16372.9169921875	1417.5	691.75	
149.7729949951172	1076544.5	9137.5	18569.583984375	1592.75	725.25	
151.02099609375	949536.	2877.5	16548.166015625	1451.	683.5833129882813	
152.2689971923828	1006348.375	2502.25	16164.1669921875	1409.5	725.25	
153.5180053710938	963689.8125	2452.	17534.083984375	1551.25	850.4166870117188	
154.7660064697266	930064.	2927.5	15888.9169921875	1367.666625976563	708.5833129882813	
156.0140075683594	960780.	2327.	15705.	1459.25	741.9166870117188	
157.2619934082031	968660.	2352.	17107.75	1342.583374023438	700.25	
158.5099945068359	965232.	2452.25	15429.5	1409.25	708.5833129882813	
159.7579956054688	943932.	2526.75	15396.	1492.75	717.	
161.0059967041016	1057371.5	2827.25	16372.8330078125	1442.416625976563	883.5833129882813	
162.2539978027344	967039.75	3128.	15654.75	1601.083374023438	725.3333129882813	
163.5019989013672	994676.	2602.25	17032.916015625	1476.	725.0833129882813	
164.75	997604.	4805.	15730.25	1534.416625976563	600.1666870117188	
165.9980010986328	968236.	2802.25	19521.25	1509.5	850.4166870117188	
167.2469940185547	990720.	7033.75	15304.1669921875	2301.75	875.4166870117188	
168.4949951171875	1035005.125	3528.25	17241.	1743.166625976563	833.8333129882813	
169.7429962158203	1113510.75	4004.	18769.25	2318.75	875.25	
170.9909973144531	1212708.	3928.75	19270.75	2277.	725.3333129882813	
172.2389984130859	1096952.875	6657.5	18084.666015625	1676.166625976563	833.6666870117188	
173.4869995117188	1006820.	4529.5	16815.416015625	1959.916625976563	675.1666870117188	
174.7350006103516	1057085.375	2727.25	16657.	2051.583251953125	825.25	
175.9830017089844	1143107.375	4855.25	21041.166015625	2043.416625976563	791.8333129882813	
177.2310028076172	1011575.0625	5781.75	17124.333984375	1826.333374023438	775.3333129882813	
178.47900390625	1043212.	4229.25	16631.833984375	1609.416625976563	775.3333129882813	
179.7270050048828	1013444.	3102.5	17717.25	1776.333374023438	867.1666870117188	
180.9759979248047	1078721.125	8562.	15187.3330078125	2318.583251953125	800.3333129882813	
182.2239990234375	1016725.	3052.75	15020.4169921875	2110.25	825.1666870117188	
183.4720001220703	1221712.375	2502.25	15880.3330078125	1651.166625976563	741.9166870117188	
184.7200012207031	990144.	2677.25	16147.5	1517.583374023438	683.4166870117188	
185.9680023193359	973696.	4028.75	15204.25	1417.666625976563	783.75	
187.2160034179688	952984.375	3728.5	15254.0830078125	1584.583374023438	625.0833129882813	
188.4640045166016	975232.	3403.	15889.1669921875	1367.583374023438	608.4166870117188	
189.7120056152344	1013803.	2777.5	15646.4169921875	1459.25	817.	
190.9600067138672	1005192.25	2977.5	14761.5830078125	1501.166625976563	825.3333129882813	
192.2079925537109	1026556.	2802.25	15346.	1442.583374023438	625.	
193.4559936523438	943176.	2652.5	15229.3330078125	1392.583374023438	633.5	
194.7050018310547	942040.	2552.25	15404.0830078125	1651.166625976563	666.8333129882813	
195.9530029296875	980216.	3303.25	15245.75	1517.833374023438	783.5	
197.2010040283203	996772.	3503.25	15120.5830078125	1492.583374023438	841.9166870117188	
198.4490051269531	1006226.5	3027.75	15997.25	1359.333374023438	733.5833129882813	
199.6970062255859	950188.	2702.25	15521.5	1701.25	758.4166870117188	
200.9450073242188	973568.	2802.25	15529.6669921875	1718.	933.75	
202.1929931640625	966262.875	3153.	14911.9169921875	1526.	883.5833129882813	
203.4409942626953	968016.	2351.75	14235.6669921875	1434.333374023438	775.25	
204.6889953613281	977496.	2777.5	14603.0830078125	1467.75	758.5833129882813	
205.9369964599609	957672.	2101.5	15504.6669921875	1467.666625976563	641.8333129882813	
207.1849975585938	1129634.125	2802.25	15120.4169921875	1326.	625.25	
208.4340057373047	1041926.25	2552.	15596.25	1584.416625976563	942.0833129882813	
209.6820068359375	945224.	2377.	15254.1669921875	1492.666625976563	725.25	
210.9299926757813	1008112.	2927.5	16381.1669921875	1718.	825.25	
212.1779937744141	961800.	2927.5	16230.8330078125	1467.75	825.1666870117188	
213.4259948730469	961256.	3077.75	15187.3330078125	1375.916625976563	733.5833129882813	
214.6739959716797	1011100.25	3328.25	15980.4169921875	1534.333374023438	683.5833129882813	
215.9219970703125	1030672.	7735.	15554.6669921875	1634.583374023438	875.3333129882813	
217.1699981689453	948680.	3278.	15262.5	1392.583374023438	775.3333129882813	
218.4179992675781	1089380.	2852.5	15137.0830078125	1484.333374023438	1092.25	
219.6660003662109	927304.	2877.5	15871.9169921875	1309.166625976563	658.4166870117188	
220.9140014648438	1757028.875	3453.	16222.5	1259.083374023438	658.5	
222.1629943847656	955496.	3027.75	16532.166015625	1834.833374023438	892.0833129882813	
223.4109954833984	961760.	4504.75	15287.5830078125	1476.	658.5	
224.6589965820313	973176.	3628.5	15746.5830078125	1576.166625976563	683.5833129882813	
225.9069976806641	1003208.	5455.75	16698.583984375	1809.666625976563	783.5	
227.1549987792969	1091392.	3678.5	19114.	1809.75	683.4166870117188	
228.4029998779297	1029480.	17439.5	17567.25	1617.833374023438	775.3333129882813	
229.6510009765625	1102168.	5556.	21165.166015625	2443.833251953125	758.5833129882813	
230.8990020751953	1088271.5	3578.5	17090.833984375	2318.833251953125	750.25	
232.1470031738281	1105050.	5681.	21885.75	1726.333374023438	741.8333129882813	
233.3950042724609	1139594.	8660.75	17065.916015625	1709.583374023438	842.	
234.6430053710938	1081128.	5155.5	16832.083984375	1667.75	700.25	
235.8919982910156	1071570.25	6858.	16414.75	1509.416625976563	783.5833129882813	
237.1399993896484	1008844.	6407.	14569.75	1551.083374023438	641.75	
238.3880004882813	996232.	3903.75	15830.25	1451.	691.9166870117188	
239.6360015869141	1103940.375	3578.5	14920.3330078125	1434.416625976563	683.5833129882813	
240.8840026855469	1105298.375	3428.25	15145.6669921875	1392.583374023438	666.8333129882813	
242.1320037841797	938061.5625	2351.75	15454.6669921875	1384.333374023438	842.0833129882813	
243.3800048828125	980264.	6282.	18831.	1659.583374023438	633.5	
244.6280059814453	977896.	2627.	24799.916015625	1342.583374023438	608.4166870117188	
245.8760070800781	965456.	5656.75	15855.4169921875	1509.416625976563	817.0833129882813	
247.1239929199219	949980.	3728.5	15446.25	1651.166625976563	675.25	
248.3719940185547	977244.	2827.5	16448.083984375	1859.833374023438	641.8333129882813	
249.6210021972656	937440.	2301.75	44947.33203125	3328.583251953125	641.9166870117188	
250.8690032958984	995332.875	5681.75	15304.1669921875	2084.916748046875	741.8333129882813	
252.1170043945313	937570.6875	2702.25	15755.1669921875	1642.833374023438	641.75	
253.3650054931641	944920.	2777.5	14861.8330078125	1025.583374023438	783.75	
254.6130065917969	935044.	2902.5	15463.0830078125	1718.	708.6666870117188	
255.8609924316406	914808.	2427.	15062.0830078125	1626.083374023438	750.1666870117188	
257.1090087890625	929060.	1951.5	15696.75	1826.416625976563	741.9166870117188	
258.3569946289063	942356.	3353.	15095.6669921875	1292.5	817.1666870117188	
259.6050109863281	911632.	2477.25	14177.1669921875	1276.	741.8333129882813	
260.8529968261719	956532.	2602.25	14619.6669921875	1626.25	800.25	
262.1010131835938	904058.1875	2177.	14911.8330078125	1400.916625976563	900.4166870117188	
263.3500061035156	955500.	2827.5	15412.5830078125	2435.416748046875	808.75	
264.5979919433594	1009244.	3052.75	15037.1669921875	4347.83349609375	641.8333129882813	
265.8460083007813	1087747.625	3177.75	15538.	1342.5	800.3333129882813	
267.093994140625	990788.	2577.	14903.5830078125	2477.333251953125	666.8333129882813	
268.3420104980469	1040035.4375	2902.75	15337.6669921875	2009.833374023438	800.4166870117188	
269.5899963378906	908752.	4630.	17276.416015625	2777.666748046875	633.5833129882813	
270.8380126953125	985318.25	2802.5	14828.5	2686.083251953125	808.5833129882813	
272.0859985351563	957772.	2502.25	15062.1669921875	1601.083374023438	833.6666870117188	
273.3340148925781	1057473.75	2402.	15663.25	1651.333374023438	591.75	
274.5820007324219	941772.	3578.25	15362.5830078125	1559.333374023438	775.1666870117188	
275.8299865722656	936332.	8261.75	15178.9169921875	1526.25	758.6666870117188	
277.0790100097656	956208.	2577.	14987.0830078125	1492.75	833.6666870117188	
278.3269958496094	962156.	5130.5	15638.1669921875	1492.666625976563	641.75	
279.5750122070313	955216.	2126.75	16239.1669921875	2702.666748046875	1000.583312988281	
280.822998046875	941348.	3728.75	16155.75	1225.833374023438	942.1666870117188	
282.0710144042969	997992.	2627.25	14953.5830078125	1759.666625976563	742.	
283.3190002441406	928648.	2927.75	16306.5830078125	1701.416625976563	733.4166870117188	
284.5669860839844	953184.	2852.5	18218.416015625	1843.166625976563	733.5	
285.8150024414063	982580.	6131.75	19497.	2677.5	475.	
287.06298828125	1083635.875	4104.	33592.16796875	1526.	608.5	
288.3110046386719	1107056.	7609.25	17433.416015625	2085.083251953125	975.5	
289.5589904785156	1117881.625	4780.	16606.666015625	1668.	716.9166870117188	
290.8080139160156	1059632.	9787.75	19655.666015625	2435.5	725.25	
292.0559997558594	987175.625	4079.	17817.5	1601.166625976563	700.1666870117188	
293.3039855957031	990804.	21071.25	17726.166015625	1843.166625976563	842.1666870117188	
294.552001953125	1094337.75	23256.75	17074.25	1684.583374023438	867.0833129882813	
295.7999877929688	1040312.	13145.25	17767.25	1943.25	716.9166870117188	
297.0480041503906	1056608.	5305.5	15888.5830078125	1742.833374023438	658.5	
298.2959899902344	1026312.	3803.75	17884.583984375	1684.583374023438	733.5833129882813	
299.5440063476563	2489150.5	3903.75	16648.583984375	4264.41650390625	892.1666870117188	
300.7919921875	1046898.25	12695.5	15629.8330078125	2010.083374023438	942.25	
302.0400085449219	966804.	2852.5	16831.916015625	1634.666625976563	750.25	
303.2879943847656	1338240.25	3653.5	17433.583984375	1651.166625976563	767.1666870117188	
304.5369873046875	1034341.9375	4705.	26700.083984375	1843.083374023438	750.25	
305.7850036621094	957064.	4204.5	16957.5	1701.333374023438	933.8333129882813	
307.0329895019531	958352.	11293.5	16481.5	1676.25	842.1666870117188	
308.281005859375	971896.	3002.5	15679.8330078125	1551.083374023438	816.9166870117188	
309.5289916992188	936012.	4204.5	16214.3330078125	2118.583251953125	708.5	
310.7770080566406	924548.	3853.75	15387.6669921875	1751.416625976563	833.75	
312.0249938964844	1264899.5	4429.5	18460.083984375	1968.25	791.9166870117188	
313.2730102539063	991416.	3002.75	15437.75	1859.833374023438	766.9166870117188	
314.52099609375	1507507.875	3353.25	18846.75	1384.5	842.0833129882813	
315.7690124511719	1059177.625	4003.75	16916.	1442.666625976563	766.8333129882813	
317.0169982910156	999299.125	3403.25	16256.1669921875	1617.583374023438	725.25	
318.2659912109375	2211264.	3478.25	15462.75	1392.583374023438	750.3333129882813	
319.5140075683594	1064309.875	2852.5	16857.25	1384.083374023438	842.0833129882813	
320.7619934082031	967964.	3178.	16172.5830078125	1742.916625976563	875.4166870117188	
322.010009765625	991284.25	2577.25	32248.916015625	1551.083374023438	600.0833129882813	
323.2579956054688	1007964.	2802.5	15829.8330078125	1501.	716.8333129882813	
324.5060119628906	1291079.75	2877.5	20394.	1267.416625976563	808.6666870117188	
325.7539978027344	970412.	5480.75	18160.166015625	1617.75	775.3333129882813	
327.0020141601563	1164922.	2176.75	25388.25	1492.75	758.6666870117188	
328.25	1136934.875	2502.25	17216.666015625	1409.5	892.0833129882813	
329.4979858398438	950325.375	8612.75	15012.	1442.666625976563	883.75	
330.7460021972656	969892.	2727.25	14753.3330078125	1300.916625976563	600.	
331.9949951171875	954288.	2502.	16899.5	1442.833374023438	842.1666870117188	
333.2430114746094	1041268.5625	2752.25	16314.25	1426.	725.25	
334.4909973144531	964016.	2502.	15304.25	1659.583374023438	741.8333129882813	
335.739013671875	987112.	4579.75	16473.25	1250.666625976563	700.25	
336.9869995117188	1006346.25	2727.5	17458.416015625	1409.416625976563	641.75	
338.2349853515625	1342069.625	3453.25	15813.5	1442.75	691.8333129882813	
339.4830017089844	928892.	3003.	16039.25	1292.5	641.75	
340.7309875488281	951552.	2402.	15956.5	1442.666625976563	733.5833129882813	
341.97900390625	1118627.25	2502.25	15554.5830078125	1517.75	658.5	
343.2269897460938	3440071.25	3403.5	15838.5	1359.25	750.3333129882813	
344.4750061035156	920300.	2302.	17175.166015625	1450.916625976563	708.5	
345.7239990234375	917056.	2502.	15262.5830078125	1459.333374023438	658.3333129882813	
346.9719848632813	950924.	2276.75	15546.3330078125	1275.833374023438	767.	
348.2200012207031	927348.	2577.5	18095.583984375	1259.083374023438	675.1666870117188	
349.4679870605469	1449056.	2376.75	15254.4169921875	1492.75	633.5	
350.7160034179688	914220.	2177.	15304.5	1417.833374023438	791.9166870117188	
351.9639892578125	903037.1875	2752.5	15028.9169921875	1292.5	758.5	
353.2120056152344	925188.	2026.5	14285.8330078125	1392.666625976563	733.5833129882813	
354.4599914550781	914784.	2251.75	14502.6669921875	1242.583374023438	683.4166870117188	
355.7080078125	971680.	2952.75	14795.0830078125	1492.75	783.6666870117188	
356.9559936523438	901972.	2477.25	14962.0830078125	1325.75	733.5	
358.2040100097656	901016.	2602.	14886.75	1476.	641.8333129882813	
359.4530029296875	915712.	2452.	15287.5830078125	1426.	792.	
360.7009887695313	953260.	2652.25	15012.	1467.666625976563	933.9166870117188	
361.9490051269531	940336.	2102.	14035.4169921875	1425.916625976563	700.1666870117188	
363.1969909667969	910740.	2226.75	15279.3330078125	1300.75	800.3333129882813	
364.4450073242188	996312.375	2452.	25024.	1592.916625976563	591.8333129882813	
365.6929931640625	1046153.4375	2727.75	14427.75	1651.166625976563	608.5	
366.9410095214844	924324.	1826.5	15128.9169921875	1425.916625976563	708.5	
368.1889953613281	933352.	2527.25	14828.4169921875	1509.5	716.8333129882813	
369.43701171875	2135229.	2351.75	15245.75	1384.166625976563	766.75	
370.6849975585938	913944.	2377.	14519.6669921875	1376.	650.25	
371.9330139160156	945200.	2527.25	14912.0830078125	1367.666625976563	625.25	
373.1820068359375	924668.	2577.	14936.8330078125	1309.166625976563	650.1666870117188	
374.4299926757813	965088.	2326.75	14653.0830078125	1768.083374023438	683.5	
375.6780090332031	913544.	2302.	14603.	1692.916625976563	625.25	
376.9259948730469	932492.	2151.75	15128.9169921875	1400.833374023438	658.4166870117188	
378.1740112304688	945964.	2477.25	13960.0830078125	1492.583374023438	800.25	
379.4219970703125	897500.	2827.75	14202.3330078125	1534.5	716.9166870117188	
380.6700134277344	904244.	2702.5	14711.5830078125	1417.75	675.0833129882813	
381.9179992675781	944288.	2702.25	14644.75	1367.5	575.1666870117188	
383.1659851074219	916348.	2351.75	14027.0830078125	1467.666625976563	658.5833129882813	
384.4140014648438	922268.	2552.25	14502.8330078125	1484.333374023438	833.6666870117188	
385.6619873046875	904680.	2101.5	15329.3330078125	1476.	716.9166870117188	
386.9110107421875	921204.	3228.	14853.25	1367.416625976563	733.5	
388.1589965820313	927376.	2101.75	15120.5830078125	1634.416625976563	775.4166870117188	
389.4070129394531	917076.	3052.75	14436.0830078125	1442.666625976563	783.5	
390.6549987792969	909845.	2352.	14887.	1492.75	717.	
391.9030151367188	931088.	2577.25	15446.	1492.75	641.8333129882813	
393.1510009765625	924444.	2477.25	14494.5	1359.25	783.5	
394.3989868164063	964776.	9965.75	14603.	1751.416625976563	708.6666870117188	
395.6470031738281	955188.	2852.5	14536.25	1417.583374023438	633.5833129882813	
396.8949890136719	970456.	3152.75	15245.6669921875	1301.	792.	
398.1430053710938	939460.	3228.	16089.	1317.5	658.4166870117188	
399.3909912109375	927314.625	2276.75	15337.5	1334.333374023438	825.3333129882813	
400.6400146484375	921956.	2377.	14569.6669921875	1384.	683.5833129882813	
401.8880004882813	906732.	2752.5	14995.1669921875	1434.416625976563	900.4166870117188	
403.135986328125	910320.	2952.75	14377.5830078125	1384.25	908.75	
404.3840026855469	941784.	2927.5	14577.9169921875	1401.	908.8333129882813	
405.6319885253906	900480.	2927.5	13876.8330078125	1551.166625976563	758.5833129882813	
406.8800048828125	920820.	2351.75	14661.3330078125	1325.75	883.8333129882813	
408.1279907226563	948988.	2452.25	14444.3330078125	1217.416625976563	758.5	
409.3760070800781	942816.	2427.	14411.	1592.75	666.9166870117188	
410.6239929199219	946772.	2652.	24357.416015625	1384.083374023438	817.1666870117188	
411.8720092773438	954140.	2176.75	15128.9169921875	1284.25	691.8333129882813	
413.1199951171875	931824.	2527.25	15496.25	1517.75	616.8333129882813	
414.3689880371094	975744.	2677.5	15487.75	1309.166625976563	800.4166870117188	
415.6170043945313	975360.3125	2602.25	14795.1669921875	1167.5	666.8333129882813	
416.864990234375	924784.	2402.25	15387.8330078125	1300.833374023438	641.8333129882813	
418.1130065917969	940196.	3954.25	14594.5	1559.416625976563	583.5	
419.3609924316406	949008.	2602.25	15262.4169921875	1267.5	800.4166870117188	
420.6090087890625	950184.	2327.	14845.1669921875	1326.083374023438	750.1666870117188	
421.8569946289063	977548.	2577.25	15613.25	1317.5	658.5	
423.1050109863281	1025990.	6332.75	14912.	1317.5	566.75	
424.3529968261719	975432.	2802.5	15212.5	1417.583374023438	716.9166870117188	
425.6010131835938	1009496.	2377.	14794.8330078125	2352.25	875.3333129882813	
426.8489990234375	1046072.	2752.25	14611.4169921875	1234.166625976563	858.5833129882813	
428.0979919433594	975320.	2352.	14786.5830078125	1434.333374023438	725.3333129882813	
429.3460083007813	970552.5	2201.75	14210.6669921875	1267.416625976563	608.5	
430.593994140625	975180.	1826.5	14811.6669921875	1225.75	708.5	
431.8420104980469	957604.	2201.75	15162.4169921875	1434.5	683.6666870117188	
433.0899963378906	960420.	2602.25	14127.25	1334.166625976563	633.4166870117188	
434.3380126953125	960752.	2477.	14494.4169921875	1459.333374023438	708.6666870117188	
435.5859985351563	931656.	2301.75	14920.25	1350.833374023438	658.5833129882813	
436.8340148925781	961944.	2127.	14444.5	1434.333374023438	625.25	
438.0820007324219	1148899.5	2076.75	14310.75	1300.833374023438	691.8333129882813	
439.3299865722656	934880.	2226.75	13893.3330078125	1476.	675.25	
440.5780029296875	926300.	2552.25	15028.8330078125	1559.416625976563	641.75	
441.8269958496094	958472.	2502.	15062.1669921875	1768.083374023438	850.3333129882813	
443.0750122070313	946356.	4029.	14394.3330078125	1642.916625976563	733.5833129882813	
444.322998046875	959696.	5806.25	14945.3330078125	1726.25	750.1666870117188	
445.5710144042969	961256.	5205.25	15387.75	2059.833251953125	833.75	
446.8190002441406	964560.	8234.5	14886.9169921875	1951.666625976563	725.1666870117188	
448.0669860839844	1000388.125	6732.5	14544.5830078125	1634.583374023438	708.5833129882813	
449.3150024414063	980840.	7833.75	15020.4169921875	1734.583374023438	883.75	
450.56298828125	969508.	9161.	14770.1669921875	1976.583374023438	783.5833129882813	
451.8110046386719	927504.	24198.5	15454.4169921875	2810.916748046875	741.9166870117188	
453.0589904785156	940716.	17124.5	15287.5	10265.5830078125	675.1666870117188	
454.3070068359375	1134674.625	115970.75	16581.666015625	10162.9169921875	833.75	
455.5559997558594	1025048.	101219.25	16556.666015625	8461.	691.9166870117188	
456.8039855957031	1072556.	47080.5	16974.166015625	22054.	750.25	
458.052001953125	1022300.	52159.	15955.3330078125	10221.0830078125	683.5833129882813	
459.2999877929688	1222331.625	111930.421875	15613.0830078125	35324.94140625	758.5833129882813	
460.5480041503906	1037736.	40807.25	16398.166015625	9954.	708.5833129882813	
461.7959899902344	1075984.	56093.25	15037.1669921875	9945.5	817.0833129882813	
463.0440063476563	1035892.	46401.75	15913.6669921875	7425.33349609375	691.8333129882813	
464.2919921875	1027656.	28173.75	17918.666015625	7492.08349609375	758.4166870117188	
465.5400085449219	1047028.	28350.5	14828.3330078125	9967.4169921875	825.4166870117188	
466.7879943847656	1051464.	27901.5	14077.0830078125	9023.3330078125	742.	
468.0360107421875	1037104.	27878.5	15170.8330078125	20316.	716.8333129882813	
469.2850036621094	985608.	21858.25	15003.8330078125	6307.58349609375	958.75	
470.5329895019531	979746.9375	22661.5	15279.3330078125	6607.91650390625	775.1666870117188	
471.781005859375	1057980.	25241.25	15295.75	3595.083251953125	1100.666625976563	
473.0289916992188	995824.	20608.	15462.9169921875	4830.16650390625	783.5833129882813	
474.2770080566406	973691.125	29578.	15880.3330078125	4095.916748046875	666.8333129882813	
475.5249938964844	1029504.	22811.75	14519.5	4145.91650390625	825.3333129882813	
476.7730102539063	968868.	16423.5	14686.5	3436.583251953125	675.1666870117188	
478.02099609375	982000.	26372.	14502.75	3503.416748046875	858.75	
479.2690124511719	975113.8125	17851.5	13985.25	2735.75	500.0833435058594	
480.5169982910156	989344.	15421.25	14770.	2151.666748046875	666.8333129882813	
481.7650146484375	994444.	12491.	14728.25	2535.5	675.25	
483.0140075683594	993996.	11565.5	14912.	3512.	691.8333129882813	
484.2619934082031	1013476.	28658.25	14127.	2009.833374023438	675.1666870117188	
485.510009765625	983888.	27704.	14319.3330078125	2602.333251953125	641.8333129882813	
486.7579956054688	1014092.	17400.5	14302.4169921875	1918.083374023438	700.25	
488.0060119628906	1027172.	72782.	15104.	10473.75	792.0833129882813	
489.2539978027344	993812.	20059.25	14653.1669921875	2910.916748046875	658.5	
490.5020141601563	1062808.	34186.	15321.0830078125	5823.91650390625	775.25	
491.75	1143818.75	53181.5	14928.5	3737.083251953125	758.5833129882813	
492.9979858398438	1061864.	31582.75	15638.3330078125	4170.91650390625	792.	
494.2460021972656	1044192.	23663.	17676.333984375	4663.16650390625	650.1666870117188	
495.4939880371094	1085480.	76086.75	15270.75	4479.83349609375	842.0833129882813	
496.7430114746094	1446152.75	24639.5	15638.3330078125	3461.583251953125	566.8333129882813	
497.9909973144531	1051368.	37683.25	15279.25	3920.5	833.75	
499.239013671875	1032664.	30281.75	15780.1669921875	7050.5	817.	
500.4869995117188	1001348.	32684.	15170.6669921875	4998.33349609375	858.75	
501.7349853515625	1057100.	19357.25	14870.25	2418.666748046875	716.8333129882813	
502.9830017089844	1078048.	15171.	14895.0830078125	4429.66650390625	700.1666870117188	
504.2309875488281	994804.	17327.75	14586.25	2869.333251953125	683.6666870117188	
505.47900390625	1052272.	17578.75	18504.916015625	3520.166748046875	741.9166870117188	
506.7269897460938	1015832.	9862.25	15162.3330078125	3745.833251953125	633.4166870117188	
507.9750061035156	972292.	9812.25	15003.75	2268.416748046875	908.75	
509.2229919433594	1034220.	8434.5	15613.25	33986.484375	791.9166870117188	
510.4719848632813	967040.	24082.25	15813.5830078125	1926.5	666.8333129882813	
511.7200012207031	993456.	26497.75	14870.	2961.25	533.5	
512.968017578125	995056.	14123.	14344.25	3745.416748046875	750.0833129882813	
514.2160034179688	989058.	12591.5	15680.0830078125	3728.666748046875	558.4166870117188	
515.4639892578125	1015628.	14544.5	15070.5830078125	4471.16650390625	641.8333129882813	
516.7119750976563	1026764.	31989.75	16097.1669921875	6866.41650390625	608.4166870117188	
517.9600219726563	1021288.	55384.25	15003.5830078125	8396.25	758.5833129882813	
519.2080078125	1065332.	120007.671875	17441.75	9463.8330078125	783.5	
520.4559936523438	1222188.5	38105.	16915.666015625	9461.75	875.25	
521.7039794921875	1112391.	74740.75	16523.083984375	8009.66650390625	1059.083374023438	
522.9520263671875	1030448.	69055.	16581.833984375	6774.5	733.5833129882813	
524.2009887695313	1149302.75	51275.75	16481.416015625	8027.41650390625	867.	
525.448974609375	1078736.	58035.	16331.25	7024.58349609375	850.3333129882813	
526.697021484375	1086276.	36018.75	16640.	4930.08349609375	716.8333129882813	
527.9450073242188	1185748.125	46480.51171875	16581.5	4012.25	633.3333129882813	
529.1929931640625	1011768.	41138.	16890.583984375	6399.25	842.	
530.4409790039063	1027112.	44322.75	18996.916015625	6124.66650390625	825.3333129882813	
531.6890258789063	4501450.5	29177.	16490.	4771.83349609375	858.6666870117188	
532.93701171875	1029568.	44072.25	19438.166015625	7125.08349609375	591.75	
534.1849975585938	1097828.	46481.5	14761.5	19073.75	967.1666870117188	
535.4329833984375	1024596.	26996.5	15588.0830078125	5014.	466.6666564941406	
536.6810302734375	1090655.625	26845.5	15688.3330078125	3703.75	666.8333129882813	
537.9299926757813	1129922.75	28023.5	17392.	3186.416748046875	700.25	
539.177978515625	1080460.	43122.25	17308.75	2869.25	633.5	
540.426025390625	1018796.	21611.	15671.5	2785.833251953125	808.9166870117188	
541.6740112304688	1032644.	18001.25	16941.583984375	5439.75	508.4166564941406	
542.9219970703125	986320.	27899.25	16924.333984375	3153.083251953125	708.5833129882813	
544.1699829101563	997860.	20831.75	16089.25	3119.666748046875	933.75	
545.4180297851563	1009123.25	20910.	15730.25	3403.5	900.5	
546.666015625	999852.	15672.25	15888.6669921875	3420.166748046875	958.75	
547.9140014648438	988512.	46428.75	16489.666015625	8739.0830078125	666.9166870117188	
549.1619873046875	1058972.	23161.75	15730.1669921875	4421.08349609375	833.75	
550.4099731445313	1050604.	20281.14453125	15721.6669921875	7687.66650390625	708.5	
551.6589965820313	1150197.25	19706.	16840.5	3236.5	692.	
552.906982421875	999320.	163902.84375	16940.75	5448.5	767.0833129882813	
554.155029296875	1144403.	73224.5	16807.75	3144.75	608.5	
555.4030151367188	1042300.	78993.125	16181.5830078125	2986.	1017.25	
556.6510009765625	1261717.875	28981.	15079.0830078125	2785.916748046875	817.	
557.8989868164063	1093352.	13843.75	15604.8330078125	4404.5	666.8333129882813	
559.14697265625	1149428.5	54711.75	15020.5	4763.41650390625	833.5	
560.39501953125	1116164.625	40661.5	16949.25	5898.25	733.5833129882813	
561.6430053710938	1065412.	40243.25	15504.5830078125	6123.75	825.25	
562.8909912109375	1148630.	52050.25	15713.3330078125	9622.5830078125	666.8333129882813	
564.1389770507813	1153533.	244448.84375	16331.3330078125	7175.58349609375	800.3333129882813	
565.3880004882813	1166174.125	54283.75	15830.4169921875	5013.58349609375	733.5	
566.635986328125	1467208.75	132044.03125	17449.75	15962.	792.	
567.8839721679688	1040036.	89057.75	19238.916015625	5088.75	675.0833129882813	
569.1320190429688	1083520.	75816.25	16064.	5522.5	900.4166870117188	
570.3800048828125	1230278.	34316.75	16690.25	8068.83349609375	800.25	
571.6279907226563	1309282.5	26620.	22511.083984375	7244.33349609375	892.0833129882813	
572.8759765625	1109824.75	60200.75	17717.416015625	3712.	717.	
574.1240234375	1182855.625	29510.	18644.666015625	4521.5	691.8333129882813	
575.3720092773438	1213422.	18001.	16907.166015625	3653.5	741.9166870117188	
576.6199951171875	1224991.75	32158.75	17299.75	3286.583251953125	833.6666870117188	
577.8679809570313	1115216.	20508.	16940.666015625	3720.333251953125	875.5	
579.1170043945313	1166912.	50796.75	17065.75	2685.666748046875	1108.916625976563	
580.364990234375	1190611.5	29480.5	16581.666015625	4371.83349609375	875.4166870117188	
581.6129760742188	1117452.25	12315.5	16748.5	2877.75	858.6666870117188	
582.8610229492188	1202960.	16172.5	17600.583984375	3303.333251953125	691.75	
584.1090087890625	1177610.875	47706.5	18277.	4580.41650390625	1601.333374023438	
585.3569946289063	1087916.	18284.75	17308.833984375	2193.5	783.5	
586.60498046875	1174152.	14095.5	15872.3330078125	2910.916748046875	725.3333129882813	
587.85302734375	1110661.75	6632.25	15763.6669921875	2760.916748046875	917.0833129882813	
589.1010131835938	1078180.	12543.5	15813.5830078125	1951.583374023438	716.9166870117188	
590.3489990234375	1092992.	75325.75	15646.5830078125	2418.75	833.75	
591.5969848632813	1164112.5	50928.5	19195.75	2802.666748046875	608.5833129882813	
592.8460083007813	1100904.	8985.75	19233.5	4639.16650390625	767.	
594.093994140625	1124429.875	10689.25	17508.833984375	2352.083251953125	775.25	
595.3419799804688	1110220.25	9336.5	15688.4169921875	3002.75	883.75	
596.5900268554688	1079368.	10312.75	15462.8330078125	3770.5	950.5	
597.8380126953125	1070632.	30384.5	15913.5	3920.583251953125	750.3333129882813	
599.0859985351563	1248119.	37596.5	16406.5	6916.91650390625	758.5	
600.333984375	1307283.375	98943.	15412.75	7478.08349609375	700.25	
601.5819702148438	1018522.0625	204776.765625	15905.25	4396.33349609375	633.4166870117188	
602.8300170898438	1050156.	11464.75	15579.6669921875	2977.75	958.75	
604.0780029296875	1002152.5	13619.25	14778.3330078125	2385.5	800.1666870117188	
605.3259887695313	1054339.75	22745.	15396.4169921875	4881.33349609375	633.5	
606.5750122070313	1161018.75	16624.	14886.6669921875	12111.4169921875	708.5	
607.822998046875	1000680.	7032.75	16105.5830078125	4354.83349609375	767.	
609.0709838867188	1040331.	23519.75	14552.9169921875	4596.83349609375	708.5	
610.3189697265625	1158880.	12666.75	17541.833984375	5239.08349609375	975.5	
611.5670166015625	1261139.5	31904.5	16456.416015625	6124.08349609375	675.25	
612.8150024414063	1258311.375	36606.75	16539.833984375	4855.16650390625	717.	
614.06298828125	1091852.	82508.890625	17567.	5372.41650390625	866.9166870117188	
615.3109741210938	1163144.	33392.25	15153.9169921875	10154.5830078125	700.1666870117188	
616.5590209960938	1149833.375	20407.5	15930.6669921875	3787.166748046875	841.9166870117188	
617.8070068359375	1156892.	52460.5	16464.916015625	4412.91650390625	850.4166870117188	
619.0549926757813	1095496.	37248.	15738.4169921875	4279.75	666.9166870117188	
620.3040161132813	1247962.25	12716.75	14836.75	4688.25	608.5	
621.552001953125	1027488.	12642.25	16757.166015625	8408.5830078125	1000.5	
622.7999877929688	1091040.	61600.75	14719.9169921875	7652.5	841.9166870117188	
624.0479736328125	1154182.625	53305.75	18059.5	7909.25	808.6666870117188	
625.2960205078125	1181306.	81145.5	18234.75	14512.1669921875	825.25	
626.5440063476563	2099836.	139420.	18811.166015625	18899.75	925.3333129882813	
627.7919921875	1316938.25	231418.	18276.666015625	31468.75	950.4166870117188	
629.0399780273438	1377262.25	174944.	20590.5	32029.416015625	883.75	
630.2880249023438	1557944.375	176976.	19136.416015625	18871.333984375	917.0833129882813	
631.5360107421875	1388450.75	214264.	18861.083984375	61964.48046875	967.0833129882813	
632.7839965820313	1286816.	149980.	22277.333984375	17376.833984375	967.1666870117188	
634.0330200195313	1309000.	187401.109375	20280.5	17751.25	808.75	
635.281005859375	1322821.125	227930.546875	20297.25	17953.333984375	758.6666870117188	
636.5289916992188	1235001.25	122561.5	19044.75	14645.4169921875	867.	
637.7769775390625	1349546.	128502.	18518.583984375	13376.3330078125	766.9166870117188	
639.0250244140625	1304646.5	79059.	19721.916015625	16066.75	875.4166870117188	
640.2730102539063	1473385.25	110526.5	18927.666015625	28278.775390625	850.4166870117188	
641.52099609375	1375840.	65774.	18886.25	12766.9169921875	967.1666870117188	
642.7689819335938	1257768.	54630.	18026.416015625	11484.8330078125	833.75	
644.0170288085938	1176367.25	67441.5	17266.083984375	8687.0830078125	825.3333129882813	
645.2650146484375	1154744.	38676.75	18744.25	7458.58349609375	808.5833129882813	
646.5130004882813	1184424.	34414.25	24076.416015625	5480.91650390625	633.5	
647.7620239257813	1357231.125	34866.	22320.	8020.16650390625	866.9166870117188	
649.010009765625	1104456.	35822.5	21243.583984375	4020.666748046875	766.9166870117188	
650.2579956054688	1089520.	21132.5	16848.583984375	5681.25	800.25	
651.5059814453125	1272722.375	24038.25	17082.583984375	6433.75	833.75	
652.7540283203125	1033836.	15295.75	17642.25	3503.333251953125	775.3333129882813	
654.0020141601563	1073296.	25845.	16172.5830078125	4170.91650390625	875.4166870117188	
655.25	1291903.625	15170.75	15813.5	2660.583251953125	900.3333129882813	
656.4979858398438	1063592.	18803.	15880.3330078125	10247.1669921875	766.9166870117188	
657.7459716796875	1071960.	39594.25	131369.140625	4371.08349609375	867.	
658.9940185546875	1049140.	13292.75	15563.	3002.666748046875	600.0833129882813	
660.2420043945313	1069712.	24891.75	14845.	3887.416748046875	825.4166870117188	
661.4910278320313	1045120.	24927.5	15504.5830078125	3720.333251953125	783.5833129882813	
662.739013671875	1061137.5	13593.75	16255.9169921875	3486.75	800.25	
663.9869995117188	1299505.375	22812.25	15103.8330078125	5915.5	833.75	
665.2349853515625	1117584.	10163.	15554.6669921875	3854.	700.0833129882813	
666.4829711914063	1293831.625	17403.25	15721.6669921875	3528.5	558.3333129882813	
667.7310180664063	1331081.5	33123.25	16114.0830078125	2969.416748046875	792.0833129882813	
668.97900390625	1292809.375	23023.25	16114.0830078125	4279.58349609375	842.	
670.2269897460938	1109757.75	8584.75	15780.25	4354.5	725.25	
671.4749755859375	1082760.5	32594.25	16924.333984375	4246.75	691.8333129882813	
672.7230224609375	1088240.	25497.	17433.416015625	4020.916748046875	741.9166870117188	
673.9710083007813	1135052.	12342.5	18010.	9475.6669921875	833.5833129882813	
675.219970703125	1059160.	16725.	16573.5	2543.833251953125	716.8333129882813	
676.468017578125	1145603.75	8159.5	15412.8330078125	6024.5	766.8333129882813	
677.7160034179688	1118289.5	7108.	16790.75	7966.75	817.0833129882813	
678.9639892578125	1062284.	23104.5	14928.75	5315.	750.25	
680.2119750976563	1672122.5	9762.	15437.8330078125	5599.41650390625	758.6666870117188	
681.4600219726563	1094182.5	12140.75	17634.75	3645.25	658.5833129882813	
682.7080078125	1056906.75	12820.25	14895.1669921875	3044.416748046875	716.9166870117188	
683.9559936523438	1088396.	13293.5	14711.6669921875	3169.583251953125	600.0833129882813	
685.2039794921875	1142208.	8259.75	15872.	6628.25	691.9166870117188	
686.4520263671875	1135304.	13943.5	15730.0830078125	26139.677734375	733.5	
687.7000122070313	1104888.	21487.25	17325.5	6407.5	842.	
688.948974609375	1272168.75	18956.5	16823.833984375	7928.58349609375	616.9166870117188	
690.197021484375	1119328.	13746.	15488.	4913.75	808.75	
691.4450073242188	1349897.875	13147.	16648.833984375	2927.583251953125	817.	
692.6929931640625	1126052.	16774.25	15788.5	1976.666625976563	675.3333129882813	
693.9409790039063	1300031.5	10337.5	17441.916015625	5347.33349609375	808.6666870117188	
695.1890258789063	1031144.	82824.75	15504.6669921875	7975.83349609375	858.8333129882813	
696.43701171875	1114856.	45923.	16723.5	15463.6669921875	750.1666870117188	
697.6849975585938	1156608.	110774.5	16381.0830078125	18779.25	808.75	
698.9329833984375	1212858.25	116689.5	18727.583984375	23212.916015625	808.6666870117188	
700.1810302734375	1305277.75	164228.	20122.166015625	22877.916015625	783.5833129882813	
701.4290161132813	1837758.125	124486.5	17449.75	31060.083984375	1033.833374023438	
702.677978515625	1159960.	214690.	18009.166015625	41887.41796875	891.9166870117188	
703.926025390625	1152372.	155533.	17274.416015625	22118.833984375	1000.5	
705.1740112304688	1181956.	149353.	17107.583984375	20690.666015625	925.3333129882813	
706.4219970703125	1459856.875	113756.5	17124.083984375	23090.166015625	800.3333129882813	
707.6699829101563	1110348.	111475.5	17266.25	17266.666015625	783.5833129882813	
708.9180297851563	1151936.	104304.	16356.1669921875	14811.75	1209.	
710.166015625	1151912.	80998.5	16164.0830078125	13935.6669921875	783.5833129882813	
711.4140014648438	1129272.	95204.25	15187.25	17536.75	666.75	
712.6619873046875	1158099.	78014.75	17274.583984375	9995.6669921875	850.3333129882813	
713.9099731445313	1172784.	83831.	17500.333984375	11740.5	725.4166870117188	
715.1580200195313	1091072.	42036.5	15654.9169921875	8535.0830078125	800.3333129882813	
716.406982421875	1153720.	51769.5	15947.0830078125	10105.1669921875	858.6666870117188	
717.655029296875	1185708.	30954.75	15805.3330078125	6657.33349609375	683.5833129882813	
718.9030151367188	1168570.5	43718.5	16130.8330078125	5614.41650390625	791.8333129882813	
720.1510009765625	1208368.	30329.5	16105.75	6173.5	691.75	
721.3989868164063	1119780.	43170.	16456.416015625	9255.25	883.6666870117188	
722.64697265625	1155216.	21334.25	15780.	6216.25	591.8333129882813	
723.89501953125	1131952.	26770.75	15863.8330078125	5556.33349609375	808.6666870117188	
725.1430053710938	1637756.125	16873.75	16189.0830078125	3728.583251953125	750.25	
726.3909912109375	1068116.	30718.5	16264.4169921875	3261.25	875.3333129882813	
727.6389770507813	1257096.	18227.25	15020.25	3219.583251953125	967.25	
728.8870239257813	1187154.25	10387.75	15763.5830078125	3411.666748046875	842.0833129882813	
730.135986328125	1111048.	10137.25	16973.916015625	8512.25	733.6666870117188	
731.3839721679688	1072031.	13894.	15429.4169921875	3278.083251953125	733.6666870117188	
732.6320190429688	1620652.25	8509.75	16088.9169921875	4070.75	850.3333129882813	
733.8800048828125	1180991.125	14697.	15922.0830078125	4137.41650390625	808.5833129882813	
735.1279907226563	1108160.	8735.5	15930.3330078125	3845.416748046875	858.75	
736.3759765625	1286625.125	9411.25	17533.833984375	4171.	733.6666870117188	
737.6240234375	1020956.	7258.25	14778.25	3620.166748046875	750.25	
738.8720092773438	975552.	6231.5	15354.3330078125	3428.25	616.8333129882813	
740.1199951171875	973259.5	6407.25	15730.	4914.5	775.1666870117188	
741.3679809570313	1025581.5	8911.	14661.5	3044.5	666.8333129882813	
742.6160278320313	972420.	6707.5	15179.3330078125	2660.583251953125	783.6666870117188	
743.864990234375	990748.	9638.	14494.4169921875	3370.	842.	
745.1129760742188	992048.	3628.5	19348.166015625	2844.333251953125	583.5	
746.3610229492188	954284.	7834.75	15430.	3328.25	800.1666870117188	
747.6090087890625	1038399.375	5581.25	15162.25	2944.166748046875	766.9166870117188	
748.8569946289063	996212.	7508.5	15078.8330078125	2068.416748046875	700.25	
750.10498046875	1013394.375	6281.75	15830.1669921875	2418.75	675.1666870117188	
751.35302734375	993108.	5956.5	14886.8330078125	3361.583251953125	650.1666870117188	
752.6010131835938	1244290.5	3954.	15563.1669921875	2352.083251953125	758.5833129882813	
753.8489990234375	1107677.625	5981.5	15329.1669921875	2001.583374023438	708.5	
755.0969848632813	1075237.5	5982.	20354.5	2527.083251953125	808.5833129882813	
756.344970703125	993620.	5405.75	15412.5830078125	2669.166748046875	666.8333129882813	
757.593994140625	1011248.	25740.25	14903.5	3219.75	541.6666870117188	
758.8419799804688	1032200.	46055.75	16331.5830078125	2635.583251953125	650.25	
760.0900268554688	1044184.	16001.5	16974.166015625	4956.25	666.9166870117188	
761.3380126953125	1092668.	26622.	15070.5830078125	7914.16650390625	708.4166870117188	
762.5859985351563	1326484.	46957.	15579.75	10033.1669921875	892.25	
763.833984375	1113426.125	77517.5	16205.75	2552.416748046875	825.3333129882813	
765.0819702148438	1161446.25	12366.5	16156.0830078125	6276.08349609375	867.0833129882813	
766.3300170898438	1384165.75	24113.75	16673.583984375	7051.	750.1666870117188	
767.5780029296875	1111892.875	9136.	16698.25	29026.083984375	725.1666870117188	
768.8259887695313	1935691.5	48820.5	21261.	9291.25	833.6666870117188	
770.073974609375	2382700.75	34974.5	14987.1669921875	4722.	800.4166870117188	
771.322998046875	1430308.5	26998.75	19722.	3937.25	917.0833129882813	
772.5709838867188	1335080.75	27426.5	16941.166015625	4889.33349609375	984.0833129882813	
773.8189697265625	1380378.25	21112.	15245.6669921875	9187.	633.5	
775.0670166015625	1146691.25	7759.25	15855.25	3904.	775.25	
776.3150024414063	1155875.375	91808.25	17752.5	4980.5	850.25	
777.56298828125	1104340.	17827.25	15237.3330078125	3019.583251953125	883.6666870117188	
778.8109741210938	1183290.75	7483.25	15061.9169921875	2552.083251953125	650.1666870117188	
780.0590209960938	1179114.25	30924.25	17458.75	3812.25	700.0833129882813	
781.3070068359375	1082800.	22884.	16548.5	3094.5	675.3333129882813	
782.5549926757813	1065224.	16650.	15187.5	5090.58349609375	775.3333129882813	
783.802978515625	1137619.	13975.75	15521.5	2468.833251953125	692.	
785.052001953125	1137351.125	11364.75	14803.25	3228.	691.75	
786.2999877929688	1197798.5	5155.25	16264.8330078125	1984.916625976563	675.1666870117188	
787.5479736328125	1033632.	6582.25	15312.5830078125	1884.75	967.1666870117188	
788.7960205078125	1020552.	9086.75	15003.5	5147.75	942.1666870117188	
790.0440063476563	1134077.5	11465.	15621.5830078125	5657.5	666.8333129882813	
791.2919921875	1130604.25	25327.	14953.6669921875	3328.333251953125	783.6666870117188	
792.5399780273438	1040186.875	28350.75	15379.4169921875	4889.	858.6666870117188	
793.7880249023438	1188976.	20032.5	16180.9169921875	3645.166748046875	800.4166870117188	
795.0360107421875	1143371.25	23867.75	15095.5830078125	4714.16650390625	666.8333129882813	
796.2839965820313	1201672.	46393.	17600.166015625	3578.5	833.6666870117188	
797.531982421875	1889760.375	36397.75	15771.8330078125	4805.33349609375	942.0833129882813	
798.781005859375	1139341.	57537.5	16130.8330078125	3929.	808.5833129882813	
800.0289916992188	1130512.	13618.	15880.5	3595.083251953125	867.	
801.2769775390625	1089236.	67078.75	16206.	8039.16650390625	933.8333129882813	
802.5250244140625	1153048.	74863.5	15947.1669921875	3628.583251953125	691.9166870117188	
803.7730102539063	1185133.875	29003.25	14695.	7203.75	858.5	
805.02099609375	1198499.5	15021.	15312.6669921875	15549.9169921875	725.1666870117188	
806.2689819335938	1206834.	32294.25	15938.8330078125	4312.91650390625	558.5	
807.5170288085938	1103902.	245705.796875	15037.	4938.75	858.6666870117188	
808.7650146484375	1142123.5	48094.25	15871.8330078125	6917.66650390625	775.25	
810.0130004882813	1150800.	72318.	17208.166015625	3912.166748046875	616.75	
811.260986328125	1140312.	70631.25	17300.	4588.08349609375	967.3333129882813	
812.510009765625	1287346.5	39453.25	16072.25	6860.41650390625	550.	
813.7579956054688	1125231.5	40858.	18662.166015625	6791.33349609375	891.9166870117188	
815.0059814453125	1109428.	59955.25	15771.6669921875	7293.16650390625	750.3333129882813	
816.2540283203125	1478939.25	38278.5	16447.916015625	4004.	800.25	
817.5020141601563	1132352.	106350.25	16264.4169921875	5489.66650390625	983.8333129882813	
818.75	1158496.	77156.5	16055.6669921875	4262.66650390625	666.9166870117188	
819.9979858398438	1230966.75	64407.5	17158.083984375	5013.83349609375	791.9166870117188	
821.2459716796875	1170271.5	691733.5	18318.5	5915.08349609375	691.9166870117188	
822.4940185546875	1394381.5	65013.25	19805.75	18641.083984375	733.5833129882813	
823.7420043945313	1283988.	48987.	17199.333984375	5931.91650390625	833.6666870117188	
824.989990234375	1185374.5	84058.75	17608.75	31031.240234375	992.0833129882813	
826.239013671875	1253323.125	37599.5	18368.416015625	7176.58349609375	842.25	
827.4869995117188	1099345.	142871.40625	16164.0830078125	3361.583251953125	641.75	
828.7349853515625	1226097.625	88545.	15379.4169921875	3136.333251953125	808.5833129882813	
829.9829711914063	1324410.5	21032.5	15129.0830078125	2777.25	892.1666870117188	
831.2310180664063	1056825.875	113369.25	15087.25	2919.5	858.8333129882813	
832.47900390625	1288885.25	30509.25	16532.	3670.583251953125	733.4166870117188	
833.7269897460938	1195655.25	87417.25	16899.333984375	2260.166748046875	842.0833129882813	
834.9749755859375	1103590.125	31236.25	15963.6669921875	4079.333251953125	583.4166870117188	
836.2230224609375	1133497.75	64448.25	15521.6669921875	5976.33349609375	508.3333435058594	
837.4710083007813	1071384.	30161.5	15045.6669921875	2310.166748046875	675.25	
838.718994140625	1459714.25	108575.9375	15446.25	2093.416748046875	633.5833129882813	
839.968017578125	1043128.	14394.25	15805.1669921875	2510.666748046875	675.1666870117188	
841.2160034179688	1100304.	36915.25	16866.25	2352.	683.5	
842.4639892578125	1114815.375	21961.25	15195.75	2785.916748046875	708.4166870117188	
843.7119750976563	1139450.	22511.75	14836.6669921875	2527.25	575.1666870117188	
844.9600219726563	1089064.5	10863.75	14995.3330078125	2010.166625976563	641.75	
846.2080078125	1014848.	16623.75	15120.25	2518.833251953125	800.3333129882813	
847.4559936523438	1045848.	19630.	15997.3330078125	2735.75	700.1666870117188	
848.7039794921875	1028103.6875	14221.	15037.25	1993.166625976563	933.6666870117188	
849.9520263671875	1100820.	17026.25	15154.3330078125	1701.25	658.4166870117188	
851.2000122070313	1086016.	10688.75	15830.3330078125	2143.416748046875	775.3333129882813	
852.447998046875	1070060.	41409.	21905.666015625	2593.916748046875	683.5833129882813	
853.697021484375	1096468.	21133.5	15103.75	3403.166748046875	1008.833312988281	
854.9450073242188	1106187.25	20459.75	15721.75	6353.16650390625	708.5833129882813	
856.1929931640625	1059308.	17174.25	17149.75	3686.833251953125	975.4166870117188	
857.4409790039063	1101712.	31408.75	18503.333984375	3403.25	708.5833129882813	
858.6890258789063	1072448.	25519.5	15788.25	4363.	700.3333129882813	
859.93701171875	1113174.25	61870.25	15304.3330078125	2919.333251953125	725.0833129882813	
861.1849975585938	1326782.5	84954.40625	18302.416015625	5080.58349609375	950.5	
862.4329833984375	1065352.	19103.5	15847.	4905.08349609375	758.5	
863.6810302734375	1018516.	28477.75	18293.833984375	8451.6669921875	608.4166870117188	
864.9290161132813	1032744.	21935.5	15095.5	4721.66650390625	766.9166870117188	
866.177001953125	1589117.	11514.75	17015.75	5782.83349609375	758.5	
867.426025390625	1415445.	23688.75	15938.75	4129.16650390625	750.3333129882813	
868.6740112304688	1085256.	31693.5	15446.3330078125	4763.41650390625	666.8333129882813	
869.9219970703125	1054382.75	34889.75	17475.666015625	3469.916748046875	691.75	
871.1699829101563	1024589.	13995.25	38553.30078125	4104.33349609375	725.1666870117188	
872.4180297851563	1074084.	15823.5	15037.0830078125	5848.33349609375	416.75	
873.666015625	1104984.	20808.75	15429.3330078125	3620.166748046875	742.	
874.9140014648438	1091567.375	14444.	17374.833984375	8672.8330078125	575.1666870117188	
876.1619873046875	1072237.625	14620.25	17016.083984375	4162.5	800.3333129882813	
877.4099731445313	1046188.	37249.75	20559.166015625	4054.083251953125	758.5	
878.6580200195313	1445526.375	52587.25	15237.5830078125	3219.666748046875	750.25	
879.906005859375	1009334.375	53906.1875	15713.25	3803.916748046875	650.1666870117188	
881.155029296875	1179188.25	40397.	15145.5	4771.91650390625	917.0833129882813	
882.4030151367188	1105870.125	30457.	16456.25	7551.25	842.0833129882813	
883.6510009765625	1082152.	31031.	16565.083984375	3811.916748046875	783.75	
884.8989868164063	1091378.5	31657.	16990.666015625	3520.	733.5	
886.14697265625	1117969.375	16673.5	17491.75	3303.166748046875	875.4166870117188	
887.39501953125	1175346.75	36224.25	14720.	3586.833251953125	725.3333129882813	
888.6430053710938	1004408.	13643.	18411.75	4262.83349609375	658.5	
889.8909912109375	1061168.	24317.5	15012.	2652.25	675.1666870117188	
891.1389770507813	1128510.	19153.5	14970.4169921875	2618.833251953125	742.	
892.3870239257813	1026844.875	13442.75	16080.8330078125	3094.583251953125	767.	
893.635009765625	1166684.	50653.5	15429.3330078125	4438.5	633.5	
894.8839721679688	1025580.	29054.25	15053.6669921875	4112.5	867.0833129882813	
896.1320190429688	1105476.	26146.25	16272.8330078125	3495.	950.5	
897.3800048828125	1302534.25	32298.75	16164.4169921875	3686.916748046875	783.5833129882813	
898.6279907226563	1214111.75	17400.	16740.166015625	6808.66650390625	858.75	
899.8759765625	1294852.75	50374.	19012.916015625	4496.75	733.5	
901.1240234375	1025108.5	28632.75	16598.333984375	4346.25	858.6666870117188	
902.3720092773438	1080888.	21534.5	16656.75	2861.	741.9166870117188	
903.6199951171875	2223225.	23189.75	16899.	5189.16650390625	892.0833129882813	
904.8679809570313	1068260.	44412.5	23110.	2911.	691.75	
906.1160278320313	1066700.	22887.25	15604.9169921875	2886.083251953125	733.5833129882813	
907.364013671875	1139769.25	27498.5	15604.8330078125	6324.91650390625	825.3333129882813	
908.6129760742188	1445267.75	27949.	15663.5	3795.5	675.0833129882813	
909.8610229492188	985504.	24649.	15087.3330078125	3803.833251953125	900.3333129882813	
911.1090087890625	1037187.375	29836.5	17074.416015625	2935.833251953125	792.	
912.3569946289063	1392095.	28079.	15796.75	2627.333251953125	750.0833129882813	
913.60498046875	1215559.75	53204.5	15454.4169921875	3219.75	633.5	
914.85302734375	1499184.75	29182.25	15588.25	4689.	750.3333129882813	
916.1010131835938	998212.	20431.	15846.9169921875	2977.666748046875	808.6666870117188	
917.3489990234375	1142922.625	41143.75	16222.8330078125	5414.75	683.4166870117188	
918.5969848632813	1038700.	14669.75	15788.4169921875	3061.333251953125	708.5833129882813	
919.844970703125	1125022.625	18326.75	15980.4169921875	3094.583251953125	608.5	
921.093017578125	1116409.5	11539.25	17233.	3086.25	783.75	
922.3419799804688	1239947.125	15346.	15813.5	3027.916748046875	808.5833129882813	
923.5900268554688	1367789.375	178958.875	15997.25	3294.75	641.8333129882813	
924.8380126953125	1023347.5	12841.75	14736.5830078125	4312.83349609375	850.4166870117188	
926.0859985351563	1219605.	16199.75	15087.0830078125	2435.333251953125	817.	
927.333984375	1094500.	14093.75	16531.666015625	3086.25	917.0833129882813	
928.5819702148438	1201364.375	16373.75	15262.3330078125	3461.75	608.5	
929.8300170898438	1012964.	11063.75	15821.8330078125	2485.25	842.	
931.0780029296875	1192133.5	11965.25	15004.	2452.	858.5	
932.3259887695313	1222740.75	11164.5	15145.6669921875	2977.75	658.4166870117188	
933.573974609375	1240875.125	20685.75	15721.8330078125	2135.083251953125	600.0833129882813	
934.822021484375	1024368.	6181.5	15287.25	2510.416748046875	800.25	
936.0709838867188	1226766.125	22949.	15078.8330078125	3236.833251953125	650.0833129882813	
937.3189697265625	1158804.5	14494.25	14961.9169921875	2018.25	767.	
938.5670166015625	1276040.5	117137.28125	17408.833984375	2193.333251953125	792.	
939.8150024414063	1262977.75	8710.	15287.5	2401.916748046875	650.1666870117188	
941.06298828125	1060656.	6006.5	15488.0830078125	2593.916748046875	700.25	
942.3109741210938	1510154.	8060.	15446.25	4497.75	716.8333129882813	
943.5590209960938	1187280.75	7108.	15897.	2627.416748046875	783.5	
944.8070068359375	1061500.	40693.5	14778.25	2902.75	658.5	
946.0549926757813	1130797.75	8535.25	15846.8330078125	2018.5	683.5	
947.302978515625	1236154.25	7208.25	16289.5830078125	4371.83349609375	725.25	
948.551025390625	1214464.	6207.	15805.3330078125	2335.166748046875	833.6666870117188	
949.7999877929688	1114732.	15274.75	16665.	2468.833251953125	725.1666870117188	
951.0479736328125	1102448.125	5731.	15295.9169921875	2510.75	741.9166870117188	
952.2960205078125	1084782.	9887.25	15805.25	3286.583251953125	700.25	
953.5440063476563	1360864.375	7133.5	16590.083984375	2377.	800.4166870117188	
954.7919921875	1067924.	15072.	16105.5	2051.666748046875	833.75	
956.0399780273438	1456545.375	8810.75	16247.6669921875	2677.5	708.5833129882813	
957.2880249023438	1148883.5	6908.5	16038.9169921875	2168.5	750.4166870117188	
958.5360107421875	1216478.75	3703.75	15354.0830078125	2268.416748046875	816.9166870117188	
959.7839965820313	1082624.	9987.5	16966.833984375	2051.666748046875	691.8333129882813	
961.031982421875	1280605.	9687.25	17024.833984375	2477.166748046875	608.4166870117188	
962.280029296875	1132592.75	4629.75	14661.5	2794.25	750.25	
963.5289916992188	1101136.	9062.25	15112.3330078125	3061.583251953125	775.3333129882813	
964.7769775390625	1597858.25	4479.5	16448.25	2026.583374023438	633.5	
966.0250244140625	1529868.5	3503.25	15337.6669921875	4213.41650390625	691.8333129882813	
967.2730102539063	1438185.75	6457.5	15195.8330078125	1834.75	742.	
968.52099609375	974928.	3028.	14928.3330078125	1692.833374023438	716.9166870117188	
969.7689819335938	979056.	4054.	15454.8330078125	1843.083374023438	717.	
971.0170288085938	975700.	4504.5	15488.	2001.583374023438	600.	
972.2650146484375	998692.	5581.	15972.25	2043.333374023438	833.5833129882813	
973.5130004882813	1116838.25	4529.75	14611.1669921875	1542.833374023438	675.25	
974.760986328125	982476.	3077.75	14736.5	1684.583374023438	616.8333129882813	
976.0089721679688	1000040.	10240.25	14694.75	1959.916625976563	741.8333129882813	
977.2579956054688	1038207.625	11470.5	14661.6669921875	1475.916625976563	783.5833129882813	
978.5059814453125	1002137.6875	2602.	14711.4169921875	1784.75	841.9166870117188	
979.7540283203125	969652.	2902.5	14411.	1534.416625976563	775.25	
981.0020141601563	919652.	2427.25	14920.3330078125	1609.583374023438	858.8333129882813	
982.25	919544.	3303.	14703.1669921875	1701.25	641.8333129882813	
983.4979858398438	916201.625	2652.25	15312.6669921875	1392.75	750.4166870117188	
984.7459716796875	899340.	2627.5	14769.9169921875	1375.833374023438	616.6666870117188	
985.9940185546875	882724.	3478.75	14544.5830078125	1384.25	666.9166870117188	
987.2420043945313	928016.	2902.5	13868.5830078125	1317.416625976563	650.25	
988.489990234375	887892.	2251.75	17360.916015625	1234.166625976563	708.5833129882813	
989.7379760742188	935655.625	2552.25	14001.75	2486.166748046875	641.8333129882813	
990.9869995117188	882264.	1926.5	14294.0830078125	1184.083374023438	658.5	
992.2349853515625	882856.	3253.25	14386.0830078125	1475.916625976563	733.3333129882813	
993.4829711914063	878260.	2427.	14511.25	1542.666625976563	750.3333129882813	
994.7310180664063	917856.	2852.5	14603.0830078125	1200.666625976563	716.8333129882813	
995.97900390625	1000661.875	2452.	13960.4169921875	1359.166625976563	583.4166870117188	
997.2269897460938	900068.	2051.5	15020.3330078125	1859.833374023438	742.	
998.4749755859375	950248.	2627.25	13935.1669921875	1601.25	817.	
