Trace for Mass:	Al27(MR)	Si28(MR)	Ca44(MR)	Fe56(MR)	S32(MR)
Resolution:	Medium	Medium	Medium	Medium	Medium
					
Time	Intensity	Intensity	Intensity	Intensity	Intensity
[sec]	[cps]	[cps]	[cps]	[cps]	[cps]

1.22000002861023	1976.5	1006126.6875	275.	1426.	33279.08203125	
2.437999963760376	1868.25	1042323.3125	166.6666717529297	1634.583374023438	32484.833984375	
3.657000064849854	1342.5	952894.5625	216.6666717529297	1275.916625976563	32619.083984375	
4.875	1719.45458984375	934512.	233.3333282470703	1434.333374023438	31591.416015625	
6.092999935150147	1482.818237304688	886145.625	333.4166564941406	1868.25	32096.091796875	
7.310999870300293	3543.800048828125	849206.8125	608.6666870117188	10715.75	34876.8984375	
8.529000282287598	4897.66650390625	807804.8125	1092.666625976563	2669.166748046875	33754.30078125	
9.746999740600586	2513.22216796875	862669.3125	291.6666564941406	2502.25	32941.1015625	
10.96500015258789	5575.91650390625	839266.6875	500.1818237304688	5857.08349609375	31878.80078125	
12.18299961090088	4990.08349609375	823318.25	420.1000061035156	4855.33349609375	31959.900390625	
13.40100002288818	1876.583374023438	796152.	254.6363677978516	5715.08349609375	32741.80078125	
14.61900043487549	5835.54541015625	793435.125	508.5	22953.091796875	30806.599609375	
15.83800029754639	2010.083374023438	782959.125	258.4166564941406	10574.2724609375	34920.3984375	
17.05599975585938	17691.19921875	776605.3125	409.0909118652344	8009.75	31599.400390625	
18.27400016784668	3476.45458984375	754660.	258.3333435058594	21273.5	31660.	
19.49200057983398	12403.7001953125	744404.875	400.0833435058594	10954.0830078125	32401.19921875	
20.70999908447266	2877.75	755111.125	416.75	31157.8359375	31219.099609375	
21.92799949645996	5288.0908203125	760839.5625	381.8181762695313	26470.833984375	31228.69921875	
23.14599990844727	29714.5	773462.0625	6505.7001953125	16574.	31639.900390625	
24.36400032043457	2118.5	735872.4375	350.	19861.083984375	30346.099609375	
25.58200073242188	4830.08349609375	741758.25	718.4545288085938	22563.916015625	31369.400390625	
26.80100059509277	17170.583984375	755366.6875	2752.583251953125	21710.166015625	30516.099609375	
28.01899909973145	28233.2734375	761287.125	1976.666625976563	20983.083984375	31439.900390625	
29.23699951171875	26940.333984375	819223.1875	1567.75	19831.166015625	31619.599609375	
30.45499992370606	50151.80078125	791843.5625	2961.083251953125	8535.4169921875	31679.599609375	
31.67300033569336	37494.18359375	795091.5625	1667.833374023438	9344.75	31910.19921875	
32.89099884033203	35315.19921875	803472.	1934.916625976563	55087.56640625	31459.5	
34.10900115966797	20558.083984375	776550.25	3662.5	12709.5	31669.599609375	
35.32699966430664	18616.833984375	755254.25	1192.583374023438	12843.5830078125	30847.599609375	
36.54499816894531	23562.455078125	757583.125	2077.166748046875	5656.	31239.	
37.76300048828125	16575.19921875	783313.3125	983.75	7509.25	31579.599609375	
38.98199844360352	15134.5556640625	755891.125	982.3636474609375	14575.1669921875	30697.099609375	
40.20000076293945	26079.900390625	766231.125	1133.916625976563	7676.25	31198.900390625	
41.41799926757813	9792.5	765815.5625	1545.555541992188	7342.08349609375	31097.69921875	
42.63600158691406	10279.9169921875	759421.3125	917.1666870117188	4788.25	30757.400390625	
43.85400009155273	9376.	751490.6875	500.0833435058594	28086.259765625	31519.69921875	
45.07199859619141	6541.41650390625	782615.5625	846.	11997.4169921875	31930.5	
46.29000091552734	7361.41650390625	746127.125	708.5833129882813	4579.91650390625	30166.30078125	
47.50799942016602	11339.77734375	752659.125	420.1000061035156	7275.58349609375	30526.80078125	
48.72600173950195	6143.181640625	767436.3125	692.	4421.16650390625	31991.5	
49.94400024414063	5516.	851268.5	692.	3970.583251953125	31911.	
51.16299819946289	2385.416748046875	774547.5625	950.6666870117188	5180.66650390625	29844.30078125	
52.38100051879883	4646.66650390625	755147.125	567.	10506.9169921875	31400.19921875	
53.5989990234375	5414.818359375	780626.6875	967.0833129882813	11724.75	31570.80078125	
54.81700134277344	4195.83349609375	771672.875	900.5	9003.0830078125	30747.599609375	
56.03499984741211	5736.5	761875.125	1392.833374023438	10897.8330078125	31298.599609375	
57.25299835205078	3612.	764896.875	591.8333129882813	13036.4169921875	31490.	
58.47100067138672	3804.	748139.5625	350.	13951.8330078125	31871.	
59.68899917602539	8342.7998046875	760054.6875	308.3333435058594	16268.	32112.80078125	
60.90700149536133	4638.83349609375	760344.3125	460.2000122070313	9348.6669921875	29945.30078125	
62.12599945068359	16509.111328125	772125.75	208.3333282470703	5656.91650390625	30497.5	
63.34400177001953	2381.89990234375	783014.6875	308.3333435058594	7905.54541015625	31860.5	
64.56199645996094	2093.416748046875	768231.125	441.75	4371.25	30978.599609375	
65.77999877929688	2335.333251953125	730771.125	700.3333129882813	4705.16650390625	37281.890625	
66.99800109863281	2192.727294921875	745743.5625	283.4166564941406	5322.83349609375	31881.19921875	
68.21600341796875	3929.75	733940.875	190.9090881347656	2385.416748046875	31148.80078125	
69.43399810791016	2660.833251953125	754800.875	358.3333435058594	3503.75	32201.599609375	
70.65200042724609	1491.909057617188	734593.3125	366.6666564941406	2510.583251953125	31229.599609375	
71.87000274658203	1501.	755201.375	458.3333435058594	2351.916748046875	31469.30078125	
73.08799743652344	1401.181762695313	727405.75	263.6363525390625	145429.09375	30777.80078125	
74.30699920654297	1737.727294921875	770178.25	325.0833435058594	3536.75	31489.599609375	
75.52500152587891	3722.181884765625	738749.3125	366.6666564941406	3545.416748046875	31309.099609375	
76.74299621582031	2001.636352539063	747555.5625	350.0833435058594	3404.	31349.30078125	
77.96099853515625	2653.583251953125	753957.75	275.	3036.166748046875	30436.5	
79.17900085449219	1419.272705078125	759375.5625	125.	4940.25	30747.599609375	
80.39700317382813	2969.5	765045.3125	500.0909118652344	24102.25	32924.19921875	
81.61499786376953	23058.77734375	857424.5	573.	30728.306640625	31831.69921875	
82.83300018310547	26973.125	800201.3125	580.0999755859375	22860.455078125	30648.30078125	
84.05100250244141	5790.08349609375	863283.9375	441.75	18590.916015625	31298.900390625	
85.26899719238281	11779.1669921875	790426.0625	354.5454406738281	13994.0830078125	32843.69921875	
86.48799896240234	47777.45703125	750765.75	636.6363525390625	17152.	31399.599609375	
87.70600128173828	4646.5	785898.4375	390.	31182.646484375	30106.	
88.92400360107422	12397.400390625	758399.5625	445.5454406738281	18049.25	30938.	
90.14199829101563	7008.22216796875	791017.3125	409.1818237304688	18192.166015625	31540.400390625	
91.36000061035156	11185.2001953125	746219.125	391.75	31091.666015625	30497.400390625	
92.5780029296875	7228.60009765625	742440.875	520.2000122070313	8143.66650390625	30286.900390625	
93.79599761962891	14933.77734375	763924.	381.9090881347656	12566.5	30968.5	
95.01399993896484	6707.91650390625	790342.25	640.2999877929688	11100.4169921875	30227.19921875	
96.23200225830078	7666.0908203125	774790.25	310.	22792.166015625	31630.400390625	
97.44999694824219	5305.7001953125	751661.3125	241.6666717529297	4963.58349609375	30938.	
98.66899871826172	5181.5	751927.5625	208.3333282470703	6783.08349609375	31259.30078125	
99.88700103759766	22809.142578125	830683.1875	291.75	4955.41650390625	32322.	
101.1050033569336	3670.333251953125	754213.75	266.6666564941406	3495.083251953125	30958.400390625	
102.322998046875	10655.3330078125	752538.25	290.9090881347656	4029.166748046875	31620.30078125	
103.5410003662109	4182.4443359375	768873.75	358.4166564941406	3937.25	31920.5	
104.7590026855469	3203.333251953125	769302.25	233.3333282470703	6793.	30176.099609375	
105.9769973754883	26075.4453125	757382.25	375.	3695.25	32903.8984375	
107.1949996948242	5336.89990234375	789792.4375	316.6666564941406	3086.166748046875	31720.19921875	
108.4130020141602	2202.083251953125	881126.5625	241.6666717529297	3486.666748046875	31921.30078125	
109.6320037841797	1259.166625976563	756064.4375	208.3333282470703	5892.	30608.099609375	
110.8499984741211	1442.666625976563	764264.	381.9090881347656	2243.75	31509.900390625	
112.068000793457	1381.	740070.25	281.8181762695313	2160.083251953125	31199.30078125	
113.286003112793	1250.900024414063	778449.75	227.2727203369141	2877.75	31269.69921875	
114.5039978027344	1120.699951171875	727136.4375	191.6666717529297	2535.583251953125	30987.900390625	
115.7220001220703	1109.083374023438	776628.4375	266.6666564941406	3228.083251953125	31380.	
116.9400024414063	2227.	742240.4375	308.3333435058594	6106.58349609375	32512.599609375	
118.1579971313477	3257.727294921875	768013.75	241.6666717529297	6273.58349609375	31299.30078125	
119.3759994506836	5589.91650390625	775198.6875	391.	8034.5	31169.19921875	
120.5940017700195	6908.33349609375	762166.6875	333.3333435058594	6448.83349609375	32242.400390625	
121.8130035400391	3840.181884765625	780819.625	391.75	15399.5830078125	30918.30078125	
123.0309982299805	3311.416748046875	799963.125	325.	7960.25	31620.099609375	
124.2490005493164	3194.583251953125	739303.5625	316.6666564941406	7041.5	30356.80078125	
125.4670028686523	4224.39990234375	763700.	472.8181762695313	6658.08349609375	30065.900390625	
126.6849975585938	3194.	769968.875	358.3333435058594	6366.	31800.599609375	
127.9029998779297	2948.181884765625	748549.3125	200.	5247.58349609375	30838.19921875	
129.1210021972656	3294.181884765625	777018.25	325.	5038.75	30517.599609375	
130.3390045166016	2544.	742793.3125	400.	14007.0830078125	32533.	
131.5570068359375	2393.833251953125	783027.1875	445.4545593261719	4320.91650390625	31068.19921875	
132.7749938964844	5794.5	794330.6875	383.3333435058594	5138.66650390625	32232.30078125	
133.9940032958984	1350.916625976563	776548.	372.8181762695313	3353.083251953125	31871.19921875	
135.2120056152344	2544.166748046875	807244.625	358.3333435058594	3895.666748046875	31469.5	
136.4299926757813	4683.888671875	760692.4375	309.0909118652344	6849.75	31731.30078125	
137.6479949951172	81008.375	774420.875	450.	8106.	30487.	
138.8659973144531	2529.636474609375	752262.25	400.0833435058594	3278.166748046875	32422.80078125	
140.0839996337891	2268.666748046875	793967.6875	472.9090881347656	6783.08349609375	30667.80078125	
141.302001953125	1776.583374023438	786864.3125	800.3636474609375	10065.9169921875	32633.69921875	
142.5200042724609	10474.900390625	768754.6875	708.6666870117188	16407.5	33525.30078125	
143.7380065917969	7649.2001953125	763631.125	918.5454711914063	11533.1669921875	32592.80078125	
144.9570007324219	6427.39990234375	776013.875	525.0833129882813	8126.83349609375	32472.400390625	
146.1750030517578	5314.16650390625	788428.	733.5833129882813	6390.33349609375	31660.099609375	
147.3930053710938	6648.	774718.25	673.0908813476563	10141.25	33555.80078125	
148.6109924316406	6240.5556640625	769476.4375	533.5	6039.91650390625	32723.69921875	
149.8289947509766	5315.7998046875	815236.	708.6666870117188	6591.41650390625	31690.099609375	
151.0469970703125	3411.583251953125	773039.125	454.6363525390625	9053.6669921875	30516.900390625	
152.2649993896484	5585.111328125	766721.75	582.	3728.75	31840.599609375	
153.4830017089844	3243.300048828125	762479.5625	582.	6057.08349609375	34488.3984375	
154.7010040283203	2411.0908203125	791622.25	558.5	7095.5	33294.69921875	
155.9190063476563	3813.0908203125	761144.4375	445.5454406738281	5731.41650390625	31851.	
157.1380004882813	3144.75	923338.5	600.25	5281.	33346.80078125	
158.3560028076172	3293.10009765625	760819.5625	1011.777770996094	5139.08349609375	31430.099609375	
159.5740051269531	3413.300048828125	792799.5625	408.4166564941406	5714.5	33265.1015625	
160.7920074462891	2143.333251953125	849934.625	608.5833129882813	5706.66650390625	31921.19921875	
162.0099945068359	3294.75	761731.125	518.3636474609375	10243.	32021.5	
163.2279968261719	4079.75	751839.125	591.9166870117188	8586.1669921875	31279.	
164.4459991455078	6324.66650390625	760271.125	545.6363525390625	10413.5	31579.69921875	
165.6640014648438	3573.300048828125	790267.5625	583.4166870117188	10947.8330078125	32301.900390625	
166.8820037841797	7452.91650390625	816334.375	360.	6732.66650390625	31669.900390625	
168.1000061035156	7631.2001953125	792540.875	400.	23341.583984375	31780.69921875	
169.3190002441406	2620.45458984375	787174.625	573.	10623.0830078125	32040.5	
170.5370025634766	2374.818115234375	815001.	554.6363525390625	18089.63671875	31549.69921875	
171.7550048828125	13377.25	756175.5625	333.3333435058594	8051.83349609375	32804.5	
172.9730072021484	1534.416625976563	782985.3125	525.25	8277.0830078125	32984.1015625	
174.1909942626953	1467.75	771422.6875	383.4166564941406	6774.5	30406.19921875	
175.4089965820313	10221.5	754676.	782.3636474609375	5523.	31029.	
176.6269989013672	1642.833374023438	753798.6875	425.	12046.4169921875	31800.69921875	
177.8450012207031	3971.111083984375	794955.375	281.9090881347656	10589.7275390625	31419.80078125	
179.0630035400391	1901.400024414063	774623.125	1364.818237304688	4989.16650390625	31439.599609375	
180.2819976806641	1781.5	754010.6875	241.6666717529297	3503.5	31349.099609375	
181.5	1701.300048828125	788734.25	275.0833435058594	3453.333251953125	31700.19921875	
182.7180023193359	908.8333129882813	749578.6875	381.9090881347656	3086.25	30968.19921875	
183.9360046386719	1384.25	771190.25	208.3333282470703	5206.25	31912.	
185.1540069580078	3533.699951171875	856438.5	391.	3077.916748046875	33114.3984375	
186.3719940185547	1834.75	763614.25	350.	3544.916748046875	31650.099609375	
187.5899963378906	3423.60009765625	786991.125	627.5454711914063	3503.333251953125	31740.30078125	
188.8079986572266	3621.166748046875	800218.6875	1573.818237304688	3511.75	32181.5	
190.0260009765625	4126.77783203125	761143.125	518.3636474609375	16011.75	31599.900390625	
191.2440032958984	1718.083374023438	808841.3125	608.5	7234.66650390625	32272.599609375	
192.4629974365234	2857.	785984.875	541.8333129882813	3787.	32392.5	
193.6809997558594	2229.0908203125	771404.	436.4545593261719	8737.1669921875	31940.30078125	
194.8990020751953	4163.16650390625	759016.4375	416.6666564941406	6550.5	33094.69921875	
196.1170043945313	16595.833984375	779104.875	500.2000122070313	8704.4169921875	31640.80078125	
197.3350067138672	4049.636474609375	773083.5625	558.5	11039.5	32361.900390625	
198.5529937744141	8691.099609375	792524.	458.5	10004.1669921875	30878.69921875	
199.77099609375	8230.2998046875	823062.6875	408.4166564941406	11223.	31500.	
200.9889984130859	5842.9091796875	797340.4375	480.1000061035156	9938.0830078125	32071.5	
202.2070007324219	8477.1669921875	819880.4375	366.6666564941406	256308.609375	31400.30078125	
203.4250030517578	5295.7998046875	774363.5625	430.	9587.6669921875	31901.30078125	
204.6439971923828	4374.60009765625	790416.875	308.3333435058594	11110.6669921875	31860.900390625	
205.8619995117188	3453.199951171875	800836.4375	418.1818237304688	5155.41650390625	32111.599609375	
207.0800018310547	6664.66650390625	798646.25	327.2727355957031	10873.0908203125	31158.400390625	
208.2980041503906	4861.	768543.5625	354.5454406738281	4671.58349609375	31038.30078125	
209.5160064697266	3011.166748046875	779485.75	410.1000061035156	9750.4169921875	32453.	
210.7339935302734	1865.090942382813	771866.25	300.	2418.916748046875	31590.099609375	
211.9519958496094	2675.181884765625	774641.75	418.3636474609375	2669.	31931.19921875	
213.1699981689453	1821.5	801213.3125	283.3333435058594	3829.166748046875	32312.099609375	
214.3880004882813	2118.5	775017.3125	350.	4454.91650390625	31409.900390625	
215.6069946289063	7459.77783203125	781016.	141.6666717529297	7339.75	32031.5	
216.8249969482422	1760.083374023438	793134.6875	172.7272796630859	2585.666748046875	31520.19921875	
218.0429992675781	1946.818237304688	788064.6875	333.4166564941406	2685.75	31300.30078125	
219.2610015869141	1242.416625976563	752654.6875	245.4545440673828	3445.166748046875	31369.099609375	
220.47900390625	2135.166748046875	763821.3125	300.0833435058594	2627.416748046875	30918.599609375	
221.6970062255859	1726.333374023438	791289.75	350.	3628.583251953125	31499.400390625	
222.9149932861328	1856.181762695313	870586.125	544.6666870117188	3103.083251953125	32232.19921875	
224.1329956054688	3078.583251953125	784201.75	150.	3795.333251953125	31138.80078125	
225.3509979248047	1534.5	765130.6875	390.9090881347656	4046.	31650.599609375	
226.5690002441406	1551.083374023438	779876.875	216.6666717529297	5665.33349609375	31801.099609375	
227.7879943847656	1619.45458984375	790873.3125	250.	3119.666748046875	31690.900390625	
229.0059967041016	2268.75	801749.75	333.3333435058594	6812.41650390625	32212.	
230.2239990234375	2113.111083984375	777601.75	272.7272644042969	9558.	31730.900390625	
231.4420013427734	2192.10009765625	753299.125	283.4166564941406	2886.	31129.099609375	
232.6600036621094	1190.800048828125	757717.3125	125.	3311.583251953125	33004.30078125	
233.8780059814453	1471.199951171875	796085.6875	250.	2126.75	31149.30078125	
235.0959930419922	1267.444458007813	782700.875	290.9090881347656	202424.921875	31489.900390625	
236.3139953613281	1100.54541015625	770332.	230.	2727.5	32071.69921875	
237.5319976806641	2678.166748046875	755704.	316.6666564941406	2669.166748046875	31189.5	
238.75	1242.416625976563	756307.5625	510.2999877929688	8496.5830078125	32382.900390625	
239.968994140625	30366.	767138.6875	400.0833435058594	3303.25	31149.	
241.1869964599609	1459.416625976563	741415.5625	190.	4346.16650390625	30938.19921875	
242.4049987792969	4547.33349609375	695139.5625	308.3333435058594	34762.546875	30517.30078125	
243.6230010986328	3854.699951171875	794822.125	241.6666717529297	8047.91650390625	31028.69921875	
244.8410034179688	7697.83349609375	718384.8125	300.	5799.75	32532.5	
246.0590057373047	2191.89990234375	750465.75	318.2727355957031	8682.1669921875	32051.19921875	
247.2769927978516	1901.583374023438	823859.5625	288.8888854980469	10794.5830078125	32653.599609375	
248.4949951171875	6430.	793694.6875	336.3636474609375	13417.6669921875	30978.400390625	
249.7129974365234	2502.416748046875	772717.3125	208.3333282470703	18862.166015625	30697.5	
250.9320068359375	1809.833374023438	761275.125	618.4545288085938	5431.	31630.099609375	
252.1499938964844	2611.45458984375	763032.875	400.0833435058594	8263.5830078125	31921.30078125	
253.3679962158203	3323.199951171875	756263.5625	536.5454711914063	14162.25	31860.900390625	
254.5859985351563	1400.916625976563	788356.	233.3333282470703	4054.25	32222.400390625	
255.8040008544922	10321.25	764900.	254.5454559326172	3895.666748046875	32150.900390625	
257.0220031738281	1601.25	786780.	283.3333435058594	2110.166748046875	31560.099609375	
258.239990234375	6797.58349609375	782524.4375	336.3636474609375	11649.0830078125	32302.30078125	
259.4580078125	1634.666625976563	760185.3125	275.	12236.3330078125	33384.80078125	
260.6759948730469	1592.	777952.	300.	21536.833984375	32693.400390625	
261.8940124511719	35245.81640625	764744.875	391.75	2577.416748046875	31821.099609375	
263.1130065917969	2446.5556640625	773297.3125	416.8333435058594	2952.583251953125	30457.400390625	
264.3309936523438	2111.89990234375	758734.25	158.3333282470703	3411.666748046875	31610.5	
265.5490112304688	1701.300048828125	800252.875	375.0833435058594	3011.166748046875	31148.80078125	
266.7669982910156	1591.099975585938	745310.25	266.6666564941406	3228.	31620.19921875	
267.9849853515625	1826.583374023438	756052.875	309.0909118652344	2326.916748046875	30888.599609375	
269.2030029296875	1701.333374023438	734377.75	283.3333435058594	227825.796875	32332.099609375	
270.4209899902344	2973.	768186.25	345.5454406738281	3144.5	31571.	
271.6390075683594	1645.666625976563	746726.25	383.5	2226.916748046875	31951.30078125	
272.8569946289063	2582.39990234375	740374.6875	272.7272644042969	2418.75	31650.69921875	
274.0750122070313	1380.900024414063	757183.5625	436.5454406738281	2427.083251953125	30938.900390625	
275.2940063476563	1446.54541015625	745047.5625	491.0909118652344	2527.166748046875	31750.5	
276.5119934082031	983.75	739848.4375	363.6363525390625	4630.5	30928.5	
277.7300109863281	1737.727294921875	760724.4375	350.0833435058594	2986.25	32051.69921875	
278.947998046875	1582.909057617188	748553.75	308.4166564941406	3545.25	33406.8984375	
280.1659851074219	1719.45458984375	742887.5625	550.25	4029.083251953125	31390.099609375	
281.3840026855469	3211.5	744208.	458.4166564941406	11613.0830078125	31971.400390625	
282.6019897460938	6738.2998046875	764760.875	575.25	7442.33349609375	32623.80078125	
283.8200073242188	5636.10009765625	767900.	500.1666564941406	6699.16650390625	31018.5	
285.0379943847656	5433.0908203125	742049.75	358.4166564941406	10213.4169921875	31219.	
286.2569885253906	8535.5	777233.3125	618.3636474609375	10187.6669921875	32492.69921875	
287.4750061035156	3395.333251953125	799156.625	708.75	10089.0830078125	31880.	
288.6929931640625	20604.77734375	779915.5625	800.5454711914063	7775.75	31218.900390625	
289.9110107421875	5769.818359375	796779.5625	380.	8244.0830078125	31339.19921875	
291.1289978027344	7184.5	752988.	463.8181762695313	11426.	30577.5	
292.3469848632813	6377.5	914924.375	500.0833435058594	7576.5	31720.400390625	
293.5650024414063	4704.9091796875	781552.875	358.3333435058594	4805.	32031.099609375	
294.7829895019531	4450.27294921875	760817.3125	383.3333435058594	169631.765625	32954.6015625	
296.0010070800781	3412.416748046875	782545.75	618.272705078125	10673.0830078125	31930.900390625	
297.218994140625	4054.5	760082.25	316.6666564941406	25241.25	32272.	
298.43798828125	5055.41650390625	789374.6875	1034.25	10840.25	30757.80078125	
299.656005859375	9851.3330078125	800397.3125	700.272705078125	17102.818359375	32653.099609375	
300.8739929199219	4246.33349609375	761136.875	283.3333435058594	20879.	32482.400390625	
302.0920104980469	5464.41650390625	785575.5625	518.272705078125	12629.5	31871.	
303.3099975585938	23478.63671875	792058.6875	436.4545593261719	14182.8330078125	33284.80078125	
304.5280151367188	9048.818359375	743988.875	811.5555419921875	66153.9921875	33174.8984375	
305.7460021972656	8136.66650390625	767424.875	550.1666870117188	10338.9169921875	32111.599609375	
306.9639892578125	10711.25	876644.375	325.	11250.3330078125	32232.30078125	
308.1820068359375	14657.25	798972.4375	366.6666564941406	32525.7265625	29956.099609375	
309.3999938964844	3512.333251953125	774632.4375	291.6666564941406	20748.916015625	31821.099609375	
310.6189880371094	10082.5556640625	824362.125	354.6363525390625	34198.37109375	31560.30078125	
311.8370056152344	4916.5556640625	762479.125	791.272705078125	16819.833984375	32623.30078125	
313.0549926757813	11584.875	778306.6875	458.5	6808.33349609375	31258.80078125	
314.2730102539063	3328.333251953125	759652.4375	350.	22342.	42539.4453125	
315.4909973144531	67079.625	743060.4375	275.	13213.8330078125	33466.3984375	
316.7090148925781	9922.5556640625	785732.	191.75	4663.25	33013.69921875	
317.927001953125	4350.36376953125	770045.3125	291.6666564941406	6191.66650390625	34157.69921875	
319.1449890136719	6601.33349609375	750241.3125	436.4545593261719	8377.5	148314.953125	
320.3630065917969	2593.181884765625	737347.5625	258.3333435058594	9732.4169921875	31499.900390625	
321.5809936523438	1050.666625976563	705448.3125	390.9090881347656	5381.91650390625	31700.400390625	
322.7999877929688	7199.	748645.75	625.4166870117188	7176.33349609375	31720.30078125	
324.0180053710938	1634.5	762066.6875	558.5833129882813	9981.1669921875	33114.30078125	
325.2359924316406	4860.27294921875	757078.25	520.2000122070313	9521.0830078125	30667.599609375	
326.4540100097656	1835.	786264.	617.	6466.16650390625	32061.400390625	
327.6719970703125	1793.166625976563	760439.125	575.25	5264.41650390625	32342.69921875	
328.8900146484375	992.3333129882813	768045.75	254.6363677978516	5840.08349609375	32121.400390625	
330.1080017089844	5361.54541015625	759973.3125	1635.166625976563	17067.	32452.5	
331.3259887695313	3553.5	739240.	463.7272644042969	5431.33349609375	30938.19921875	
332.5440063476563	5098.25	769670.25	500.0909118652344	3211.5	31941.69921875	
333.7630004882813	2318.666748046875	758713.75	391.6666564941406	7291.66650390625	32191.80078125	
334.9809875488281	8332.888671875	752608.875	416.75	13368.6669921875	32553.	
336.1990051269531	12081.7275390625	763961.75	508.3333435058594	15514.1669921875	32091.400390625	
337.4169921875	10864.25	770732.875	600.1818237304688	51083.59375	31920.80078125	
338.635009765625	24485.083984375	773134.25	683.5833129882813	21729.5	33666.6015625	
339.8529968261719	15856.7998046875	772548.	627.4545288085938	27995.5	31680.599609375	
341.0710144042969	13748.5458984375	798664.875	616.8333129882813	17218.75	30958.5	
342.2890014648438	10413.599609375	762918.25	454.6363525390625	16350.6669921875	33185.	
343.5069885253906	17229.77734375	760530.25	408.4166564941406	11849.75	31509.69921875	
344.7250061035156	9502.2001953125	758390.25	409.1818237304688	11264.8330078125	32443.5	
345.9440002441406	5339.	751142.25	445.5454406738281	7767.66650390625	31149.19921875	
347.1619873046875	6797.7001953125	757455.125	316.6666564941406	7684.33349609375	30678.19921875	
348.3800048828125	7611.4443359375	734220.4375	266.6666564941406	5998.16650390625	30857.900390625	
349.5979919433594	4237.91650390625	743825.3125	363.6363525390625	17136.333984375	31740.80078125	
350.8160095214844	2861.083251953125	742969.3125	441.8333435058594	17196.455078125	30587.900390625	
352.0339965820313	2193.333251953125	724828.875	216.6666717529297	5506.25	30357.099609375	
353.2520141601563	3036.083251953125	748689.75	325.	4805.66650390625	32262.5	
354.4700012207031	6085.	747907.125	366.75	6390.83349609375	31440.5	
355.68798828125	4554.89990234375	741302.25	318.2727355957031	36362.29296875	32773.19921875	
356.906005859375	6972.10009765625	736980.	341.6666564941406	11666.8330078125	32091.900390625	
358.125	8296.5830078125	759785.3125	391.6666564941406	13815.0830078125	32011.900390625	
359.3429870605469	3554.416748046875	762430.6875	225.	5998.75	32673.400390625	
360.5610046386719	2778.666748046875	754920.875	363.6363525390625	5398.25	31631.5	
361.7789916992188	2218.5	766171.	333.4166564941406	6325.41650390625	31189.099609375	
362.9970092773438	3767.45458984375	1420845.25	220.	7024.83349609375	31851.19921875	
364.2149963378906	5245.60009765625	735677.75	258.3333435058594	9104.1669921875	32463.19921875	
365.4330139160156	3520.416748046875	738682.25	300.	8986.6669921875	31269.19921875	
366.6510009765625	3948.166748046875	770341.3125	333.4166564941406	10522.6669921875	30998.5	
367.8689880371094	1809.75	751035.125	375.	560424.5625	31620.19921875	
369.0880126953125	5417.77783203125	759143.5625	325.	20192.583984375	31329.599609375	
370.3059997558594	8877.25	757253.3125	260.	14286.6669921875	31460.30078125	
371.5239868164063	2652.416748046875	727212.	358.3333435058594	19236.583984375	31229.30078125	
372.7420043945313	2110.818115234375	726775.125	241.6666717529297	3520.	31550.099609375	
373.9599914550781	984.	743397.75	209.0909118652344	6835.41650390625	32042.099609375	
375.1780090332031	2413.22216796875	784016.4375	270.	7702.33349609375	31019.	
376.39599609375	1159.083374023438	748743.125	350.	6653.5	30857.900390625	
377.614013671875	3043.199951171875	811811.5	208.3333282470703	2610.666748046875	32111.5	
378.8320007324219	1020.5	722512.4375	263.6363525390625	2318.833251953125	30999.099609375	
380.0499877929688	4092.375	749803.5625	250.	2010.083374023438	30667.599609375	
381.2690124511719	1373.636352539063	732894.6875	258.3333435058594	2827.583251953125	31229.599609375	
382.4869995117188	1055.272705078125	740212.875	216.6666717529297	2886.166748046875	32523.400390625	
383.7049865722656	1067.416625976563	748679.125	354.5454406738281	62257.79296875	32362.5	
384.9230041503906	1651.300048828125	734980.	233.3333282470703	4354.91650390625	29685.400390625	
386.1409912109375	5482.25	754782.6875	309.0909118652344	3937.916748046875	31028.69921875	
387.3590087890625	2310.333251953125	762979.125	425.1666564941406	19493.5	32202.099609375	
388.5769958496094	1309.25	760876.4375	436.3636474609375	6424.41650390625	30597.099609375	
389.7950134277344	1801.75	737513.3125	563.8181762695313	6786.08349609375	32433.599609375	
391.0130004882813	6220.5556640625	753225.75	782.272705078125	5105.41650390625	32613.599609375	
392.2309875488281	3248.636474609375	749957.75	5730.25	4421.41650390625	31450.099609375	
393.4500122070313	5226.2998046875	756471.125	808.9166870117188	14833.8330078125	32463.5	
394.6679992675781	1834.833374023438	754609.3125	391.	6048.66650390625	32544.	
395.885986328125	10168.75	746905.3125	1060.800048828125	5348.	32663.80078125	
397.10400390625	3203.166748046875	751564.	283.3333435058594	4588.16650390625	31510.5	
398.3219909667969	2972.800048828125	769203.5625	275.	2560.75	32081.5	
399.5400085449219	4124.2998046875	751305.3125	491.0909118652344	3695.333251953125	31510.80078125	
400.7579956054688	1242.583374023438	741833.75	350.1000061035156	3662.	31880.80078125	
401.9760131835938	2160.166748046875	743088.4375	390.	5990.66650390625	31870.69921875	
403.1940002441406	2181.800048828125	756549.3125	275.0833435058594	4312.83349609375	32061.5	
404.4129943847656	1334.25	764019.125	350.0833435058594	4463.08349609375	33074.	
405.6310119628906	2680.333251953125	780216.	250.	36330.20703125	34643.1015625	
406.8489990234375	1484.5	797850.	258.4166564941406	3061.333251953125	32031.400390625	
408.0669860839844	1492.	757588.4375	563.9091186523438	2235.083251953125	31268.5	
409.2850036621094	1961.699951171875	753894.6875	266.6666564941406	3746.25	31811.099609375	
410.5029907226563	1246.363647460938	741878.25	336.3636474609375	2135.083251953125	32202.099609375	
411.7210083007813	2769.111083984375	738473.75	241.6666717529297	2610.5	31690.599609375	
412.9389953613281	5077.7998046875	756773.3125	530.2000122070313	5382.83349609375	32302.599609375	
414.1570129394531	1182.54541015625	753821.75	250.0833282470703	2694.166748046875	32121.900390625	
415.375	1000.545471191406	754049.75	190.9090881347656	1793.166625976563	31329.900390625	
416.593994140625	2238.363525390625	741870.6875	325.0833435058594	1651.416625976563	31630.099609375	
417.81201171875	1125.75	785849.75	336.3636474609375	3595.583251953125	31960.900390625	
419.0299987792969	10197.5	748802.6875	381.8181762695313	134809.359375	32412.	
420.2479858398438	2482.39990234375	759964.4375	366.75	5198.	32282.099609375	
421.4660034179688	1893.166625976563	759920.4375	608.5833129882813	6000.08349609375	32813.	
422.6839904785156	2082.	752937.3125	341.75	4571.83349609375	32282.099609375	
423.9020080566406	5565.83349609375	738923.125	425.1666564941406	6808.41650390625	30877.900390625	
425.1199951171875	1050.75	748012.875	290.	12013.5458984375	31419.69921875	
426.3380126953125	6029.58349609375	730230.25	425.1666564941406	3144.916748046875	31409.400390625	
427.5559997558594	4983.66650390625	756166.25	518.3636474609375	5022.83349609375	39044.66796875	
428.7749938964844	2939.272705078125	739100.4375	500.1000061035156	2594.166748046875	32312.400390625	
429.9930114746094	2251.89990234375	736558.25	608.5833129882813	3528.666748046875	30897.900390625	
431.2109985351563	5150.58349609375	729622.6875	233.3333282470703	4288.16650390625	30897.900390625	
432.4289855957031	2068.77783203125	740224.875	633.5833129882813	5114.58349609375	32272.30078125	
433.6470031738281	1109.	737151.125	591.0908813476563	3971.	34338.5	
434.864990234375	6455.5556640625	755336.	450.0833435058594	6692.25	31218.80078125	
436.0830078125	20398.5	749701.3125	633.5833129882813	5377.	31218.900390625	
437.3009948730469	1346.363647460938	723167.125	483.3333435058594	2777.75	31720.400390625	
438.5190124511719	1801.916625976563	740063.125	1250.900024414063	6575.91650390625	31319.30078125	
439.7380065917969	1282.636352539063	764018.25	350.	2585.583251953125	30988.900390625	
440.9559936523438	1617.75	751903.125	466.75	3462.5	31098.69921875	
442.1740112304688	1826.416625976563	731587.5625	363.6363525390625	5400.33349609375	31409.400390625	
443.3919982910156	2472.199951171875	738400.875	508.6666564941406	4905.25	30907.80078125	
444.6099853515625	3470.166748046875	742567.125	409.1818237304688	7843.08349609375	31871.69921875	
445.8280029296875	3995.833251953125	746758.25	263.6363525390625	26371.099609375	31770.5	
447.0459899902344	6184.77783203125	737163.6875	225.	11241.25	32442.69921875	
448.2640075683594	31155.8828125	744732.	233.3333282470703	5689.83349609375	31551.	
449.4819946289063	5947.2001953125	743228.875	400.0909118652344	4613.16650390625	32231.80078125	
450.7000122070313	4095.	740639.5625	583.5833129882813	5138.75	31168.5	
451.9190063476563	9631.	739040.4375	860.4000244140625	8093.33349609375	32602.599609375	
453.1369934082031	3578.5	746091.5625	400.1818237304688	23772.5	32723.69921875	
454.3550109863281	5350.66650390625	733401.75	450.0833435058594	7542.33349609375	31760.599609375	
455.572998046875	3787.166748046875	763909.3125	609.272705078125	7826.16650390625	31771.	
456.7909851074219	4212.66650390625	740359.125	1872.	7901.08349609375	32362.5	
458.0090026855469	3383.199951171875	763050.6875	316.6666564941406	4746.66650390625	31439.69921875	
459.2269897460938	3072.89990234375	743398.25	909.	9353.6669921875	32563.400390625	
460.4450073242188	5115.5	741452.875	790.4000244140625	15318.0830078125	31911.69921875	
461.6629943847656	5888.27294921875	749582.25	427.4545593261719	5330.91650390625	31781.30078125	
462.8810119628906	22162.22265625	752591.4375	664.	15884.	32864.19921875	
464.1000061035156	10174.7998046875	738198.6875	458.5	8970.75	30828.19921875	
465.3179931640625	6318.7998046875	736782.6875	500.2000122070313	9103.25	31479.900390625	
466.5360107421875	4972.	722330.25	325.0833435058594	7868.25	29895.900390625	
467.7539978027344	3353.333251953125	754105.75	573.	11445.	31229.099609375	
468.9719848632813	4835.39990234375	740608.9375	491.75	8594.5	31790.599609375	
470.1900024414063	6508.2001953125	731095.125	366.6666564941406	8218.3330078125	30417.099609375	
471.4079895019531	5675.66650390625	732365.3125	516.8333129882813	12196.6669921875	30156.400390625	
472.6260070800781	24973.77734375	732844.4375	308.3333435058594	33023.5	32332.5	
473.843994140625	2393.916748046875	749846.25	436.4545593261719	4313.08349609375	30979.	
475.06298828125	23615.	723087.125	208.3333282470703	3628.666748046875	30086.099609375	
476.281005859375	2512.199951171875	725383.5625	545.5454711914063	4054.	30356.5	
477.4989929199219	3740.0908203125	699191.125	750.5	96459.0390625	32894.80078125	
478.7170104980469	3457.9091796875	772195.5	290.9090881347656	613193.5625	30527.5	
479.9349975585938	1159.166625976563	724933.75	475.0833435058594	22463.333984375	32383.099609375	
481.1530151367188	5696.60009765625	739611.5625	683.6666870117188	47329.86328125	32202.	
482.3710021972656	6591.91650390625	768909.3125	509.1818237304688	17038.916015625	32081.80078125	
483.5889892578125	8020.16650390625	734476.625	742.0833129882813	42717.16796875	32081.69921875	
484.8070068359375	18659.888671875	737555.5625	433.4166564941406	13663.4169921875	31119.	
486.0249938964844	11176.900390625	727365.75	472.8181762695313	11642.75	32674.099609375	
487.2439880371094	4286.63623046875	740916.875	383.3333435058594	31629.166015625	31229.5	
488.4620056152344	5417.	739347.5625	2066.272705078125	29585.416015625	30126.400390625	
489.6799926757813	7260.91650390625	740651.5625	533.5	15813.1669921875	31661.	
490.8980102539063	14527.1669921875	748824.4375	618.4545288085938	64365.84375	31811.099609375	
492.1159973144531	5816.5	732310.6875	742.1666870117188	15328.5	32213.	
493.3340148925781	1960.	734634.25	700.0833129882813	7868.	32011.30078125	
494.552001953125	1843.25	763985.6875	330.	62827.6015625	31730.69921875	
495.7699890136719	6627.7998046875	775963.125	470.	6910.41650390625	31911.400390625	
496.9880065917969	7127.83349609375	706440.875	427.3636474609375	5197.41650390625	31851.400390625	
498.2059936523438	1793.166625976563	718700.4375	627.4545288085938	17461.416015625	30908.80078125	
499.4249877929688	14069.599609375	754292.	745.727294921875	7894.08349609375	29765.	
500.6430053710938	2936.083251953125	718136.	341.6666564941406	13130.8330078125	30397.	
501.8609924316406	2892.60009765625	733860.4375	458.5833435058594	17547.833984375	37415.80078125	
503.0790100097656	2051.60009765625	755231.125	1367.833374023438	5948.41650390625	31701.099609375	
504.2969970703125	7744.08349609375	748401.3125	1712.77783203125	9163.4169921875	31269.400390625	
505.5150146484375	18195.416015625	744066.6875	350.	6707.75	32462.099609375	
506.7330017089844	5376.2001953125	773831.125	491.0909118652344	23952.75	29695.	
507.9509887695313	3194.75	745554.6875	727.5454711914063	6106.91650390625	32282.69921875	
509.1690063476563	2969.833251953125	803786.125	316.6666564941406	19624.583984375	31770.900390625	
510.3869934082031	2268.75	724914.25	825.5	10458.	31470.30078125	
511.6059875488281	4486.72705078125	747000.4375	566.8333129882813	56235.453125	32121.69921875	
512.823974609375	8165.0908203125	759508.	682.0908813476563	18340.	31951.400390625	
514.0419921875	13240.5458984375	815196.	1459.666625976563	74307.3671875	30236.80078125	
515.260009765625	5581.5	765204.4375	720.0999755859375	78045.2578125	32712.900390625	
516.47802734375	47491.	757411.5625	1075.833374023438	13611.5	32251.900390625	
517.6959838867188	35500.80078125	851664.	700.3636474609375	22684.583984375	32201.900390625	
518.9140014648438	32401.099609375	763950.25	633.5833129882813	18562.	31249.400390625	
520.1320190429688	8586.8330078125	770142.25	600.272705078125	21099.416015625	31931.	
521.3499755859375	10588.5830078125	758650.6875	900.5999755859375	20558.666015625	33736.80078125	
522.5689697265625	7144.72705078125	746098.25	1055.272705078125	13311.3330078125	35152.91015625	
523.7869873046875	5381.	748706.6875	583.5833129882813	25164.666015625	32251.599609375	
525.0050048828125	10778.599609375	919228.125	616.9166870117188	69629.71875	37590.80078125	
526.2230224609375	3828.916748046875	742014.6875	1318.	29159.5	30116.30078125	
527.4409790039063	22801.875	749700.9375	758.8333129882813	15432.5830078125	32031.900390625	
528.6589965820313	4855.25	771742.25	1251.	14523.5	32052.19921875	
529.8770141601563	1801.5	733453.75	572.9091186523438	19889.333984375	31972.	
531.094970703125	5316.10009765625	797700.875	550.	20494.166015625	37191.109375	
532.31298828125	3257.9091796875	748509.75	990.5999755859375	8673.	31439.5	
533.531005859375	6797.111328125	727992.	783.75	22233.833984375	30928.30078125	
534.75	10110.6669921875	850040.9375	591.8333129882813	6942.58349609375	31831.5	
535.968017578125	8827.3330078125	731558.25	750.3333129882813	5105.5	32041.19921875	
537.1859741210938	3994.199951171875	726959.5625	372.8181762695313	41803.1875	43935.19921875	
538.4039916992188	6245.5	737513.75	530.2000122070313	6099.	35553.5	
539.6220092773438	8848.8330078125	726534.25	410.1000061035156	8480.9169921875	31038.5	
540.8400268554688	3676.272705078125	726805.75	1412.333374023438	5631.41650390625	31429.900390625	
542.0579833984375	19900.5	723057.3125	290.9090881347656	4204.33349609375	30105.80078125	
543.2760009765625	13335.875	734545.75	2896.166748046875	3920.666748046875	30938.900390625	
544.4940185546875	3603.9091796875	756382.25	358.3333435058594	51715.5	32272.5	
545.7119750976563	8242.2001953125	758160.875	984.25	6891.58349609375	31389.69921875	
546.9310302734375	6676.83349609375	781518.125	1091.636352539063	31951.55078125	31860.900390625	
548.1489868164063	2402.10009765625	727523.125	233.3333282470703	17714.5	31059.	
549.3670043945313	2477.333251953125	714704.	416.8333435058594	4004.083251953125	32533.30078125	
550.5850219726563	5286.7998046875	746001.3125	658.6666870117188	17253.	30648.400390625	
551.802978515625	2911.	752686.25	736.5454711914063	13595.6669921875	30808.400390625	
553.02099609375	3128.5	732328.875	536.5454711914063	16609.333984375	30145.80078125	
554.239013671875	7520.10009765625	790441.1875	400.0909118652344	28533.400390625	32252.400390625	
555.4569702148438	2560.666748046875	729820.4375	917.25	20996.083984375	32061.400390625	
556.6749877929688	8273.75	754712.4375	773.	51325.07421875	33456.1015625	
557.8939819335938	7640.	758536.4375	955.	59174.16796875	31920.80078125	
559.1119995117188	10588.5830078125	939670.0625	500.0833435058594	53466.58203125	31680.400390625	
560.3300170898438	15515.400390625	753728.	754.8181762695313	53856.66796875	32152.	
561.5479736328125	38801.78515625	759472.4375	441.6666564941406	32235.666015625	33476.80078125	
562.7659912109375	10959.7275390625	764207.5625	933.75	24902.25	31109.5	
563.9840087890625	14934.0908203125	738279.5625	673.	35014.75	31951.19921875	
565.2020263671875	13485.	745296.875	773.0908813476563	26177.	30658.	
566.4199829101563	18111.5546875	751871.5625	566.8333129882813	18391.	31159.5	
567.6380004882813	9647.3330078125	726469.3125	682.1818237304688	23747.666015625	31731.19921875	
568.8560180664063	8601.400390625	797424.4375	654.8181762695313	27344.	32022.19921875	
570.0750122070313	8601.7998046875	750168.875	727.6363525390625	12885.5830078125	31641.	
571.2930297851563	4076.727294921875	725830.6875	475.1666564941406	15710.5	32372.80078125	
572.510986328125	5626.5	734769.3125	482.0909118652344	8410.1669921875	31720.80078125	
573.72900390625	4168.	774780.6875	867.0833129882813	211451.1875	32722.900390625	
574.947021484375	6828.7001953125	756355.5625	458.4166564941406	10539.8330078125	32853.3984375	
576.1649780273438	3103.	735293.75	627.5454711914063	7125.08349609375	32262.400390625	
577.3829956054688	4304.5	730452.875	383.4166564941406	38939.91796875	31089.	
578.6010131835938	2101.916748046875	740281.3125	658.5833129882813	7442.08349609375	29745.099609375	
579.8189697265625	4204.36376953125	718990.25	541.9166870117188	20530.333984375	32433.19921875	
581.0369873046875	1684.666625976563	741301.3125	491.8333435058594	9876.9169921875	35846.3984375	
582.2559814453125	3626.	791169.875	375.1666564941406	6900.16650390625	31360.099609375	
583.4739990234375	1434.5	747460.4375	727.6363525390625	7818.33349609375	31650.400390625	
584.6920166015625	1309.333374023438	741344.875	673.	3553.5	30237.099609375	
585.9099731445313	1951.599975585938	727470.6875	591.1818237304688	5324.63623046875	29354.80078125	
587.1279907226563	3403.5556640625	715253.75	466.75	28930.787109375	30777.80078125	
588.3460083007813	908.9166870117188	741098.6875	527.4545288085938	5823.41650390625	31741.400390625	
589.5640258789063	14732.888671875	751378.6875	275.	2118.583251953125	30487.30078125	
590.781982421875	975.5	713328.4375	636.727294921875	5623.5	32262.5	
592.	2357.5556640625	724472.4375	425.0833435058594	6084.	32061.900390625	
593.218994140625	10755.1669921875	715577.75	533.5	55929.44921875	31710.599609375	
594.43701171875	2919.75	728870.6875	400.0833435058594	5206.	31279.19921875	
595.655029296875	2162.	759717.3125	508.5	12331.400390625	32121.80078125	
596.8729858398438	2192.9091796875	748839.125	266.6666564941406	5055.41650390625	31720.400390625	
598.0910034179688	1601.25	720478.6875	372.7272644042969	2285.25	31058.900390625	
599.3090209960938	1584.75	719634.25	281.8181762695313	4839.	30958.900390625	
600.5269775390625	867.0833129882813	732930.25	408.5	2744.166748046875	30296.69921875	
601.7449951171875	1885.25	758421.3125	366.75	9760.6669921875	31690.5	
602.9630126953125	1968.5	731217.75	190.9090881347656	2385.416748046875	30436.69921875	
604.1810302734375	975.75	736439.125	263.6363525390625	2251.916748046875	31088.400390625	
605.4000244140625	1225.916625976563	748557.3125	310.	2502.416748046875	32723.69921875	
606.6179809570313	566.8333129882813	711601.3125	291.	2685.666748046875	30065.599609375	
607.8359985351563	1017.166687011719	715278.6875	391.	5919.33349609375	31189.400390625	
609.0540161132813	992.25	706656.875	236.3636322021484	1876.416625976563	30306.599609375	
610.27197265625	691.8333129882813	707862.25	318.1818237304688	3754.333251953125	30317.400390625	
611.489990234375	1751.300048828125	708393.3125	520.2000122070313	2060.	31731.30078125	
612.7080078125	1055.272705078125	704620.875	430.	2310.416748046875	32593.69921875	
613.926025390625	936.8181762695313	715240.4375	345.4545593261719	2585.833251953125	31470.69921875	
615.1439819335938	917.0833129882813	710824.4375	283.3333435058594	4139.16650390625	29996.30078125	
616.3619995117188	842.25	717730.6875	350.	3303.416748046875	30025.900390625	
617.5809936523438	892.1666870117188	725051.125	240.	2110.	29993.455078125	
618.7990112304688	1519.363647460938	711912.4375	291.6666564941406	4664.25	30648.099609375	
620.0170288085938	1461.	732136.4375	366.6666564941406	1425.916625976563	33496.80078125	
621.2349853515625	683.75	716432.	350.	1734.75	31359.5	
622.4530029296875	700.25	746189.3125	333.3333435058594	1743.	32442.900390625	
623.6710205078125	1125.75	710930.25	200.	14890.7275390625	32452.400390625	
624.8889770507813	892.1666870117188	724721.3125	218.1818237304688	3604.416748046875	31149.19921875	
626.1069946289063	982.4545288085938	722352.875	454.7272644042969	1509.5	30377.400390625	
627.3250122070313	920.4000244140625	714451.5625	191.6666717529297	10996.5	30056.400390625	
628.5440063476563	2472.5	721786.25	275.0833435058594	1776.25	32112.5	
629.7620239257813	2380.	700712.4375	300.	2185.166748046875	30747.900390625	
630.97998046875	1130.699951171875	722647.125	250.	1893.166625976563	30868.30078125	
632.197998046875	1184.083374023438	721473.3125	350.	1934.916625976563	30959.19921875	
633.416015625	1067.25	725164.	445.6363525390625	2110.083251953125	30376.69921875	
634.6339721679688	1423.333374023438	735447.125	272.7272644042969	3228.083251953125	31258.80078125	
635.8519897460938	1410.090942382813	727684.875	325.	3261.416748046875	30857.900390625	
637.0700073242188	1384.25	730240.875	300.	2869.5	32543.30078125	
638.2880249023438	2252.416748046875	744892.	554.8181762695313	3695.333251953125	31360.	
639.5059814453125	3136.888916015625	731468.	533.5	4997.25	32593.599609375	
640.7249755859375	1861.5	739791.125	345.4545593261719	18670.416015625	32283.	
641.9429931640625	983.9166870117188	729476.	8327.3330078125	4112.58349609375	31861.69921875	
643.1610107421875	2079.666748046875	736445.3125	458.5	6399.	30728.099609375	
644.3790283203125	3058.5556640625	730332.875	290.9090881347656	7286.16650390625	31490.599609375	
645.5969848632813	7333.83349609375	742876.4375	427.4545593261719	3061.166748046875	32523.69921875	
646.8150024414063	4927.08349609375	730886.6875	410.	26239.5625	31410.099609375	
648.0330200195313	1446.54541015625	742263.5625	690.4000244140625	2944.416748046875	31991.30078125	
649.2509765625	1210.	744636.4375	250.	8022.08349609375	30928.69921875	
650.468994140625	1291.818237304688	719932.	617.	3871.083251953125	31309.80078125	
651.68701171875	2986.333251953125	729233.75	350.	3746.	31680.400390625	
652.906005859375	1050.916625976563	723858.6875	1661.800048828125	1976.666625976563	40371.33203125	
654.1240234375	6993.33349609375	742859.125	616.9166870117188	1893.333374023438	32141.80078125	
655.3419799804688	1159.083374023438	728004.	216.6666717529297	12262.75	31590.30078125	
656.5599975585938	1573.818237304688	740633.75	366.6666564941406	2385.583251953125	32422.599609375	
657.7780151367188	3223.5	739602.6875	563.9091186523438	2260.333251953125	29845.5	
658.9959716796875	2218.75	724850.6875	272.7272644042969	8547.75	32202.69921875	
660.2139892578125	825.4166870117188	734683.125	233.3333282470703	1818.083374023438	32723.599609375	
661.4320068359375	1250.800048828125	738328.	516.8333129882813	2702.583251953125	31741.19921875	
662.6500244140625	1267.555541992188	740167.5625	258.3333435058594	1901.416625976563	31982.	
663.8690185546875	1391.	743511.5625	327.2727355957031	2569.083251953125	32362.80078125	
665.0869750976563	1090.699951171875	742694.25	472.9090881347656	2877.75	32302.30078125	
666.3049926757813	2091.89990234375	735261.75	225.	9181.5	32322.5	
667.5230102539063	1310.	752089.3125	281.8181762695313	1576.083374023438	32011.30078125	
668.7410278320313	867.1666870117188	721559.5625	525.1666870117188	4388.5	30206.400390625	
669.958984375	2202.199951171875	725674.25	454.7272644042969	10811.5	32011.30078125	
671.177001953125	1209.333374023438	739827.125	26737.541015625	2919.333251953125	30657.599609375	
672.39501953125	1401.	734295.5625	5863.66650390625	4121.16650390625	29956.099609375	
673.6129760742188	2538.818115234375	743181.3125	1182.727294921875	23355.166015625	30357.400390625	
674.8309936523438	7130.58349609375	758317.75	1137.090942382813	6566.83349609375	31580.099609375	
676.0499877929688	3746.	731756.	6138.33349609375	11187.	32142.	
677.2680053710938	2702.416748046875	732572.4375	2757.818115234375	5740.	30928.5	
678.4860229492188	4288.58349609375	739416.875	2821.181884765625	6299.58349609375	31580.19921875	
679.7039794921875	3357.9091796875	747067.5625	833.6666870117188	5915.41650390625	32001.900390625	
680.9219970703125	2686.083251953125	719249.75	1030.5	4387.91650390625	31881.900390625	
682.1400146484375	48656.0546875	732443.125	750.3333129882813	6533.91650390625	30477.5	
683.3579711914063	4933.	747054.6875	3070.166748046875	11841.818359375	32141.	
684.5759887695313	4177.36376953125	721581.3125	817.	2894.25	31390.	
685.7940063476563	1225.916625976563	743302.6875	782.0908813476563	8147.08349609375	30787.80078125	
687.0120239257813	1693.083374023438	727146.6875	1150.699951171875	2627.416748046875	31259.900390625	
688.2310180664063	2769.4443359375	730227.5625	1167.416625976563	3295.	30296.80078125	
689.448974609375	1751.300048828125	723970.6875	818.5454711914063	5516.58349609375	30637.400390625	
690.6669921875	2182.	721001.75	566.8333129882813	4589.41650390625	31149.5	
691.885009765625	1584.666625976563	724705.75	600.1666870117188	5089.5	30728.19921875	
693.10302734375	2147.363525390625	715842.6875	641.9166870117188	5757.25	33455.69921875	
694.3209838867188	2547.9091796875	707438.6875	533.4166870117188	14679.5830078125	32443.400390625	
695.5390014648438	2786.583251953125	722983.125	491.75	2652.333251953125	32825.69921875	
696.7570190429688	3804.916748046875	818506.	472.9090881347656	9345.	30307.400390625	
697.9749755859375	1771.400024414063	722633.3125	525.3333129882813	7105.66650390625	32443.599609375	
699.1929931640625	917.1666870117188	720716.	563.8181762695313	6025.33349609375	31651.099609375	
700.4119873046875	2091.89990234375	692087.5625	458.4166564941406	2110.166748046875	31671.19921875	
701.6300048828125	667.	752457.3125	782.3636474609375	5081.83349609375	31710.80078125	
702.8480224609375	625.1666870117188	741766.6875	946.0908813476563	2193.583251953125	30507.30078125	
704.0659790039063	10146.7001953125	770474.25	450.0833435058594	7168.33349609375	35675.1015625	
705.2839965820313	750.25	745216.4375	236.3636322021484	24533.978515625	31339.69921875	
706.5020141601563	1175.916625976563	954215.375	409.0909118652344	5307.181640625	32714.19921875	
707.719970703125	7305.08349609375	752382.6875	483.4166564941406	2794.333251953125	30537.099609375	
708.93798828125	2642.60009765625	765190.8125	2160.75	16086.6669921875	31509.69921875	
710.156005859375	17190.5	763107.5625	833.6666870117188	9972.	32754.19921875	
711.375	4556.2998046875	733597.75	750.4166870117188	15214.5	32292.69921875	
712.593017578125	5848.60009765625	733987.5625	1109.083374023438	6274.	31480.80078125	
713.8109741210938	2893.818115234375	742443.5625	683.5	11986.5830078125	31910.900390625	
715.0289916992188	2672.300048828125	740984.875	441.75	8704.	31921.5	
716.2470092773438	1743.	728381.3125	1683.636352539063	14859.6669921875	31450.	
717.4650268554688	4989.08349609375	709438.25	10578.875	7050.	31118.400390625	
718.6829833984375	12904.181640625	704770.6875	466.8333435058594	33096.08203125	31841.19921875	
719.9010009765625	8253.5	743846.6875	400.0833435058594	22282.7265625	32693.	
721.1190185546875	3853.916748046875	720906.6875	583.5833129882813	25173.25	31720.5	
722.3369750976563	4477.54541015625	1922719.75	1050.599975585938	25968.083984375	31309.80078125	
723.5560302734375	14782.8330078125	738804.4375	575.25	19580.416015625	31199.400390625	
724.7739868164063	11301.6669921875	728935.125	883.8333129882813	9764.5830078125	31830.599609375	
725.9920043945313	4104.45458984375	728532.4375	558.5	15239.9169921875	31199.400390625	
727.2100219726563	10570.9169921875	724377.75	650.3333129882813	33157.04296875	31691.099609375	
728.427978515625	3695.75	723520.4375	1459.916625976563	33905.	30718.30078125	
729.64599609375	1017.25	707703.5625	2132.300048828125	8152.25	32001.19921875	
730.864013671875	1534.666625976563	737154.6875	333.3333435058594	24370.333984375	32192.19921875	
732.0819702148438	4535.2998046875	737164.875	500.1666564941406	7986.25	32021.599609375	
733.2999877929688	5631.5	739412.4375	525.0833129882813	4990.08349609375	31248.599609375	
734.5180053710938	3531.272705078125	770749.3125	472.9090881347656	5950.41650390625	30567.5	
735.7369995117188	3169.77783203125	738499.5625	736.6363525390625	8739.1669921875	31079.099609375	
736.9550170898438	2160.166748046875	729985.75	325.	7335.08349609375	36455.5	
738.1729736328125	883.75	731136.4375	545.6363525390625	4054.166748046875	31490.5	
739.3909912109375	3328.416748046875	728188.	300.	3770.5	30296.80078125	
740.6090087890625	1701.416625976563	717104.4375	383.3333435058594	4722.41650390625	31470.	
741.8270263671875	10839.	718693.75	366.6666564941406	53515.32421875	30137.30078125	
743.0449829101563	942.3333129882813	739796.875	436.3636474609375	5048.41650390625	32041.599609375	
744.2630004882813	1200.833374023438	744880.	483.5	7328.0908203125	32071.30078125	
745.4810180664063	2201.916748046875	754398.25	530.2000122070313	2927.75	31108.599609375	
746.7000122070313	3047.333251953125	718402.25	609.3636474609375	3077.833251953125	32342.400390625	
747.9180297851563	10510.875	732878.6875	658.5833129882813	4246.5	31530.30078125	
749.135986328125	1455.636352539063	729800.875	345.5454406738281	6919.58349609375	31580.400390625	
750.35400390625	1655.727294921875	734424.875	366.6666564941406	2368.75	31279.400390625	
751.572021484375	858.8333129882813	748386.8125	300.	3511.833251953125	31039.	
752.7899780273438	1810.45458984375	703571.125	316.6666564941406	3561.75	31571.599609375	
754.0079956054688	1951.583374023438	712709.75	345.5454406738281	5767.66650390625	30928.69921875	
755.2260131835938	1683.181762695313	718873.3125	250.	3128.166748046875	30919.099609375	
756.4439697265625	1701.333374023438	694189.75	354.6363525390625	2176.75	30728.5	
757.6619873046875	1367.5	719793.3125	363.8181762695313	2944.5	32213.19921875	
758.8809814453125	2320.363525390625	702071.125	425.0833435058594	36242.234375	31530.5	
760.0989990234375	2753.	713411.125	375.	4187.75	29233.69921875	
761.3170166015625	52331.9375	709493.75	764.	32794.58203125	32973.8984375	
762.5349731445313	2877.833251953125	731332.	1127.909057617188	19511.	31139.19921875	
763.7529907226563	8486.6669921875	736404.	892.25	29083.166015625	31872.69921875	
764.9710083007813	16271.0908203125	760891.6875	1050.75	47383.99609375	31771.400390625	
766.1890258789063	4421.5	762603.3125	1018.636352539063	49588.26171875	31740.400390625	
767.406982421875	27215.	767456.	2001.45458984375	49696.75	31710.69921875	
768.625	22338.30078125	756680.875	958.9166870117188	48010.25	31711.400390625	
769.843017578125	26769.7265625	768566.6875	1534.583374023438	162370.234375	31389.30078125	
771.06201171875	10627.0830078125	764402.6875	1042.083374023438	216645.125	31590.30078125	
772.280029296875	17844.5	769285.3125	1200.75	17560.666015625	30698.	
773.4979858398438	17889.80078125	753804.4375	783.75	42902.18359375	30677.80078125	
774.7160034179688	11416.7001953125	882266.25	1626.333374023438	20126.583984375	30928.900390625	
775.9340209960938	13650.2998046875	782905.375	1091.636352539063	62092.37890625	30847.900390625	
777.1519775390625	37460.6171875	754309.75	4415.16650390625	19274.75	32262.69921875	
778.3699951171875	17034.900390625	728896.4375	1546.727294921875	22985.166015625	31249.900390625	
779.5880126953125	8404.8330078125	719386.25	1100.833374023438	39820.07421875	30387.099609375	
780.8060302734375	4957.83349609375	930391.75	1126.	18428.166015625	32372.	
782.0250244140625	4204.41650390625	749096.	2747.77783203125	16277.0830078125	31460.80078125	
783.2429809570313	12529.4443359375	747921.125	1073.54541015625	14919.	31851.400390625	
784.4609985351563	2527.416748046875	708643.125	1125.666625976563	39460.1328125	31038.599609375	
785.6790161132813	8502.	727764.	956.111083984375	124260.4921875	31228.900390625	
786.89697265625	10230.8330078125	718435.5625	950.5999755859375	17860.416015625	30447.19921875	
788.114990234375	3361.75	734331.125	1845.888916015625	6924.91650390625	30386.900390625	
789.3330078125	9381.5556640625	695377.625	1483.	25887.25	31480.	
790.551025390625	4474.60009765625	726669.75	1367.833374023438	16634.818359375	29935.900390625	
791.7689819335938	16260.900390625	730939.5625	742.	5456.75	31881.30078125	
792.9869995117188	4823.45458984375	727567.5625	1473.818237304688	10797.9169921875	32683.19921875	
794.2059936523438	7382.0908203125	741714.6875	1392.	14407.5830078125	31119.	
795.4240112304688	2377.083251953125	750858.6875	1250.800048828125	8604.4169921875	33013.3984375	
796.6420288085938	2556.818115234375	724087.125	1668.083374023438	7912.91650390625	30527.69921875	
797.8599853515625	32190.142578125	751373.3125	1484.666625976563	32347.4140625	31810.900390625	
799.0780029296875	4213.25	696051.125	830.5	5047.16650390625	30940.	
800.2960205078125	8245.5556640625	716553.75	783.75	5748.58349609375	32603.900390625	
801.5139770507813	6899.39990234375	734353.75	692.	5723.5	30968.69921875	
802.7319946289063	1501.	737096.4375	842.0833129882813	6510.25	32783.8984375	
803.9500122070313	2151.800048828125	809652.5	930.5999755859375	17720.666015625	31450.400390625	
805.1680297851563	2071.89990234375	715376.875	418.1818237304688	13710.9169921875	31741.30078125	
806.3870239257813	1861.300048828125	735376.	927.727294921875	6058.41650390625	32583.	
807.60498046875	1951.583374023438	720648.	491.75	7669.5	31219.599609375	
808.822998046875	7414.5	746653.3125	1092.25	39394.33984375	29955.80078125	
810.041015625	2201.9091796875	731080.875	508.3333435058594	17714.5	30156.400390625	
811.2589721679688	933.8333129882813	738660.875	581.9091186523438	6766.5	29796.099609375	
812.4769897460938	3921.5	717064.	600.1666870117188	6207.58349609375	36532.69921875	
813.6950073242188	10083.3330078125	730835.5625	592.	121546.90625	30958.599609375	
814.9130249023438	3467.45458984375	721505.75	741.9166870117188	63173.75390625	34312.	
816.1309814453125	2410.666748046875	745910.25	4366.2001953125	30761.166015625	31369.5	
817.3499755859375	28938.875	765821.3125	2156.636474609375	92381.390625	31550.30078125	
818.5679931640625	7977.83349609375	762235.125	1134.083374023438	57826.58203125	34210.30078125	
819.7860107421875	9969.	771472.	1376.	64420.41796875	30788.099609375	
821.0040283203125	12877.3330078125	756100.	1582.909057617188	100080.71875	33526.1015625	
822.2219848632813	24386.25	830273.375	1451.083374023438	86030.7890625	30116.099609375	
823.4400024414063	20531.833984375	768683.125	1551.166625976563	124474.3359375	31669.30078125	
824.6580200195313	37994.75	990880.6875	3121.45458984375	60055.66796875	41444.5	
825.8759765625	27325.091796875	777920.	1826.583374023438	145971.625	44633.19921875	
827.093994140625	69232.7890625	810447.125	3671.111083984375	197188.0625	32851.	
828.31201171875	22675.416015625	760850.6875	3562.916748046875	255651.03125	31961.19921875	
829.531005859375	24871.083984375	777601.8125	2001.75	66708.84375	33136.6015625	
830.7490234375	3820.5	250153.234375	2544.166748046875	84283.25	31409.599609375	
831.9669799804688	21584.	803820.4375	1337.45458984375	424837.9375	31842.19921875	
833.1849975585938	39622.78125	879875.4375	1237.090942382813	33772.66796875	32001.900390625	
834.4030151367188	9812.25	761447.125	1450.916625976563	130076.7890625	31470.	
835.6209716796875	7385.25	804588.1875	2843.199951171875	60309.671875	58919.75	
836.8389892578125	44827.88671875	771464.875	658.6666870117188	40367.5	31451.19921875	
838.0570068359375	33978.109375	744968.4375	566.9166870117188	59078.83203125	31490.5	
839.2750244140625	16019.111328125	761868.4375	600.25	85075.9140625	32481.80078125	
840.4929809570313	12111.	733417.375	591.8333129882813	23360.583984375	31229.69921875	
841.7119750976563	10664.5	746226.6875	591.0908813476563	50711.83203125	30931.2734375	
842.9299926757813	4947.25	699504.	917.25	37543.91015625	32021.69921875	
844.1480102539063	13871.7998046875	774918.6875	7829.4443359375	34401.33203125	31540.69921875	
845.3660278320313	21185.25	727488.4375	591.9166870117188	21737.833984375	32343.099609375	
846.583984375	10113.3330078125	727096.875	600.2000122070313	27811.818359375	31631.19921875	
847.802001953125	19517.25	723098.25	491.75	18184.666015625	37168.66796875	
849.02001953125	10343.599609375	747924.	1273.727294921875	12918.9169921875	31601.	
850.2379760742188	11793.5556640625	744976.875	600.1666870117188	13895.0830078125	31901.5	
851.4559936523438	8510.599609375	890001.4375	683.5	29852.	31269.69921875	
852.6749877929688	7729.39990234375	729218.6875	1127.818237304688	13645.9169921875	31821.30078125	
853.8930053710938	5556.	744395.125	791.3636474609375	14957.1669921875	32373.	
855.1110229492188	2786.083251953125	755809.3125	825.5	24287.75	29556.091796875	
856.3289794921875	4864.25	738597.75	740.2999877929688	10408.5830078125	31311.19921875	
857.5469970703125	5097.25	749092.4375	1090.599975585938	20633.	31650.5	
858.7650146484375	11603.	719277.75	1117.583374023438	11227.9169921875	30688.	
859.9829711914063	4887.0908203125	736091.125	767.0833129882813	7226.	32182.30078125	
861.2009887695313	3121.0908203125	744375.125	908.9166870117188	6441.08349609375	32924.	
862.4190063476563	40637.13671875	743454.6875	964.1818237304688	6733.08349609375	31299.599609375	
863.6370239257813	1984.916625976563	779350.875	1110.699951171875	6582.66650390625	34189.1015625	
864.8560180664063	6044.818359375	744718.6875	1417.916625976563	7061.08349609375	31470.80078125	
866.073974609375	2575.181884765625	723301.3125	454.5454406738281	14072.6669921875	31800.69921875	
867.2919921875	2532.10009765625	730916.875	441.75	4546.75	31139.80078125	
868.510009765625	1259.25	727938.25	1184.166625976563	3670.333251953125	31480.19921875	
869.72802734375	1743.	726974.25	541.75	3194.666748046875	30297.19921875	
870.9459838867188	1838.	749940.4375	516.8333129882813	6517.91650390625	30777.900390625	
872.1640014648438	3929.125	764010.125	942.3333129882813	2819.166748046875	31189.900390625	
873.3820190429688	850.3333129882813	737498.6875	350.	2552.333251953125	31460.30078125	
874.5999755859375	1351.	740076.875	900.6363525390625	2460.583251953125	32995.30078125	
875.8179931640625	958.8333129882813	717135.5625	609.272705078125	5042.0908203125	31108.900390625	
877.0369873046875	925.5	754404.4375	441.75	2468.75	33106.30078125	
878.2550048828125	17691.091796875	732053.1875	350.1666564941406	2385.333251953125	31158.900390625	
879.4730224609375	950.5833129882813	766408.4375	609.3636474609375	2418.666748046875	31490.80078125	
880.6909790039063	1173.45458984375	732392.8125	358.4166564941406	1943.333374023438	30377.19921875	
881.9089965820313	925.5833129882813	728287.125	1092.5	3512.416748046875	30456.80078125	
883.1270141601563	1473.818237304688	715362.25	667.	2043.166625976563	31028.	
884.344970703125	1359.166625976563	726855.5625	441.75	3570.833251953125	31370.400390625	
885.56298828125	716.8333129882813	704496.	516.9166870117188	2218.583251953125	31519.599609375	
886.781005859375	1946.111083984375	731628.4375	408.5	5473.58349609375	30547.5	
887.9990234375	700.4166870117188	723703.5625	570.2000122070313	1893.083374023438	31911.30078125	
889.218017578125	2141.89990234375	720610.6875	458.5	1834.833374023438	31230.19921875	
890.4359741210938	1042.25	730434.25	558.5	7650.41650390625	30828.19921875	
891.6539916992188	1134.083374023438	719516.875	633.5	2135.083251953125	29624.5	
892.8720092773438	908.6666870117188	733000.625	500.1666564941406	2210.166748046875	30437.19921875	
894.0900268554688	2135.111083984375	751151.125	920.5999755859375	2543.833251953125	31069.099609375	
895.3079833984375	1190.800048828125	725131.125	817.25	2310.25	31730.19921875	
896.5260009765625	900.4166870117188	723667.5625	645.8181762695313	2168.5	30868.400390625	
897.7440185546875	1419.181762695313	751405.3125	283.3333435058594	3949.54541015625	32272.69921875	
898.9619750976563	1200.727294921875	721536.875	345.5454406738281	3595.416748046875	31259.30078125	
900.1810302734375	1445.444458007813	754303.125	1217.583374023438	2760.666748046875	31078.900390625	
901.3989868164063	1551.099975585938	736071.125	408.4166564941406	1993.25	31269.5	
902.6170043945313	1210.599975585938	738832.875	710.4000244140625	2185.083251953125	31711.099609375	
903.8350219726563	1645.666625976563	919765.0625	390.9090881347656	2126.833251953125	30698.599609375	
905.052978515625	709.4545288085938	747813.3125	580.2000122070313	2702.583251953125	30738.400390625	
906.27099609375	1083.916625976563	752553.3125	466.8333435058594	2101.916748046875	32322.30078125	
907.489013671875	810.5	731976.	445.6363525390625	2251.916748046875	30789.099609375	
908.7069702148438	908.75	733856.	450.	2001.666625976563	31380.	
909.9249877929688	982.3636474609375	749564.	333.3333435058594	2252.083251953125	30839.099609375	
911.1430053710938	1064.363647460938	730309.75	525.3333129882813	2343.916748046875	31118.80078125	
912.3619995117188	960.5	731984.4375	718.4545288085938	2527.166748046875	31480.599609375	
913.5800170898438	1017.333312988281	735229.3125	625.25	2001.666625976563	30828.5	
914.7979736328125	1125.666625976563	754847.5625	391.75	1801.333374023438	31800.80078125	
916.0159912109375	882.1818237304688	767620.75	817.1666870117188	1909.833374023438	30468.	
917.2340087890625	800.272705078125	728064.	708.6666870117188	1534.333374023438	30246.69921875	
918.4520263671875	1511.199951171875	704936.875	350.0833435058594	1734.5	32252.69921875	
919.6699829101563	980.5999755859375	722566.6875	436.4545593261719	1517.75	30878.5	
920.8880004882813	1300.916625976563	737115.5625	425.0833435058594	1726.333374023438	31500.5	
922.1060180664063	2621.272705078125	730615.125	530.2000122070313	1909.916625976563	31961.	
923.323974609375	1290.699951171875	756699.	708.5833129882813	1651.25	30487.5	
924.5430297851563	1000.5	730876.	475.0833435058594	1909.916625976563	31399.69921875	
925.760986328125	918.727294921875	743903.125	572.9091186523438	1609.666625976563	31139.19921875	
926.97900390625	2322.199951171875	727936.4375	1637.909057617188	2460.583251953125	31901.099609375	
928.197021484375	900.5	742576.	767.0833129882813	8669.25	53273.80078125	
929.4149780273438	2292.10009765625	752557.3125	950.5	19331.666015625	32583.30078125	
930.6329956054688	2493.916748046875	731543.125	2602.60009765625	37685.83203125	30417.69921875	
931.8510131835938	2285.25	729858.6875	3223.39990234375	32484.583984375	32312.80078125	
933.0689697265625	8430.900390625	762652.4375	2585.75	41153.16796875	33567.6015625	
934.2869873046875	6860.25	730621.75	2285.25	321148.375	30517.400390625	
935.5059814453125	8152.08349609375	757684.875	2001.583374023438	34225.08203125	34830.80078125	
936.7239990234375	4440.818359375	776940.	4074.5	33368.25	33065.	
937.9420166015625	4938.75	736226.6875	2285.333251953125	59818.91015625	31389.900390625	
939.1599731445313	5147.33349609375	749781.75	2727.666748046875	79595.4140625	45675.77734375	
940.3779907226563	6307.2998046875	714015.125	5443.	41702.16796875	43041.	
941.5960083007813	3161.416748046875	728513.75	1943.25	30966.166015625	33105.5	
942.8140258789063	3553.416748046875	723392.875	3885.818115234375	43690.41796875	30969.19921875	
944.031982421875	2552.333251953125	762542.25	2568.916748046875	36524.1015625	92324.40625	
945.25	5497.0908203125	742874.6875	1484.416625976563	14945.9169921875	36989.890625	
946.468017578125	4031.272705078125	719418.6875	1742.916625976563	18741.25	30888.400390625	
947.68701171875	3737.083251953125	742831.125	2118.583251953125	30527.666015625	31249.30078125	
948.905029296875	2969.416748046875	760431.5625	1459.416625976563	28026.583984375	32242.	
950.1229858398438	14002.3330078125	771438.6875	1701.45458984375	26782.818359375	31520.400390625	
951.3410034179688	12521.888671875	751615.5625	1317.666625976563	22319.	32512.69921875	
952.5590209960938	24720.6328125	749148.4375	1534.75	26185.916015625	33788.	
953.7769775390625	4773.91650390625	754120.875	1851.583374023438	77691.921875	31439.099609375	
954.9949951171875	5322.41650390625	742536.	1317.583374023438	34262.25	33626.	
956.2130126953125	5615.45458984375	752093.3125	2026.666625976563	17970.75	40609.19921875	
957.4310302734375	12607.0830078125	747916.875	2485.666748046875	35020.25	35716.	
958.6489868164063	2694.333251953125	740288.875	1651.25	19821.818359375	33354.30078125	
959.8679809570313	5078.27294921875	751198.25	6346.75	29002.166015625	33104.6015625	
961.0859985351563	5232.9091796875	752723.5625	1571.099975585938	23440.416015625	38722.30078125	
962.3040161132813	2835.833251953125	760806.25	3722.363525390625	18666.666015625	33906.30078125	
963.52197265625	2160.166748046875	750832.	1384.25	77395.2421875	40708.4453125	
964.739990234375	3703.75	737804.	608.6666870117188	11992.8330078125	34350.3984375	
965.9580078125	6387.89990234375	759005.3125	1674.	11776.3330078125	32262.69921875	
967.176025390625	1893.166625976563	730151.125	1270.900024414063	13022.2724609375	32302.69921875	
968.3939819335938	5315.181640625	755608.	1159.083374023438	5731.33349609375	35967.63671875	
969.6119995117188	12710.5	745818.6875	810.4000244140625	13428.5830078125	31921.900390625	
970.8309936523438	5239.83349609375	740584.875	1200.833374023438	19225.25	31981.099609375	
972.0490112304688	2844.416748046875	745728.	792.0833129882813	18817.75	30146.5	
973.2670288085938	917.0833129882813	722517.75	2027.083374023438	4554.91650390625	32673.599609375	
974.4849853515625	3011.75	721603.125	1150.800048828125	3828.833251953125	31149.19921875	
