Trace for Mass:	Na23(LR)	Mg25(LR)	Cu63(LR)	Pb208(LR)	Sn118(LR)
Resolution:	Low	Low	Low	Low	Low
					
Time	Intensity	Intensity	Intensity	Intensity	Intensity
[sec]	[cps]	[cps]	[cps]	[cps]	[cps]

1.25	896760.	2026.5	14878.3330078125	1584.416625976563	625.1666870117188	
2.497999906539917	855900.	2001.5	15095.5	1759.583374023438	933.8333129882813	
3.746000051498413	867920.	1826.	14870.25	2060.	825.4166870117188	
4.994999885559082	857624.	1976.75	14035.4169921875	1475.916625976563	1075.583374023438	
6.243000030517578	866380.	2277.	14878.25	1542.666625976563	925.5	
7.491000175476074	869324.	2201.75	15479.5830078125	1701.25	783.6666870117188	
8.73900032043457	854684.	3103.	15487.8330078125	1826.333374023438	783.5833129882813	
9.987000465393066	906612.	5606.5	15796.9169921875	2035.083374023438	875.3333129882813	
11.23499965667725	863964.	3553.5	16164.3330078125	46472.875	1108.833374023438	
12.48299980163574	958040.	3678.75	17074.333984375	2368.75	933.6666870117188	
13.73099994659424	896676.	3378.25	14786.5830078125	2109.916748046875	967.1666870117188	
14.97900009155273	1014160.25	5380.5	92034.0390625	2919.25	1042.333374023438	
16.22699928283691	919584.	6357.	16372.8330078125	3069.583251953125	1000.583312988281	
17.47500038146973	989852.8125	45586.	15997.3330078125	3328.	1025.75	
18.72400093078613	908360.	6557.5	15930.4169921875	3061.166748046875	883.75	
19.97200012207031	886768.	5255.5	16832.	2685.666748046875	1117.416625976563	
21.21999931335449	971912.	4204.25	16514.833984375	2719.166748046875	942.0833129882813	
22.46800041198731	898168.	2727.25	16439.75	2861.	892.	
23.71599960327148	944692.625	4404.5	16231.	2602.25	992.25	
24.9640007019043	928272.	3878.75	16815.5	2660.75	1209.166625976563	
26.21199989318848	933528.	4179.	17608.666015625	2552.166748046875	866.9166870117188	
27.45999908447266	930484.	3678.5	18109.583984375	2518.666748046875	958.8333129882813	
28.70800018310547	1131612.625	4329.25	18794.75	2402.083251953125	900.4166870117188	
29.95599937438965	934596.	4579.75	122955.9140625	3094.5	933.9166870117188	
31.20400047302246	926660.	12518.25	19822.25	6294.25	750.3333129882813	
32.45299911499023	8016953.	4254.	17241.083984375	2018.083374023438	758.5833129882813	
33.70100021362305	968600.	11516.25	24849.166015625	2093.333251953125	658.4166870117188	
34.94900131225586	937200.	5631.	18176.333984375	2735.666748046875	741.8333129882813	
36.19699859619141	2477672.75	22083.25	16873.583984375	2018.166625976563	1017.25	
37.44499969482422	961304.	4154.25	17174.25	2126.833251953125	2018.666625976563	
38.69300079345703	1016182.8125	4729.75	17583.333984375	2502.166748046875	741.75	
39.94100189208984	918256.	10263.5	17324.916015625	2193.583251953125	816.9166870117188	
41.18899917602539	930588.	5756.25	17775.5	1851.333374023438	875.4166870117188	
42.4370002746582	945124.	3453.25	17433.166015625	1684.5	867.	
43.68500137329102	921632.	5080.5	16097.4169921875	1893.083374023438	700.0833129882813	
44.93299865722656	920036.	4354.25	17951.75	2418.75	808.6666870117188	
46.18199920654297	928060.	4104.25	17417.25	2251.916748046875	566.75	
47.43000030517578	914396.	3102.75	16489.916015625	2001.583374023438	850.3333129882813	
48.67800140380859	931704.	5155.25	16707.083984375	1684.666625976563	750.1666870117188	
49.92599868774414	944628.	5330.75	16531.416015625	1934.916625976563	708.5	
51.17399978637695	967672.	13951.25	16916.083984375	1843.166625976563	858.6666870117188	
52.42200088500977	973100.	5405.5	16364.5	1918.166625976563	758.5	
53.66999816894531	956508.	33786.75	17583.833984375	2218.416748046875	850.4166870117188	
54.91799926757813	955188.	4980.25	16189.1669921875	1976.5	675.1666870117188	
56.16600036621094	1119858.875	4980.	19088.333984375	1617.916625976563	783.5833129882813	
57.41400146484375	936908.	5305.5	15638.25	1676.083374023438	842.	
58.6619987487793	974068.	16159.5	15763.5	1676.166625976563	933.75	
59.9109992980957	924668.	6782.75	15721.6669921875	2051.666748046875	758.5	
61.15900039672852	920600.	5305.75	15855.1669921875	1851.416625976563	775.3333129882813	
62.40700149536133	994537.125	4454.5	15212.4169921875	1976.5	766.9166870117188	
63.65499877929688	1028412.	4479.5	15304.25	1426.	925.5833129882813	
64.90299987792969	936301.25	4304.25	15462.9169921875	2051.75	708.5	
66.1510009765625	963036.	3853.5	15504.4169921875	1926.583374023438	750.3333129882813	
67.39900207519531	964678.3125	4529.5	15053.9169921875	1684.75	708.5	
68.64700317382813	966524.	3303.25	15379.4169921875	1509.5	875.3333129882813	
69.89499664306641	990164.	5355.5	18512.333984375	1718.083374023438	1067.333374023438	
71.14299774169922	946472.	4003.75	15078.6669921875	1784.666625976563	641.8333129882813	
72.39099884033203	936440.	6106.5	16665.333984375	1934.833374023438	716.9166870117188	
73.63999938964844	940740.	3428.25	16748.583984375	1768.	875.4166870117188	
74.88800048828125	1022248.	6031.5	17400.166015625	1959.833374023438	808.75	
76.13600158691406	3510803.	7333.75	15321.0830078125	1826.25	800.25	
77.38400268554688	935652.	6307.	16172.5830078125	1726.333374023438	766.8333129882813	
78.63200378417969	1017252.	3553.25	17099.5	1668.083374023438	800.25	
79.87999725341797	962108.	10840.75	15855.1669921875	1684.583374023438	817.0833129882813	
81.12799835205078	990968.	6056.5	18395.083984375	1759.666625976563	742.	
82.37599945068359	992816.	5781.25	15629.8330078125	1959.833374023438	742.	
83.62400054931641	977884.	5105.5	15529.6669921875	1492.583374023438	908.75	
84.87200164794922	986448.	5956.25	15838.5830078125	1876.416625976563	716.9166870117188	
86.12000274658203	997240.	5130.5	16681.583984375	1551.083374023438	883.75	
87.36900329589844	956196.	4479.5	15980.3330078125	1868.166625976563	700.0833129882813	
88.61699676513672	989443.875	6632.25	15087.1669921875	1893.166625976563	733.5833129882813	
89.86499786376953	1367566.875	6156.5	16355.9169921875	1901.5	733.5833129882813	
91.11299896240234	942448.	5631.	15337.75	1893.333374023438	783.75	
92.36100006103516	988312.	14871.75	15763.5830078125	1584.416625976563	750.3333129882813	
93.60900115966797	1307243.875	9311.5	15596.4169921875	1759.5	675.0833129882813	
94.85700225830078	1005236.	6682.25	15371.1669921875	1851.5	858.6666870117188	
96.10500335693359	1032135.8125	9086.75	16631.75	1617.75	700.25	
97.35299682617188	1077492.	8185.	15279.1669921875	4097.08349609375	975.5	
98.60099792480469	999220.	4554.5	16097.5830078125	1984.916625976563	692.	
99.8489990234375	5948585.	5605.75	15271.	1818.	825.4166870117188	
101.0979995727539	1071327.	4454.5	15504.5	2577.416748046875	842.	
102.3460006713867	1041976.	5606.	16072.25	1592.916625976563	917.0833129882813	
103.5940017700195	1026244.	5205.75	17316.333984375	1926.583374023438	691.9166870117188	
104.8420028686523	1032664.	5355.75	15454.4169921875	1717.916625976563	825.25	
106.0899963378906	1052788.	5606.	16005.3330078125	1576.083374023438	825.3333129882813	
107.3379974365234	992220.	5781.5	15838.4169921875	1851.25	675.1666870117188	
108.5859985351563	1071025.25	5330.5	15412.75	1601.25	725.25	
109.8339996337891	1111776.375	3753.75	16490.	1693.	650.25	
111.0820007324219	1024308.	5681.25	15295.8330078125	1718.	641.75	
112.3300018310547	981980.	3853.75	14970.4169921875	1684.416625976563	850.4166870117188	
113.5780029296875	997768.	3553.5	14945.3330078125	1801.416625976563	741.8333129882813	
114.8270034790039	980936.	3803.75	14627.9169921875	1617.916625976563	750.25	
116.0749969482422	953644.	5055.25	15955.5830078125	1709.583374023438	775.0833129882813	
117.322998046875	967104.	3728.5	15671.5830078125	1509.5	833.6666870117188	
118.5709991455078	1060987.25	4354.5	14569.75	1743.083374023438	658.5	
119.8190002441406	981916.	3177.75	15304.1669921875	1534.5	683.5	
121.0670013427734	1022123.1875	3678.5	15187.3330078125	1759.75	791.9166870117188	
122.3150024414063	987693.1875	3253.	14586.25	1517.833374023438	650.0833129882813	
123.5630035400391	955332.	2577.	15471.3330078125	1859.833374023438	750.25	
124.8109970092773	948820.	3528.5	14936.9169921875	1567.916625976563	766.9166870117188	
126.0589981079102	959660.	2352.	15554.6669921875	1609.5	892.1666870117188	
127.306999206543	941404.	2752.5	15646.5	1826.333374023438	775.4166870117188	
128.5559997558594	993756.	2827.75	15855.3330078125	1667.75	825.4166870117188	
129.8040008544922	992616.	3603.5	15738.4169921875	1442.666625976563	716.9166870117188	
131.052001953125	974332.	3353.	15162.1669921875	1509.333374023438	700.25	
132.3000030517578	992788.	4004.	14878.4169921875	1442.666625976563	816.8333129882813	
133.5480041503906	960904.	3203.	16823.666015625	1451.	717.0833129882813	
134.7960052490234	961396.	3978.75	16130.5830078125	1676.416625976563	992.	
136.0440063476563	954876.	4154.	15763.5	1951.583374023438	775.25	
137.2920074462891	977492.	4629.75	17007.333984375	1767.916625976563	741.8333129882813	
138.5399932861328	1001620.	3578.75	19604.583984375	1893.083374023438	858.8333129882813	
139.7879943847656	993536.	4629.75	17466.666015625	1993.25	933.8333129882813	
141.0359954833984	994412.	5055.25	19036.333984375	1851.416625976563	858.75	
142.2850036621094	982980.	4930.	18669.166015625	1843.	817.0833129882813	
143.5330047607422	1069133.5	5430.75	20581.083984375	1743.	825.3333129882813	
144.781005859375	1129426.875	8735.5	19796.083984375	2059.833251953125	791.9166870117188	
146.0290069580078	1015576.	9786.75	22335.	1592.833374023438	792.	
147.2769927978516	1093379.875	8309.5	21232.916015625	2076.666748046875	900.3333129882813	
148.5249938964844	1126720.	11565.	37592.921875	1993.333374023438	800.4166870117188	
149.7729949951172	1048632.	12967.25	21282.5	1826.416625976563	725.25	
151.02099609375	1153911.5	17775.75	20455.833984375	1876.5	883.75	
152.2689971923828	1301088.	15346.	20931.916015625	2160.166748046875	1275.833374023438	
153.5169982910156	1598361.	40263.75	37669.66796875	54585.54296875	959.0833129882813	
154.7649993896484	4470240.	73021.	35145.83203125	6107.25	1033.833374023438	
156.0140075683594	3681020.5	168328.375	39625.83203125	8795.5	1142.5	
157.2619934082031	4305388.5	593158.375	47439.16796875	5482.	817.	
158.5099945068359	4938143.	79970.75	36322.75	3344.833251953125	925.4166870117188	
159.7579956054688	2446528.5	345394.375	41728.41796875	5573.58349609375	908.75	
161.0059967041016	2868349.5	184564.0625	126773.84375	4070.666748046875	808.75	
162.2539978027344	2229802.	109927.546875	33686.83203125	2493.75	683.5833129882813	
163.5019989013672	3849602.75	31961.25	30415.166015625	3094.5	833.75	
164.75	3413255.	41083.5	23829.75	2635.583251953125	1225.916625976563	
165.9980010986328	2332381.5	178501.234375	22334.75	2752.416748046875	975.5833129882813	
167.2460021972656	1742217.5	27875.	22644.5	2293.666748046875	800.25	
168.4940032958984	1568734.25	22088.5	28347.666015625	2802.416748046875	933.75	
169.7429962158203	1579948.5	17626.	33560.25	2944.416748046875	933.75	
170.9909973144531	1549570.125	14093.5	28199.416015625	2769.166748046875	883.6666870117188	
172.2389984130859	2353453.5	13768.25	36422.83203125	2602.25	950.4166870117188	
173.4869995117188	1615044.25	16924.	50484.25	3102.833251953125	725.25	
174.7350006103516	1561808.	18603.5	39420.58203125	3444.916748046875	741.8333129882813	
175.9830017089844	1721534.	26022.75	55997.75	3853.75	833.6666870117188	
177.2310028076172	2311099.75	19629.25	42205.	3711.916748046875	783.4166870117188	
178.47900390625	1517562.75	23640.25	50049.41796875	3269.75	892.	
179.7270050048828	1504544.	16923.5	50100.91796875	3436.583251953125	1000.583312988281	
180.9750061035156	1426008.	18552.5	48823.58203125	3261.5	892.	
182.2230072021484	1335624.	17074.	44856.75	3611.75	725.25	
183.4720001220703	1961463.5	25594.5	49708.75	7287.66650390625	825.5833129882813	
184.7200012207031	1353400.	21858.5	39148.58203125	3520.166748046875	766.9166870117188	
185.9680023193359	1482144.	30974.5	37776.25	3611.833251953125	1150.666625976563	
187.2160034179688	1303938.125	18852.25	39122.5	3595.166748046875	942.0833129882813	
188.4640045166016	1403357.875	16272.5	35250.66796875	3820.416748046875	858.6666870117188	
189.7120056152344	1303827.625	17049.	36998.58203125	3820.5	917.	
190.9600067138672	1389382.125	19004.25	30822.083984375	3069.5	833.5833129882813	
192.2079925537109	1405935.375	15145.5	29343.25	7179.25	883.5833129882813	
193.4559936523438	1231016.	14544.75	30479.916015625	3119.583251953125	733.5833129882813	
194.7039947509766	1328983.375	12216.	26577.5	2794.083251953125	883.75	
195.9519958496094	1320940.	12516.	25801.583984375	2827.416748046875	758.6666870117188	
197.2010040283203	1396193.5	13467.5	34023.66796875	2535.583251953125	783.6666870117188	
198.4490051269531	1451141.625	11940.	30814.166015625	2627.25	775.3333129882813	
199.6970062255859	1281064.	12742.25	25984.75	2527.083251953125	967.25	
200.9450073242188	1756004.125	13342.75	26636.333984375	2660.75	675.	
202.1929931640625	1236944.	8159.25	27623.416015625	2084.833251953125	817.0833129882813	
203.4409942626953	1324003.125	10387.75	27221.666015625	2118.416748046875	775.1666870117188	
204.6889953613281	1242570.875	39139.75	27372.083984375	2251.75	942.0833129882813	
205.9369964599609	1228827.75	12315.75	34610.16796875	2001.583374023438	658.5	
207.1849975585938	1227667.875	10438.	26018.	2377.	775.25	
208.4329986572266	1569539.125	12065.5	25208.916015625	2076.416748046875	767.0833129882813	
209.6809997558594	1228140.5	15772.25	26545.666015625	2035.	783.6666870117188	
210.9299926757813	1288976.	10713.25	25750.666015625	2352.	775.25	
212.1779937744141	1278208.5	15848.	27688.916015625	2402.083251953125	867.25	
213.4259948730469	1346886.375	24466.75	27840.333984375	2035.	875.5	
214.6739959716797	1133140.	25471.75	29538.75	1943.166625976563	758.5833129882813	
215.9219970703125	1294778.625	16876.25	29544.666015625	2260.25	892.0833129882813	
217.1699981689453	1164496.	10362.5	66043.75	3611.75	791.8333129882813	
218.4179992675781	1222013.75	11314.	161330.484375	5806.33349609375	1142.25	
219.6660003662109	1348401.125	12516.25	125073.109375	7058.08349609375	892.0833129882813	
220.9140014648438	1338620.875	13718.75	208396.671875	5130.41650390625	983.75	
222.1620025634766	1298251.625	21973.5	122301.25	7884.66650390625	1042.083374023438	
223.4100036621094	1220488.	12466.5	144210.	7684.16650390625	975.5833129882813	
224.6589965820313	1335441.125	10087.5	159657.71875	6515.75	783.8333129882813	
225.9069976806641	1349099.75	10938.75	131565.015625	11536.25	1017.25	
227.1549987792969	1283137.	9711.75	92885.	7834.16650390625	967.1666870117188	
228.4029998779297	1361912.	12290.5	67242.3359375	7583.75	1300.916625976563	
229.6510009765625	1442359.	11714.75	62714.	11198.8330078125	1050.583374023438	
230.8990020751953	1578592.75	13117.25	71376.0859375	7258.41650390625	1159.083374023438	
232.1470031738281	1358544.	20180.25	74982.3359375	5764.66650390625	1425.916625976563	
233.3950042724609	1446027.	10888.5	54431.75	5314.08349609375	1075.416625976563	
234.6430053710938	2062141.25	20911.75	57981.91796875	4479.5	1225.75	
235.8910064697266	1750854.	40765.75	42940.75	5188.75	983.75	
237.1390075683594	1874590.5	17851.25	43167.66796875	7317.33349609375	1267.5	
238.3880004882813	1809532.	21107.5	45024.58203125	4921.66650390625	1142.416625976563	
239.6360015869141	2134025.5	24188.5	59780.5	5197.16650390625	1167.416625976563	
240.8840026855469	2679710.5	23437.75	46186.41796875	3770.333251953125	1200.916625976563	
242.1320037841797	2448097.	31785.75	42356.66796875	4003.916748046875	1075.666625976563	
243.3800048828125	2228215.5	27947.5	38672.5	3762.083251953125	1025.416625976563	
244.6280059814453	1837048.75	41087.	87584.1015625	3828.75	1150.583374023438	
245.8760070800781	2223930.5	27499.	35561.	4429.33349609375	1467.833374023438	
247.1239929199219	1794461.75	29726.5	31089.333984375	4037.416748046875	967.	
248.3719940185547	1674435.	26245.	38297.08203125	3369.916748046875	908.75	
249.6199951171875	1850599.5	24889.75	28992.083984375	3311.5	934.	
250.8679962158203	1833804.375	24188.75	27889.166015625	3937.333251953125	900.5	
252.1170043945313	1586096.75	20781.5	30573.583984375	3536.75	1025.5	
253.3650054931641	1604318.125	27997.25	28181.666015625	3286.333251953125	867.	
254.6130065917969	1767879.75	60187.	26360.833984375	3236.333251953125	1067.333374023438	
255.8609924316406	1566880.	41653.25	29762.083984375	3862.25	783.6666870117188	
257.1090087890625	1580559.5	28050.25	27546.75	3236.416748046875	1025.583374023438	
258.3569946289063	1500181.875	23687.5	24414.25	2827.583251953125	975.5	
259.6050109863281	1466540.125	32008.	23863.083984375	2744.	867.	
260.8529968261719	1405033.25	23988.25	24999.583984375	2402.	883.8333129882813	
262.1010131835938	1303820.375	25316.25	21449.75	2710.75	700.	
263.3489990234375	1252416.	19128.25	23353.583984375	2660.75	683.5833129882813	
264.5969848632813	1278640.	24417.	24189.166015625	2443.75	791.8333129882813	
265.8460083007813	1210152.	14745.	29485.916015625	2235.166748046875	842.	
267.093994140625	2261841.	11764.75	21876.5	2118.333251953125	1042.166625976563	
268.3420104980469	2275855.25	18778.5	51459.03515625	2435.5	875.4166870117188	
269.5899963378906	1148240.	13442.5	21324.166015625	1934.916625976563	842.1666870117188	
270.8380126953125	1137368.	11739.5	24633.25	1818.083374023438	1050.666625976563	
272.0859985351563	1104736.	8910.25	24155.333984375	2368.75	1067.416625976563	
273.3340148925781	1146854.25	10112.25	22134.666015625	1968.083374023438	7037.25	
274.5820007324219	1081632.	17051.75	20246.916015625	2010.	4464.66650390625	
275.8299865722656	1103796.	9161.	24121.916015625	1993.333374023438	1259.083374023438	
277.0780029296875	1052324.	8034.25	22318.	2009.916625976563	1692.75	
278.3259887695313	1039988.	17531.	22685.5	2418.833251953125	1434.416625976563	
279.5750122070313	1042712.	12691.75	21274.25	2085.	1284.166625976563	
280.822998046875	1017032.	10688.	23487.666015625	1943.166625976563	1234.166625976563	
282.0710144042969	1099068.	11163.75	21608.333984375	2285.333251953125	1250.666625976563	
283.3190002441406	1119664.	18053.75	21374.666015625	2118.25	1017.166687011719	
284.5669860839844	1046988.	17425.5	22669.416015625	2360.333251953125	967.0833129882813	
285.8150024414063	1060904.	14294.	20890.333984375	2268.416748046875	2043.666625976563	
287.06298828125	1076554.75	10537.75	23956.166015625	2001.666625976563	1567.916625976563	
288.3110046386719	1042024.	11789.75	22729.416015625	2135.083251953125	1092.25	
289.5589904785156	1028796.	8184.5	37051.16796875	1901.5	858.6666870117188	
290.8070068359375	1157294.375	9536.25	23153.333984375	2168.5	1000.583312988281	
292.0549926757813	1224088.	20658.	28065.583984375	2210.083251953125	875.5	
293.3039855957031	1137216.	19080.	40819.	2302.	967.1666870117188	
294.552001953125	1204993.375	15821.75	41018.08203125	1984.916625976563	1017.333312988281	
295.7999877929688	1199280.	9811.75	40609.5	2252.	917.1666870117188	
297.0480041503906	1147248.	11213.75	36095.16796875	2393.583251953125	908.8333129882813	
298.2959899902344	1362752.5	15346.5	32542.916015625	1993.25	850.5	
299.5440063476563	1254544.	16974.	39115.58203125	1667.833374023438	900.3333129882813	
300.7919921875	1151672.	14945.5	32133.833984375	1951.416625976563	925.4166870117188	
302.0400085449219	1467937.25	17625.25	27797.166015625	1843.083374023438	775.3333129882813	
303.2879943847656	1120420.	10112.25	25944.166015625	1909.75	1059.	
304.5360107421875	1165487.875	9962.	22451.583984375	1884.833374023438	767.0833129882813	
305.7839965820313	1246879.25	9511.	21633.333984375	2218.416748046875	783.6666870117188	
307.0329895019531	1069360.	7934.	24482.416015625	1934.666625976563	925.4166870117188	
308.281005859375	1076076.	9335.75	21625.083984375	1984.916625976563	833.75	
309.5289916992188	1140937.5	8635.	20138.583984375	1667.75	1008.833312988281	
310.7770080566406	1130332.	9786.75	18752.666015625	1901.5	816.9166870117188	
312.0249938964844	1121616.	10713.5	20572.5	2201.666748046875	817.0833129882813	
313.2730102539063	1181070.5	7884.	19813.083984375	1726.333374023438	984.	
314.52099609375	1087480.	6406.75	17833.916015625	1943.333374023438	850.4166870117188	
315.7690124511719	1106108.	10763.25	18293.25	1792.916625976563	808.6666870117188	
317.0169982910156	1072176.	9586.75	17466.666015625	1851.333374023438	842.0833129882813	
318.2650146484375	1092968.	12741.5	16949.	1918.25	758.6666870117188	
319.5130004882813	1078460.	7608.5	17700.333984375	2243.5	892.0833129882813	
320.7619934082031	1226260.	14970.5	22622.416015625	1934.833374023438	917.	
322.010009765625	1190936.	10638.25	17617.	2010.	975.5833129882813	
323.2579956054688	1192008.	9411.25	21709.666015625	2268.75	1050.5	
324.5060119628906	1252426.375	11764.75	18476.75	2352.083251953125	917.	
325.7539978027344	1215196.	9711.75	17750.25	1818.	650.0833129882813	
327.0020141601563	1153136.	8810.75	17858.916015625	1776.416625976563	1100.75	
328.25	1154368.	11664.75	16723.583984375	1709.583374023438	1017.166687011719	
329.4979858398438	1095884.875	7608.5	17533.583984375	2034.916625976563	908.75	
330.7460021972656	1115204.875	10362.75	18393.5	1734.583374023438	817.	
331.9939880371094	1092628.	8885.25	17633.583984375	1626.	708.6666870117188	
333.2420043945313	1134396.75	12265.75	17366.416015625	1718.083374023438	833.6666870117188	
334.4909973144531	1177976.	13517.5	18360.	2001.75	750.3333129882813	
335.739013671875	1173596.	13743.	17850.666015625	2452.166748046875	933.9166870117188	
336.9869995117188	1470354.75	11489.	18059.25	2068.333251953125	766.9166870117188	
338.2349853515625	1124892.	13868.	19086.5	2176.666748046875	767.	
339.4830017089844	1167844.	12916.5	17399.5	2318.416748046875	650.0833129882813	
340.7309875488281	1171696.	14444.25	18928.	2009.833374023438	933.8333129882813	
341.97900390625	1167120.375	72661.25	19596.166015625	2602.333251953125	792.	
343.2269897460938	1286827.5	9586.75	18861.083984375	2210.166748046875	1175.666625976563	
344.4750061035156	1187328.	8785.25	18326.5	1976.583374023438	933.75	
345.7229919433594	1183708.625	10688.	21558.166015625	2452.083251953125	725.3333129882813	
346.9710083007813	1305442.	11965.5	18919.416015625	2427.166748046875	775.25	
348.2200012207031	1361463.	11664.75	19838.083984375	3878.833251953125	1092.416625976563	
349.4679870605469	1341474.5	13743.25	19871.25	2627.25	1058.75	
350.7160034179688	1615517.125	14395.	25151.333984375	2560.583251953125	933.75	
351.9639892578125	1321389.	12240.5	20681.333984375	3703.833251953125	917.	
353.2120056152344	1504289.	14970.	19603.833984375	2619.	950.5	
354.4599914550781	1328120.	14269.	20640.333984375	2735.833251953125	867.	
355.7080078125	1328328.	14143.75	18251.25	2936.	992.1666870117188	
356.9559936523438	1277081.	15821.75	20531.25	2301.916748046875	875.25	
358.2040100097656	1283408.	18627.25	20723.166015625	2468.75	892.1666870117188	
359.4519958496094	1270625.5	15496.25	19779.416015625	2443.666748046875	867.	
360.7000122070313	1409445.	16925.75	20547.75	2318.75	883.75	
361.9490051269531	1345281.75	17149.	20405.916015625	2652.333251953125	1150.75	
363.1969909667969	1358808.	11188.75	20380.916015625	3011.083251953125	816.8333129882813	
364.4450073242188	1183472.	10338.	20188.833984375	3044.583251953125	892.1666870117188	
365.6929931640625	1243168.	9761.5	19320.	3011.	942.0833129882813	
366.9410095214844	1270552.	10413.	20739.666015625	2685.75	1042.25	
368.1889953613281	1217538.5	13417.5	19203.333984375	2318.583251953125	1117.166625976563	
369.43701171875	1141690.75	7984.25	18685.75	2452.166748046875	942.1666870117188	
370.6849975585938	1093016.	10813.25	18000.833984375	3011.25	825.3333129882813	
371.9330139160156	1217736.	8209.75	19721.583984375	2518.916748046875	800.3333129882813	
373.1809997558594	1083140.	9211.	16074.5205078125	2560.5	692.	
374.4289855957031	1222224.	7408.5	18109.25	2310.25	975.5833129882813	
375.6780090332031	1131252.	9762.	17040.916015625	2327.083251953125	791.9166870117188	
376.9259948730469	1154984.	8159.5	16639.916015625	2160.083251953125	850.4166870117188	
378.1740112304688	1097944.	7233.25	16898.666015625	1909.666625976563	775.1666870117188	
379.4219970703125	1470613.5	8309.25	16431.25	1959.833374023438	892.0833129882813	
380.6700134277344	1146084.	6582.	17157.916015625	1659.416625976563	683.4166870117188	
381.9179992675781	1136120.	6106.5	17341.333984375	2327.	767.	
383.1659851074219	1222764.125	11289.75	17015.75	1943.25	825.5	
384.4140014648438	1124744.	6857.75	16322.9169921875	2034.833374023438	867.0833129882813	
385.6619873046875	1101392.	7809.	16773.666015625	1934.833374023438	816.9166870117188	
386.9100036621094	1098152.	7533.5	15930.3330078125	2343.666748046875	708.5	
388.1579895019531	3373047.	8735.5	15838.6669921875	2101.75	766.9166870117188	
389.4070129394531	1103548.	7032.75	16698.25	2435.416748046875	783.6666870117188	
390.6549987792969	1120224.	5606.	16005.4169921875	2368.583251953125	758.5833129882813	
391.9030151367188	1083344.	6056.25	16531.666015625	1801.333374023438	558.4166870117188	
393.1510009765625	1044392.	5355.5	16247.5830078125	2160.083251953125	783.5	
394.3989868164063	1104891.125	6131.75	16565.	1701.25	1000.5	
395.6470031738281	1100568.	6307.	16155.8330078125	2043.416625976563	867.0833129882813	
396.8949890136719	1080944.	7157.75	15153.75	2018.166625976563	825.3333129882813	
398.1430053710938	1051872.	6907.75	16573.083984375	3145.	791.9166870117188	
399.3909912109375	1077404.	5731.	15688.4169921875	1851.416625976563	491.75	
400.6390075683594	1021224.	5581.	15153.9169921875	1659.5	883.75	
401.8869934082031	1054648.	7558.5	15713.3330078125	1834.75	900.4166870117188	
403.135986328125	1080560.	7233.	16022.25	1793.	733.5833129882813	
404.3840026855469	1029284.	9135.75	14978.6669921875	1976.666625976563	733.5833129882813	
405.6319885253906	1038480.	15551.25	15379.3330078125	1801.333374023438	792.0833129882813	
406.8800048828125	1015388.	9386.25	16781.916015625	1517.916625976563	858.8333129882813	
408.1279907226563	1022692.	8409.75	16147.5830078125	2093.25	825.25	
409.3760070800781	1032056.	8259.25	15997.25	1734.666625976563	767.	
410.6239929199219	1137952.	8585.	16347.9169921875	1701.25	783.5833129882813	
411.8720092773438	1082932.	10663.25	16356.1669921875	2427.166748046875	800.25	
413.1199951171875	1149940.	11013.5	17307.833984375	1701.25	833.5833129882813	
414.3680114746094	1085820.	10387.75	16848.916015625	1651.25	700.1666870117188	
415.6159973144531	1151989.625	11013.75	15872.	2218.5	942.3333129882813	
416.864990234375	1090668.	10663.25	16623.083984375	2168.5	833.5833129882813	
418.1130065917969	1100552.	9937.	17800.75	2218.416748046875	892.0833129882813	
419.3609924316406	1102176.	13367.5	16715.166015625	1909.75	741.9166870117188	
420.6090087890625	1154328.	15296.	17500.	2519.	917.	
421.8569946289063	1143871.	14168.75	22099.083984375	2835.916748046875	733.5	
423.1050109863281	1218173.75	13117.	17792.333984375	2059.833251953125	683.5	
424.3529968261719	1127872.	11422.40625	18201.5	2660.583251953125	658.5833129882813	
425.6010131835938	1165584.	15823.25	18151.5	2293.583251953125	833.5	
426.8489990234375	1222287.875	14745.25	17733.75	2327.	900.4166870117188	
428.0969848632813	1209912.125	17675.75	17758.583984375	2043.333374023438	666.9166870117188	
429.3450012207031	1135904.	17224.5	18543.833984375	2385.333251953125	808.6666870117188	
430.593994140625	1215434.375	17926.5	17266.25	2210.25	625.0833129882813	
431.8420104980469	1177348.	14093.75	17767.083984375	1985.083374023438	708.5	
433.0899963378906	1067492.	10613.	16723.416015625	2084.916748046875	908.75	
434.3380126953125	1106572.	13643.25	17842.25	1851.5	800.3333129882813	
435.5859985351563	1114824.	11214.25	17324.666015625	1684.583374023438	900.4166870117188	
436.8340148925781	1118628.	11639.75	17408.416015625	1926.5	758.5833129882813	
438.0820007324219	1087936.	11915.	17316.083984375	2068.166748046875	792.	
439.3299865722656	1276659.75	12641.	18151.	1993.166625976563	925.4166870117188	
440.5780029296875	1241736.	19329.25	17959.	1909.666625976563	783.5833129882813	
441.8259887695313	1425024.5	12841.5	18109.583984375	1734.5	708.5833129882813	
443.0740051269531	1436175.75	14143.75	17892.333984375	2093.416748046875	658.5	
444.322998046875	1358574.125	17049.	17215.916015625	1943.166625976563	817.	
445.5710144042969	1231402.5	15746.75	17115.833984375	2076.583251953125	608.5	
446.8190002441406	1274528.	14219.	20331.916015625	2168.583251953125	858.75	
448.0669860839844	1293857.5	15697.25	17591.833984375	1734.75	833.9166870117188	
449.3150024414063	1264920.	15295.75	19662.583984375	2043.333374023438	666.8333129882813	
450.56298828125	1422889.75	15872.25	18493.583984375	1918.083374023438	767.	
451.8110046386719	1338257.	28150.	20848.666015625	2126.833251953125	942.	
453.0589904785156	1618431.75	21684.25	20497.5	1592.75	800.3333129882813	
454.3070068359375	1439512.	17349.75	19654.166015625	2034.916625976563	875.25	
455.5549926757813	1321536.	40070.25	20581.166015625	2043.25	1000.583312988281	
456.8030090332031	1422753.75	20380.75	21198.916015625	2443.666748046875	925.5833129882813	
458.052001953125	1338392.	25652.3984375	20363.916015625	1617.833374023438	708.75	
459.2999877929688	1509660.75	15120.75	21007.083984375	1859.666625976563	558.4166870117188	
460.5480041503906	1454722.25	18201.5	21675.083984375	2502.333251953125	775.3333129882813	
461.7959899902344	1466267.875	19829.25	20806.25	1818.	858.8333129882813	
463.0440063476563	1339543.25	24616.5	20013.333984375	1793.	741.9166870117188	
464.2919921875	1315064.	17500.	20339.	2068.416748046875	725.1666870117188	
465.5400085449219	1552179.875	22662.	19504.	1859.833374023438	817.0833129882813	
466.7879943847656	1483619.125	20555.75	20055.166015625	2318.583251953125	950.5	
468.0360107421875	1555727.	18176.	19662.583984375	1984.666625976563	733.5833129882813	
469.2839965820313	1427176.5	18527.75	18827.583984375	2101.666748046875	733.6666870117188	
470.5320129394531	1420629.	20180.25	18861.	1984.833374023438	833.5833129882813	
471.781005859375	1338399.	12791.75	20097.	2252.	675.25	
473.0289916992188	1101176.	14920.25	18084.333984375	2702.5	741.9166870117188	
474.2770080566406	1078820.	10688.25	17725.5	1767.916625976563	691.8333129882813	
475.5249938964844	3224766.	7759.	17383.166015625	1742.916625976563	858.5833129882813	
476.7730102539063	1156760.	8710.25	22228.083984375	2460.5	875.4166870117188	
478.02099609375	1141368.	16924.75	26412.	3069.5	750.3333129882813	
479.2690124511719	1725374.5	30004.5	25600.333984375	2719.083251953125	733.5833129882813	
480.5169982910156	1243038.75	20256.75	37549.75	3678.666748046875	766.9166870117188	
481.7650146484375	1382199.75	23789.	34232.33203125	3786.916748046875	817.	
483.0130004882813	1729081.25	61454.75	32251.583984375	2335.416748046875	741.9166870117188	
484.260986328125	1258883.	34398.25	36506.66796875	2777.5	825.25	
485.510009765625	1504932.75	36897.75	41444.25	3503.333251953125	1008.75	
486.7579956054688	1863962.75	42824.25	35928.08203125	3378.083251953125	808.5833129882813	
488.0060119628906	1611668.5	235169.9375	39125.66796875	3461.583251953125	808.75	
489.2539978027344	1558717.875	45782.5	40234.66796875	3086.25	875.4166870117188	
490.5020141601563	1434429.75	37000.25	35017.16796875	2760.833251953125	850.5	
491.75	1452095.25	34994.	39815.41796875	2235.083251953125	908.75	
492.9979858398438	1501297.75	33763.	36853.75	3470.	1008.916687011719	
494.2460021972656	1458736.	37825.	36434.66796875	2885.833251953125	775.3333129882813	
495.4939880371094	3883833.25	30129.25	34884.08203125	2235.166748046875	808.5833129882813	
496.7420043945313	1435351.875	23337.25	34696.5	2894.333251953125	850.4166870117188	
497.989990234375	1355185.375	32108.5	29694.166015625	2660.75	925.5833129882813	
499.239013671875	1239940.5	35398.5	31050.916015625	2602.416748046875	1108.833374023438	
500.4869995117188	1643726.75	27698.25	34366.75	2869.166748046875	850.4166870117188	
501.7349853515625	1487073.	31263.	34368.25	3069.5	967.0833129882813	
502.9830017089844	1520925.	17825.25	29953.5	2360.416748046875	900.4166870117188	
504.2309875488281	1385893.75	24915.	28416.25	4839.25	800.4166870117188	
505.47900390625	1213712.	35702.75	25659.25	2627.416748046875	841.9166870117188	
506.7269897460938	1181692.	18352.5	30270.916015625	2969.333251953125	1025.5	
507.9750061035156	1357948.75	63687.5	31101.416015625	4145.83349609375	792.	
509.2229919433594	1341192.	25066.25	29987.25	3261.416748046875	741.8333129882813	
510.4710083007813	1720591.625	14970.25	29707.083984375	6374.91650390625	700.25	
511.718994140625	1346980.5	17324.5	29213.5	8386.	716.8333129882813	
512.968017578125	1357053.375	15446.25	29010.083984375	6482.66650390625	983.9166870117188	
514.2160034179688	1281148.875	14168.75	27394.833984375	11465.8330078125	908.6666870117188	
515.4639892578125	1308321.875	18251.5	28366.666015625	6173.33349609375	992.3333129882813	
516.7119750976563	1384300.125	21107.75	21290.833984375	9752.1669921875	2085.666748046875	
517.9600219726563	1168537.	11915.	24106.333984375	3394.916748046875	833.6666870117188	
519.2080078125	1360403.75	21084.25	24991.75	3570.083251953125	700.25	
520.4559936523438	1481566.5	17175.	25442.5	3853.833251953125	950.5	
521.7039794921875	1382392.125	21808.5	22961.166015625	3369.75	633.5833129882813	
522.9520263671875	1614847.75	12591.	22643.833984375	4705.08349609375	683.5833129882813	
524.2000122070313	1300448.	12391.	24523.5	3720.25	650.25	
525.447998046875	1617138.25	20281.	21007.833984375	3077.833251953125	950.5	
526.697021484375	1290992.	22159.5	18886.083984375	2810.916748046875	733.5833129882813	
527.9450073242188	1224726.125	23496.5	21567.5	3753.583251953125	1025.75	
529.1929931640625	1224636.5	12015.25	20647.833984375	2376.916748046875	842.1666870117188	
530.4409790039063	1180360.	11865.	19746.	2752.416748046875	733.5833129882813	
531.6890258789063	1144339.625	17676.5	20798.166015625	2694.083251953125	600.25	
532.93701171875	1147716.125	14996.	19947.083984375	2794.166748046875	808.5833129882813	
534.1849975585938	1190392.25	23169.75	18610.75	2310.333251953125	741.8333129882813	
535.4329833984375	1083368.	13468.75	19236.666015625	2327.166748046875	633.5	
536.6810302734375	1260229.25	16373.	20239.083984375	3102.75	825.5	
537.9290161132813	1210102.5	16999.	22409.833984375	4563.25	808.75	
539.177001953125	1270368.	21082.25	23094.666015625	2860.833251953125	933.75	
540.426025390625	1315702.	35770.25	27341.666015625	3152.75	758.5833129882813	
541.6740112304688	1413505.875	26543.75	27706.75	4045.75	892.0833129882813	
542.9219970703125	4109619.	28201.25	24782.333984375	3336.5	917.25	
544.1699829101563	1648418.5	34214.5	25442.416015625	3027.75	641.8333129882813	
545.4180297851563	1470854.75	24214.	30624.833984375	2869.25	975.5833129882813	
546.666015625	1355042.75	19528.75	23470.583984375	3061.083251953125	858.8333129882813	
547.9140014648438	1298736.	42318.25	21182.75	3445.166748046875	800.3333129882813	
549.1619873046875	1517623.	29051.	21157.333984375	3261.583251953125	725.1666870117188	
550.4099731445313	1336067.5	15972.25	23572.5	2468.833251953125	758.5833129882813	
551.6580200195313	1420902.125	20906.75	24441.583984375	2452.	833.6666870117188	
552.906005859375	1111736.	21709.75	29262.666015625	2276.833251953125	842.1666870117188	
554.155029296875	1246688.	33532.75	26722.833984375	2385.416748046875	867.0833129882813	
555.4030151367188	1184080.	20958.75	23379.583984375	2802.583251953125	758.5	
556.6510009765625	1141968.	26246.	21082.416015625	2235.166748046875	958.75	
557.8989868164063	1122620.25	12591.5	21073.75	2485.416748046875	716.8333129882813	
559.14697265625	1393210.875	13719.25	19988.333984375	1993.166625976563	725.1666870117188	
560.39501953125	1431207.	14445.	21633.5	4305.16650390625	883.6666870117188	
561.6430053710938	1140573.25	13342.75	21717.	3361.583251953125	700.25	
562.8909912109375	1148306.25	14845.25	20940.5	6381.91650390625	917.0833129882813	
564.1389770507813	1132848.	13442.75	19896.5	5489.25	792.0833129882813	
565.3870239257813	1246337.75	15320.75	22285.083984375	8669.5	858.75	
566.635986328125	1223748.375	21733.75	26193.083984375	6165.08349609375	900.4166870117188	
567.8839721679688	1391922.	26318.75	28031.666015625	6348.83349609375	833.6666870117188	
569.1320190429688	1659454.5	16448.	23630.	5589.41650390625	950.4166870117188	
570.3800048828125	1322964.375	38611.5	30174.916015625	7091.41650390625	725.1666870117188	
571.6279907226563	1302094.625	24064.25	27673.25	7074.75	800.3333129882813	
572.8759765625	1384240.	20856.5	29529.25	6957.91650390625	883.6666870117188	
574.1240234375	1399472.	21355.27734375	31210.583984375	8059.66650390625	942.	
575.3720092773438	1287792.	26769.5	28399.833984375	7834.25	875.5	
576.6199951171875	1350258.375	33367.	28269.25	5606.	858.75	
577.8679809570313	1356824.	22084.75	27099.166015625	7316.75	1100.833374023438	
579.1160278320313	1287100.	25091.5	23095.583984375	5030.33349609375	616.6666870117188	
580.364013671875	1186292.	31859.75	21224.	6499.75	1008.916687011719	
581.6129760742188	1246368.	20881.5	26253.75	3495.083251953125	825.25	
582.8610229492188	1232200.	23238.25	23336.75	3236.416748046875	883.8333129882813	
584.1090087890625	1213236.	40459.5	22427.083984375	5013.66650390625	842.	
585.3569946289063	1244959.	33750.75	21340.583984375	4012.416748046875	791.8333129882813	
586.60498046875	1192337.125	35870.	27692.25	3244.75	800.25	
587.85302734375	1385414.5	42547.	22334.75	2977.75	892.	
589.1010131835938	1241956.	30607.5	24280.916015625	2927.5	875.3333129882813	
590.3489990234375	1322512.	26694.25	22059.333984375	3687.25	750.1666870117188	
591.5969848632813	1396329.25	23588.	27494.916015625	3586.916748046875	666.75	
592.844970703125	1239772.625	23890.25	21883.916015625	2994.416748046875	775.3333129882813	
594.093017578125	1386794.375	35214.25	21892.166015625	2068.416748046875	900.3333129882813	
595.3419799804688	1358009.25	20707.5	21650.666015625	2660.5	675.1666870117188	
596.5900268554688	1300131.875	14519.25	28693.916015625	2935.916748046875	850.3333129882813	
597.8380126953125	1151865.25	20833.	22618.75	3203.166748046875	741.8333129882813	
599.0859985351563	1497286.875	12616.5	20372.416015625	2543.833251953125	833.6666870117188	
600.333984375	1295768.	19278.25	22652.916015625	2493.916748046875	683.5833129882813	
601.5819702148438	1146956.	14193.75	19453.75	2243.416748046875	641.75	
602.8300170898438	1048737.5	7458.5	18293.25	2493.833251953125	850.3333129882813	
604.0780029296875	1104680.	12416.25	19812.833984375	2518.833251953125	833.5833129882813	
605.3259887695313	1247640.	22514.25	22444.083984375	4196.66650390625	750.4166870117188	
606.573974609375	1393994.5	23412.25	30345.416015625	2535.5	908.75	
607.822021484375	1391771.875	20205.75	25567.083984375	2368.833251953125	775.3333129882813	
609.0709838867188	1432803.25	19328.75	30615.916015625	15035.3330078125	808.5833129882813	
610.3189697265625	6395535.	25517.	30646.916015625	2585.583251953125	708.5833129882813	
611.5670166015625	1709199.25	23963.25	26402.333984375	3252.833251953125	733.4166870117188	
612.8150024414063	1637769.5	40018.5	29042.	4104.66650390625	908.8333129882813	
614.06298828125	1563798.5	25766.75	32326.416015625	4530.08349609375	883.75	
615.3109741210938	1745491.	40531.5	32119.5	3136.166748046875	725.0833129882813	
616.5590209960938	2670887.25	33036.5	33613.33203125	3052.75	808.6666870117188	
617.8070068359375	1682330.	27846.75	45042.75	3561.75	775.25	
619.0549926757813	1743116.75	44395.75	33570.91796875	2852.583251953125	808.6666870117188	
620.302978515625	1538831.375	31135.25	31507.5	2927.666748046875	833.6666870117188	
621.552001953125	1591242.	33067.25	29034.833984375	3912.083251953125	716.9166870117188	
622.7999877929688	1523895.	20255.5	37021.16796875	2810.833251953125	741.9166870117188	
624.0479736328125	1377624.	21508.25	25926.666015625	2944.416748046875	800.25	
625.2960205078125	1378127.	25218.	29437.75	3353.25	917.0833129882813	
626.5440063476563	1516237.5	22887.	26052.916015625	2919.333251953125	833.5	
627.7919921875	1478699.75	21007.5	25000.166015625	2844.166748046875	984.0833129882813	
629.0399780273438	1232624.	34088.5	26312.333984375	2552.166748046875	817.	
630.2880249023438	1205809.625	22185.25	27047.416015625	2652.5	900.3333129882813	
631.5360107421875	1515504.5	21257.75	25266.75	3812.166748046875	783.5833129882813	
632.7839965820313	1561557.25	21684.25	25971.083984375	2260.166748046875	967.25	
634.031982421875	1378275.5	26120.5	23479.166015625	2118.333251953125	733.5833129882813	
635.281005859375	1427429.25	16072.25	25266.333984375	2260.166748046875	758.5	
636.5289916992188	1407313.25	14445.25	22686.	2385.5	833.75	
637.7769775390625	1743023.75	18151.5	25777.916015625	2418.666748046875	850.3333129882813	
639.0250244140625	1315749.75	14394.5	22134.333984375	2235.166748046875	775.4166870117188	
640.2730102539063	1364253.75	41170.75	25410.916015625	2418.75	641.8333129882813	
641.52099609375	1334003.125	21208.25	26628.75	2602.416748046875	917.	
642.7689819335938	1347845.625	21283.	25558.916015625	2552.25	658.4166870117188	
644.0170288085938	1593726.25	14469.25	32829.66796875	2494.	958.6666870117188	
645.2650146484375	1482284.75	18402.5	29636.	2652.333251953125	766.9166870117188	
646.5130004882813	1313801.75	22735.25	32184.5	2852.583251953125	641.9166870117188	
647.760986328125	1421208.	23411.75	32111.166015625	3378.333251953125	758.6666870117188	
649.010009765625	1414486.75	26018.25	33933.66796875	2744.083251953125	850.5	
650.2579956054688	1395213.75	29482.	30857.083984375	2610.666748046875	691.8333129882813	
651.5059814453125	1532037.375	27196.75	29302.833984375	3194.583251953125	775.3333129882813	
652.7540283203125	1327410.	30111.25	32519.833984375	2719.166748046875	867.	
654.0020141601563	1330046.25	21583.25	29293.25	2435.416748046875	800.3333129882813	
655.25	1351216.	38510.5	30780.75	3553.5	2093.833251953125	
656.4979858398438	1470534.125	16873.5	26452.833984375	2744.083251953125	625.25	
657.7459716796875	1308041.75	16899.	25317.083984375	3511.833251953125	933.75	
658.9940185546875	1682758.5	19529.25	29799.083984375	2936.	783.6666870117188	
660.2420043945313	1333859.75	25320.25	25742.666015625	2911.083251953125	691.8333129882813	
661.489990234375	1405440.	22962.	25977.5	2794.083251953125	842.0833129882813	
662.739013671875	1668384.	22935.5	24790.75	2969.25	741.9166870117188	
663.9869995117188	1455948.875	26543.75	23905.5	2452.	791.9166870117188	
665.2349853515625	1514490.5	25041.	25134.75	2643.916748046875	783.5833129882813	
666.4829711914063	1297571.625	25242.75	23228.166015625	4046.	775.3333129882813	
667.7310180664063	1624013.75	21382.5	25233.416015625	2502.	716.75	
668.97900390625	1625995.	18326.25	27321.083984375	3478.583251953125	716.9166870117188	
670.2269897460938	1435100.375	25992.75	36284.	2151.75	758.5833129882813	
671.4749755859375	1908203.625	22184.	28616.5	2660.666748046875	833.75	
672.7230224609375	1551170.5	20155.	26026.5	2110.	833.75	
673.9710083007813	1701427.	18050.75	28016.166015625	2719.166748046875	733.6666870117188	
675.218994140625	1650249.75	19153.	29953.083984375	2468.833251953125	800.1666870117188	
676.468017578125	1552589.875	16498.	31925.166015625	3061.25	792.1666870117188	
677.7160034179688	1501519.375	30364.75	33843.08203125	4372.	841.9166870117188	
678.9639892578125	1886468.75	24088.75	36261.75	2268.5	800.25	
680.2119750976563	1609108.	18476.75	36441.83203125	2076.666748046875	717.	
681.4600219726563	1740958.25	97796.875	37713.16796875	2151.75	842.	
682.7080078125	1669418.375	22184.5	32125.25	2510.666748046875	600.25	
683.9559936523438	1542810.75	14369.	40764.33203125	11316.	775.1666870117188	
685.2039794921875	1619748.25	23889.25	34264.41796875	37262.75	892.0833129882813	
686.4520263671875	1605268.5	26595.5	40224.41796875	50179.5	833.75	
687.7000122070313	1656087.375	31155.25	41765.33203125	88371.8359375	716.9166870117188	
688.947998046875	1707649.75	41311.5	43827.66796875	73835.75	917.0833129882813	
690.197021484375	2398704.5	43152.5	47566.25	63503.75	1000.5	
691.4450073242188	2438396.25	67945.5	44826.66796875	72369.4921875	867.0833129882813	
692.6929931640625	2094971.5	31583.75	45851.33203125	65730.6640625	1326.	
693.9409790039063	2120614.25	35493.	72393.15625	69762.0234375	1033.916625976563	
695.1890258789063	3248957.5	29201.75	54968.41796875	46996.58203125	875.4166870117188	
696.43701171875	2354272.5	22811.5	48585.58203125	52810.16796875	933.75	
697.6849975585938	3256796.	27847.25	46820.91796875	56827.58203125	850.4166870117188	
698.9329833984375	2378431.	31783.	50565.5	110846.46875	850.4166870117188	
700.1810302734375	2777277.	33015.75	56685.33203125	30065.916015625	858.8333129882813	
701.4290161132813	2337202.25	44649.75	41478.16796875	37957.08203125	975.4166870117188	
702.677001953125	1908117.	57370.25	49514.	18035.	683.5833129882813	
703.926025390625	2290270.25	36079.	48296.	45524.23828125	725.3333129882813	
705.1740112304688	1779059.75	35119.75	49365.58203125	21926.25	791.9166870117188	
706.4219970703125	1859309.625	28932.	71390.75	18529.416015625	625.0833129882813	
707.6699829101563	2799266.5	20756.5	50614.91796875	18228.916015625	825.25	
708.9180297851563	3221083.	23537.75	57223.33203125	42899.41796875	792.0833129882813	
710.166015625	1747915.5	67238.5	60468.83203125	12649.8330078125	750.4166870117188	
711.4140014648438	1539580.5	38248.	53799.66796875	17119.333984375	875.4166870117188	
712.6619873046875	1388496.	20405.75	56087.41796875	12808.5	650.1666870117188	
713.9099731445313	1981130.75	30112.25	61968.75	13067.9169921875	800.4166870117188	
715.1580200195313	1778144.75	29476.25	54525.	12926.75	925.5	
716.406005859375	1557549.5	29481.	50906.16796875	14445.8330078125	750.3333129882813	
717.655029296875	2142034.5	20030.	50285.83203125	10379.4169921875	791.9166870117188	
718.9030151367188	1462832.	33762.75	56402.5	12082.75	925.5	
720.1510009765625	1419601.375	30605.25	50003.83203125	11055.5	1000.666687011719	
721.3989868164063	2034414.125	27370.75	56750.5	12500.	1067.333374023438	
722.64697265625	1606772.25	117004.171875	47606.33203125	16500.166015625	750.25	
723.89501953125	1413145.125	46033.5	51831.08203125	14303.5830078125	850.3333129882813	
725.1430053710938	1638782.	32434.	48584.83203125	22473.916015625	875.4166870117188	
726.3909912109375	1845832.	78991.	47180.58203125	9127.6669921875	908.75	
727.6389770507813	1777371.625	30453.5	46387.5	12759.5	800.3333129882813	
728.8870239257813	1542990.875	29577.5	47932.41796875	18514.416015625	908.8333129882813	
730.135009765625	1424863.375	43005.75	53570.41796875	6824.33349609375	825.4166870117188	
731.3839721679688	2170438.25	36436.25	37984.91796875	8994.25	850.25	
732.6320190429688	1735578.25	22084.	39740.16796875	10531.	842.0833129882813	
733.8800048828125	1415519.75	24740.	42043.75	5714.5	933.5833129882813	
735.1279907226563	1482918.375	21382.5	35701.58203125	6181.83349609375	950.5	
736.3759765625	1374364.375	25367.75	36854.66796875	8309.8330078125	700.0833129882813	
737.6240234375	1433838.5	20105.5	36404.33203125	5647.75	650.25	
738.8720092773438	1449084.875	15721.5	37206.58203125	6382.	767.	
740.1199951171875	1398586.5	62051.5	50788.91796875	5981.83349609375	950.4166870117188	
741.3679809570313	3137953.25	63243.	41146.16796875	8760.8330078125	883.75	
742.6160278320313	1622895.25	131775.5	54954.25	6565.75	900.5833129882813	
743.864013671875	1465884.5	107779.5	53573.08203125	11048.3330078125	1042.25	
745.1129760742188	1787013.5	144295.5	50885.83203125	11240.25	1042.333374023438	
746.3610229492188	2114839.5	145923.5	65465.08203125	11147.5830078125	1042.25	
747.6090087890625	1759767.25	200665.5	52389.83203125	12739.25	1100.583374023438	
748.8569946289063	1699817.5	243225.	52818.41796875	7950.83349609375	950.5	
750.10498046875	1926188.125	164441.5	57122.5	8793.9169921875	1042.333374023438	
751.35302734375	2567988.	273099.75	58207.91796875	7099.75	1117.333374023438	
752.6010131835938	1460222.25	120967.	50995.91796875	5798.	958.75	
753.8489990234375	1826856.5	139239.75	53713.91796875	6081.75	817.	
755.0969848632813	1716730.25	89470.75	57747.33203125	6715.91650390625	958.9166870117188	
756.344970703125	1751674.125	85430.	69896.421875	6081.83349609375	5604.	
757.593017578125	2805125.25	83533.	58117.5	7142.	1217.416625976563	
758.8419799804688	1761598.125	95423.	51369.5	6215.08349609375	917.0833129882813	
760.0900268554688	2720996.5	120196.5	59859.33203125	9914.9169921875	950.5833129882813	
761.3380126953125	2111037.5	119690.5	54092.25	8001.16650390625	1225.583374023438	
762.5859985351563	3566536.	177522.	68710.5	9704.4169921875	942.0833129882813	
763.833984375	2194777.	138675.5	57787.16796875	7858.91650390625	842.	
765.0819702148438	2497430.	130594.	60161.83203125	11995.0830078125	942.1666870117188	
766.3300170898438	1602360.125	128127.5	85532.828125	10179.3330078125	992.1666870117188	
767.5780029296875	1701658.625	134544.	56349.41796875	9094.4169921875	825.4166870117188	
768.8259887695313	1651868.625	105633.5	73052.5859375	6540.41650390625	908.75	
770.073974609375	1763515.25	88309.5	58710.41796875	6423.75	958.75	
771.322021484375	1920761.625	96895.5	45382.66796875	7533.91650390625	917.1666870117188	
772.5709838867188	1652616.	104331.25	46267.58203125	7550.33349609375	675.1666870117188	
773.8189697265625	2377436.75	68337.25	51537.	9431.25	766.9166870117188	
775.0670166015625	1584638.625	57894.75	48511.5	10767.	1017.333312988281	
776.3150024414063	2044731.25	98025.25	43703.83203125	6332.16650390625	792.	
777.56298828125	1650538.125	39904.25	47870.75	5580.91650390625	883.6666870117188	
778.8109741210938	1543171.25	45149.5	38779.25	7191.5	783.75	
780.0590209960938	1597316.	40533.	41217.41796875	5714.58349609375	892.0833129882813	
781.3070068359375	1577689.875	36444.	39036.91796875	5981.5	917.1666870117188	
782.5549926757813	1496964.625	73046.75	38283.66796875	6165.16650390625	883.6666870117188	
783.802978515625	1557097.875	35418.	34808.25	7860.16650390625	800.25	
785.051025390625	1406049.5	43092.5	29142.666015625	5005.16650390625	817.	
786.2999877929688	1302702.25	35319.75	39744.33203125	4195.83349609375	825.5	
787.5479736328125	1448708.625	41647.5	38925.16796875	8454.1669921875	783.6666870117188	
788.7960205078125	1254742.25	21007.75	29080.833984375	4487.91650390625	591.8333129882813	
790.0440063476563	1380858.125	17926.	34163.5	3695.166748046875	741.9166870117188	
791.2919921875	1986641.5	83143.2890625	29886.333984375	5414.33349609375	800.1666870117188	
792.5399780273438	1549732.	25517.5	29744.666015625	9991.3330078125	700.	
793.7880249023438	1968974.75	26669.5	26862.5	9654.5	700.1666870117188	
795.0360107421875	1917073.25	35717.75	35520.16796875	5097.16650390625	917.0833129882813	
796.2839965820313	2068598.375	36274.5	39916.5	6918.08349609375	825.0833129882813	
797.531982421875	2265258.	42963.625	33411.66796875	5848.08349609375	933.9166870117188	
798.780029296875	3565209.5	43945.5	32961.16796875	4888.41650390625	1008.916687011719	
800.0289916992188	3610907.	70405.	40677.08203125	5355.83349609375	875.5	
801.2769775390625	1978345.375	47631.5	33321.25	6707.83349609375	917.1666870117188	
802.5250244140625	1795504.875	48411.5	29819.	4671.41650390625	983.8333129882813	
803.7730102539063	1984414.125	79552.75	36054.33203125	4087.333251953125	666.75	
805.02099609375	1757497.5	30904.5	32719.166015625	4245.91650390625	783.6666870117188	
806.2689819335938	2071424.5	38804.25	29551.916015625	4129.08349609375	625.0833129882813	
807.5170288085938	1937767.25	38479.75	29301.666015625	5264.25	842.	
808.7650146484375	2187369.75	78822.0859375	28064.916015625	3912.333251953125	933.75	
810.0130004882813	1641002.5	61354.75	25884.333984375	4270.91650390625	708.75	
811.260986328125	2026853.875	79363.25	28281.75	4262.66650390625	942.1666870117188	
812.5089721679688	1595161.	32710.75	27898.083984375	6424.08349609375	716.9166870117188	
813.7579956054688	2030990.	35543.25	28810.	4045.833251953125	925.4166870117188	
815.0059814453125	1629025.125	49614.25	30061.583984375	5322.41650390625	850.25	
816.2540283203125	1711043.5	34792.25	28908.666015625	4571.41650390625	817.	
817.5020141601563	1469017.75	64152.75	29594.5	3828.75	800.25	
818.75	1963408.	59226.5	30337.75	5063.66650390625	825.3333129882813	
819.9979858398438	1503402.5	35168.5	29894.25	4671.5	658.5	
821.2459716796875	1658710.125	54204.	32319.25	3862.083251953125	825.3333129882813	
822.4940185546875	1494493.625	46615.5	26243.75	5973.66650390625	817.0833129882813	
823.7420043945313	1523928.375	36271.	31935.583984375	3077.833251953125	917.0833129882813	
824.989990234375	1709033.75	27972.	28181.5	3319.833251953125	716.9166870117188	
826.2379760742188	1487305.75	28725.75	27187.916015625	4296.25	833.75	
827.4869995117188	1538583.5	28949.25	29735.833984375	3161.333251953125	758.5833129882813	
828.7349853515625	1637409.	47309.5	27799.666015625	3311.416748046875	758.5	
829.9829711914063	1632184.625	29251.5	27864.25	4755.33349609375	817.	
831.2310180664063	1334836.875	49915.5	26210.166015625	4763.5	750.25	
832.47900390625	1509528.	47291.25	24715.	2860.916748046875	691.8333129882813	
833.7269897460938	1914016.625	49778.25	27872.916015625	3762.166748046875	842.0833129882813	
834.9749755859375	2208551.	55060.25	28776.333984375	3645.166748046875	767.	
836.2230224609375	1616800.	35417.5	28666.666015625	4671.33349609375	858.6666870117188	
837.4710083007813	1830450.5	46401.75	30112.416015625	3019.416748046875	917.25	
838.718994140625	1676251.375	35842.75	28290.25	3436.75	942.	
839.9669799804688	1778160.	49641.25	27254.583984375	3353.25	725.25	
841.2160034179688	2010994.75	45147.75	39568.91796875	3762.083251953125	917.	
842.4639892578125	1756136.25	63604.25	28047.666015625	3453.333251953125	908.75	
843.7119750976563	1685616.	51285.	25300.083984375	3094.5	867.1666870117188	
844.9600219726563	1644148.75	37999.5	24548.333984375	2994.416748046875	766.9166870117188	
846.2080078125	1752492.25	57883.	24088.5	3411.666748046875	708.5833129882813	
847.4559936523438	1646728.5	37382.5	29989.333984375	2886.083251953125	850.3333129882813	
848.7039794921875	1626897.5	33462.25	24632.5	2644.	725.25	
849.9520263671875	1934301.	109648.34375	23161.333984375	2894.166748046875	817.	
851.2000122070313	2130779.	47584.5	25792.5	2468.833251953125	808.5833129882813	
852.447998046875	1845427.75	65537.	26898.5	3253.	833.5	
853.6959838867188	1821232.	1732751.5	24096.583984375	2727.416748046875	733.5833129882813	
854.9450073242188	1817979.75	46457.	23562.666015625	2744.083251953125	875.4166870117188	
856.1929931640625	1761688.25	41561.5	24832.333984375	3153.083251953125	691.9166870117188	
857.4409790039063	1692887.5	41939.	31239.5	2869.25	850.3333129882813	
858.6890258789063	2039830.	251299.296875	25884.333984375	2744.083251953125	791.9166870117188	
859.93701171875	2496963.75	34740.	27181.5	2276.916748046875	566.75	
861.1849975585938	2489520.	39831.75	21750.333984375	2293.583251953125	933.75	
862.4329833984375	2356387.25	51947.75	22059.583984375	2694.083251953125	708.5833129882813	
863.6810302734375	2117201.25	58319.25	24615.416015625	2502.083251953125	775.4166870117188	
864.9290161132813	2417287.	49789.5	24231.25	2752.583251953125	808.6666870117188	
866.177001953125	2016141.875	53273.75	27995.416015625	2935.916748046875	767.	
867.4249877929688	2527891.	685568.5	24614.833984375	5047.58349609375	808.6666870117188	
868.6740112304688	2512756.	114446.609375	25259.583984375	2844.166748046875	758.6666870117188	
869.9219970703125	1786963.25	40007.75	25986.333984375	2635.75	750.3333129882813	
871.1699829101563	2011604.75	40256.	25149.25	2393.583251953125	742.	
872.4180297851563	1839743.875	36646.75	29574.666015625	3144.5	1058.833374023438	
873.666015625	1763537.625	77253.4140625	24347.25	3395.083251953125	758.6666870117188	
874.9140014648438	1718731.5	32985.5	26360.833984375	2760.833251953125	800.25	
876.1619873046875	1616769.25	33361.	24364.5	3403.166748046875	1000.416687011719	
877.4099731445313	3626981.5	29302.	28032.166015625	3119.416748046875	992.1666870117188	
878.6580200195313	1648914.5	41460.25	25910.	8492.6669921875	900.5	
879.906005859375	1680369.375	40311.5	23996.666015625	3044.5	758.5	
881.1539916992188	1515165.25	34689.5	26253.25	2977.833251953125	1935.	
882.4030151367188	1615117.125	34164.25	28199.833984375	7438.41650390625	616.8333129882813	
883.6510009765625	1660850.25	47834.25	33452.75	4212.5	800.3333129882813	
884.8989868164063	2057296.875	37023.75	27889.333984375	3862.166748046875	1592.916625976563	
886.14697265625	1956401.75	48487.	28700.	3436.583251953125	716.9166870117188	
887.39501953125	1867888.75	46978.25	41920.16796875	4396.16650390625	825.25	
888.6430053710938	2505329.75	70016.	30605.5	3803.666748046875	725.1666870117188	
889.8909912109375	2617596.25	51777.25	40779.16796875	3361.416748046875	917.	
891.1389770507813	2457364.5	93283.25	32159.583984375	3228.166748046875	850.3333129882813	
892.3870239257813	2014500.	45672.75	32010.166015625	4487.91650390625	917.	
893.635009765625	2177915.25	47691.75	31532.416015625	3269.75	850.3333129882813	
894.8829956054688	1901142.125	43040.5	31466.083984375	3570.166748046875	750.3333129882813	
896.1320190429688	2309333.25	39979.5	29493.25	2994.416748046875	775.25	
897.3800048828125	2159760.5	39228.5	31591.083984375	3753.583251953125	833.5833129882813	
898.6279907226563	1871257.25	38249.75	32119.416015625	3637.	875.25	
899.8759765625	2252510.	42214.75	31791.75	3303.083251953125	817.	
901.1240234375	1776729.5	29953.	28465.916015625	3178.	800.1666870117188	
902.3720092773438	1951621.	45023.25	30187.166015625	2844.333251953125	825.4166870117188	
903.6199951171875	1674841.625	28825.25	30429.5	2368.666748046875	700.3333129882813	
904.8679809570313	1713653.25	38360.25	40757.41796875	2885.833251953125	933.75	
906.1160278320313	1671540.5	25165.75	36896.91796875	3461.75	875.3333129882813	
907.364013671875	1933241.25	25316.5	31325.5	3236.25	741.8333129882813	
908.6119995117188	1973497.875	27072.5	36356.08203125	3052.833251953125	867.	
909.8610229492188	1842652.625	33087.75	30512.416015625	3344.75	716.8333129882813	
911.1090087890625	1513023.5	75019.	33382.41796875	3895.5	783.6666870117188	
912.3569946289063	1946433.125	26296.5	29150.583984375	3228.	641.8333129882813	
913.60498046875	1757032.25	48010.5	31941.166015625	3111.166748046875	942.25	
914.85302734375	1685132.875	16973.75	30012.666015625	3169.5	892.0833129882813	
916.1010131835938	1636806.25	44915.59765625	37768.58203125	3828.833251953125	925.3333129882813	
917.3489990234375	1743359.5	31615.5	37097.75	2710.583251953125	708.5	
918.5969848632813	1459852.	70433.5	40466.16796875	3094.5	833.6666870117188	
919.844970703125	1549893.5	30387.25	41358.91796875	2919.25	817.	
921.093017578125	1676857.5	21307.75	35713.08203125	3228.083251953125	708.5	
922.3410034179688	1634769.5	22986.5	30988.833984375	3161.25	817.25	
923.5900268554688	1721537.75	19579.25	37428.83203125	3052.833251953125	883.5833129882813	
924.8380126953125	1432390.125	23111.5	35765.33203125	3336.5	700.25	
926.0859985351563	2471047.	20280.5	36781.91796875	3478.166748046875	658.4166870117188	
927.333984375	1726841.	18226.75	36714.5	3394.833251953125	758.5833129882813	
928.5819702148438	1750301.5	16948.75	40701.5	4003.833251953125	683.5	
929.8300170898438	1497278.	27126.25	44600.33203125	4187.58349609375	716.9166870117188	
931.0780029296875	1453774.5	14669.5	52762.52734375	4404.41650390625	833.75	
932.3259887695313	1438560.	19629.25	46137.58203125	5907.	825.25	
933.573974609375	1803859.	16172.25	44563.25	5222.16650390625	908.9166870117188	
934.822021484375	1577728.	18753.	43985.	5355.66650390625	891.9166870117188	
936.0700073242188	1687216.	18828.75	52618.25	5205.41650390625	725.1666870117188	
937.3189697265625	1897178.	24668.25	42999.41796875	6073.16650390625	925.4166870117188	
938.5670166015625	1564303.5	17249.5	55904.41796875	5597.66650390625	892.0833129882813	
939.8150024414063	1723016.	17474.75	56294.91796875	6140.	817.	
941.06298828125	1741728.	14044.	68304.9140625	7942.83349609375	1092.333374023438	
942.3109741210938	1576752.625	11689.75	59675.75	7550.16650390625	1025.5	
943.5590209960938	1539536.	11915.	58773.41796875	7133.16650390625	1058.833374023438	
944.8070068359375	1573110.75	32367.25	265875.125	10012.75	983.9166870117188	
946.0549926757813	1530038.875	12941.75	60811.16796875	9386.75	950.4166870117188	
947.302978515625	1479056.125	13092.	62002.83203125	9845.5830078125	1000.583312988281	
948.551025390625	1586519.375	13016.75	78515.0859375	9761.9169921875	792.	
949.7990112304688	1748124.75	17149.25	79266.6640625	9779.	900.5	
951.0479736328125	1635804.125	17050.5	79956.4140625	11040.5	833.75	
952.2960205078125	1697457.	15771.5	89268.9140625	11081.4169921875	1000.583312988281	
953.5440063476563	1543296.	17850.5	90650.5859375	10747.0830078125	1217.5	
954.7919921875	1971216.75	19654.5	126265.2109375	15027.8330078125	1142.333374023438	
956.0399780273438	1801059.5	20807.25	129999.5	10095.6669921875	950.5833129882813	
957.2880249023438	1769713.5	16748.75	159526.328125	9202.6669921875	1292.5	
958.5360107421875	2460839.	12741.75	152234.5	12800.4169921875	1184.	
959.7839965820313	1741179.	12541.	179249.	10805.3330078125	1167.416625976563	
961.031982421875	1582625.25	15821.5	239700.828125	11481.8330078125	1593.	
962.280029296875	1613726.75	10312.5	181410.828125	14119.9169921875	1609.416625976563	
963.5280151367188	1465632.	13292.25	195037.	11539.9169921875	1459.416625976563	
964.7769775390625	2050611.125	9711.75	176070.5	11665.0830078125	1459.5	
966.0250244140625	1453680.	9561.25	167202.5	16794.916015625	1225.75	
967.2730102539063	1363792.	7884.	166266.328125	12416.8330078125	1450.833374023438	
968.52099609375	1030084.75	10137.5	155426.328125	9736.75	1067.25	
969.7689819335938	1576569.75	10613.25	147691.328125	10463.0830078125	1417.583374023438	
971.0170288085938	1236096.	8259.5	127499.1640625	8635.4169921875	1200.666625976563	
972.2650146484375	5619043.5	6532.25	135510.234375	10805.75	1467.666625976563	
973.5130004882813	1224179.25	8835.5	220780.78125	6415.41650390625	1067.333374023438	
974.760986328125	1099659.375	5080.25	114026.0859375	6181.83349609375	983.8333129882813	
976.0089721679688	1770176.875	6382.	98817.3359375	6048.41650390625	958.75	
977.2570190429688	1091317.	4905.	100475.6328125	6558.16650390625	908.5833129882813	
978.5059814453125	1027740.	5455.75	68159.4140625	5305.75	1092.333374023438	
979.7540283203125	1274044.	4229.	70922.25	8898.3330078125	858.75	
981.0020141601563	976000.	3428.5	63075.25	4562.91650390625	842.1666870117188	
982.25	960736.	2702.5	45967.75	4271.16650390625	875.3333129882813	
983.4979858398438	930384.	2627.5	47763.	3503.25	858.75	
984.7459716796875	919716.	2952.5	44057.25	2727.5	750.25	
985.9940185546875	947140.	2677.	42837.25	3728.666748046875	1058.916625976563	
987.2420043945313	929348.	2677.5	34024.83203125	2736.	641.8333129882813	
988.489990234375	929116.	3203.25	76733.9296875	3119.5	825.25	
989.7379760742188	906464.	3628.25	28632.833984375	2710.75	833.6666870117188	
990.9860229492188	957912.	2352.	28099.833984375	2927.666748046875	933.9166870117188	
992.2349853515625	1081238.	3102.75	24256.583984375	2560.583251953125	775.25	
993.4829711914063	892632.	2527.	26147.	2343.583251953125	817.0833129882813	
994.7310180664063	908400.	2327.	21283.	2502.083251953125	775.1666870117188	
995.97900390625	887676.	1801.5	25536.583984375	2218.416748046875	691.75	
997.2269897460938	945124.	2176.75	27470.166015625	1918.166625976563	641.8333129882813	
998.4749755859375	862416.	1876.25	20289.083984375	1984.916625976563	758.6666870117188	
