Trace for Mass:	Na23(LR)	Mg25(LR)	Cu63(LR)	Pb208(LR)	Sn118(LR)
Resolution:	Low	Low	Low	Low	Low
					
Time	Intensity	Intensity	Intensity	Intensity	Intensity
[sec]	[cps]	[cps]	[cps]	[cps]	[cps]

1.25	931668.	2326.75	14736.6669921875	1209.083374023438	741.9166870117188	
2.499000072479248	915056.	2276.5	14235.6669921875	1300.833374023438	600.1666870117188	
3.746999979019165	893796.	2376.75	14077.0830078125	1392.583374023438	750.25	
4.994999885559082	881044.	1801.5	14427.75	1192.416625976563	566.6666870117188	
6.243000030517578	882468.	2227.	14644.8330078125	1476.	808.75	
7.491000175476074	910733.5625	3753.75	14745.	1676.416625976563	608.3333129882813	
8.73900032043457	943916.	3878.75	15471.4169921875	1509.416625976563	775.3333129882813	
9.987000465393066	998752.	3378.5	16080.75	1809.583374023438	600.1666870117188	
11.23499965667725	970076.	3277.75	15963.8330078125	2577.5	867.0833129882813	
12.48299980163574	938956.	6657.5	17050.	2093.416748046875	758.6666870117188	
13.73099994659424	2350196.75	4755.	15579.75	3119.583251953125	633.4166870117188	
14.97999954223633	994084.	4129.	16072.4169921875	1884.666625976563	691.75	
16.22800064086914	1039936.875	12842.5	15796.9169921875	2151.75	633.5	
17.47599983215332	1183492.25	6632.25	15329.25	3787.916748046875	650.0833129882813	
18.72400093078613	963684.	6957.5	15270.9169921875	2518.916748046875	725.3333129882813	
19.97200012207031	992928.125	12771.	18118.75	4071.666748046875	650.1666870117188	
21.21999931335449	1010960.	5455.75	16498.333984375	2535.666748046875	608.3333129882813	
22.46800041198731	1076128.	6332.25	15429.3330078125	2068.25	842.1666870117188	
23.71599960327148	1267891.75	5581.	19482.166015625	6964.33349609375	758.5833129882813	
24.9640007019043	972152.	3753.5	15997.1669921875	1826.416625976563	725.3333129882813	
26.21199989318848	1021508.	4579.75	15370.9169921875	3328.583251953125	533.3333129882813	
27.45999908447266	1097508.875	6557.5	15855.3330078125	2577.416748046875	641.8333129882813	
28.70800018310547	1086372.25	6331.75	15538.0830078125	2544.	850.4166870117188	
29.95700073242188	984696.	9762.75	15362.75	2977.916748046875	775.3333129882813	
31.20499992370606	1057636.625	7333.25	14896.8017578125	1859.583374023438	858.6666870117188	
32.45299911499023	1427531.625	9236.	17876.	2677.416748046875	758.5	
33.70100021362305	1021688.	12542.75	17099.083984375	2568.916748046875	658.6666870117188	
34.94900131225586	1057964.	6582.5	15588.25	1901.5	591.75	
36.19699859619141	1086932.	19234.75	15930.4169921875	2594.25	700.1666870117188	
37.44499969482422	1028872.	9713.	21208.583984375	2402.166748046875	641.9166870117188	
38.69300079345703	1060576.	6357.	15872.0830078125	1509.416625976563	683.5	
39.94100189208984	985136.	15099.75	15337.5830078125	2735.666748046875	758.5833129882813	
41.18899917602539	976280.	6081.75	17225.	1667.75	625.0833129882813	
42.4370002746582	980328.	5881.5	21963.5	1793.166625976563	942.0833129882813	
43.68600082397461	1257696.	4329.5	17809.416015625	1826.333374023438	616.75	
44.93399810791016	971074.875	65594.40625	16924.	1668.	892.0833129882813	
46.18199920654297	1040778.625	3979.	17809.5	3938.416748046875	716.8333129882813	
47.43000030517578	972256.	5405.75	16448.166015625	2068.166748046875	808.6666870117188	
48.67800140380859	952850.5625	3778.5	17976.916015625	1968.25	800.3333129882813	
49.92599868774414	2286156.25	9413.25	18577.666015625	1667.916625976563	900.3333129882813	
51.17399978637695	1186716.375	3953.75	15571.4169921875	1809.666625976563	767.	
52.42200088500977	1096863.5	9386.75	20390.833984375	2043.416625976563	725.3333129882813	
53.66999816894531	1056320.	5481.	19759.083984375	2335.416748046875	683.5833129882813	
54.91799926757813	1216482.	5305.5	17224.5	2644.	800.4166870117188	
56.16699981689453	1185232.	10338.5	17734.333984375	1909.666625976563	883.9166870117188	
57.41500091552734	1035716.	6883.	17851.916015625	2560.5	858.75	
58.66299819946289	1081014.375	5455.75	16431.416015625	5718.75	583.5	
59.9109992980957	1183138.875	5881.25	16197.6669921875	2201.833251953125	725.25	
61.15900039672852	1169706.	5005.25	17884.416015625	2118.416748046875	625.0833129882813	
62.40700149536133	1035581.375	5555.75	17174.416015625	2335.333251953125	733.5833129882813	
63.65499877929688	1435552.375	4204.	16657.166015625	3119.666748046875	717.	
64.90299987792969	999940.5	6206.75	15120.4169921875	2402.083251953125	833.6666870117188	
66.1510009765625	1036696.	6557.5	17676.166015625	3052.916748046875	608.4166870117188	
67.39900207519531	1132200.75	6832.5	15629.9169921875	2785.833251953125	616.75	
68.64700317382813	1026664.	23979.5	16030.5830078125	2368.916748046875	700.1666870117188	
69.89600372314453	1253238.25	69843.75	15947.0830078125	2752.5	683.5	
71.14399719238281	1120948.	8334.5	16356.3330078125	2385.166748046875	842.	
72.39199829101563	1034671.875	18654.25	49393.95703125	3378.25	666.75	
73.63999938964844	1083640.	16152.	16197.8330078125	3061.25	783.5833129882813	
74.88800048828125	1094108.	10488.5	16998.916015625	2619.	591.75	
76.13600158691406	1173487.875	19946.	16965.5	1851.333374023438	750.3333129882813	
77.38400268554688	1125616.	17153.25	16464.666015625	1876.5	625.1666870117188	
78.63200378417969	1086906.625	9136.5	16331.1669921875	2619.083251953125	783.6666870117188	
79.87999725341797	1362257.5	3903.75	20023.666015625	1634.583374023438	758.75	
81.12799835205078	1093594.375	4654.5	15204.1669921875	1642.916625976563	825.1666870117188	
82.37599945068359	1004012.	4504.5	15462.75	1634.583374023438	650.1666870117188	
83.62400054931641	1020242.375	5330.75	15053.8330078125	5576.66650390625	683.6666870117188	
84.87300109863281	1503201.25	5406.	15579.6669921875	1993.333374023438	725.25	
86.12100219726563	1035280.	5556.	14853.4169921875	1801.25	716.9166870117188	
87.36900329589844	1002562.3125	16687.	15421.1669921875	2477.166748046875	608.5	
88.61699676513672	993064.	5581.	15270.9169921875	1951.583374023438	575.0833129882813	
89.86499786376953	978392.	6057.	15646.6669921875	1634.416625976563	842.	
91.11299896240234	969592.	26683.25	17275.416015625	2093.333251953125	775.3333129882813	
92.36100006103516	1095037.75	4880.5	15830.25	1342.666625976563	767.	
93.60900115966797	1032993.25	3152.75	15763.5830078125	1342.5	591.6666870117188	
94.85700225830078	967040.	3653.25	15771.8330078125	2009.916625976563	767.	
96.10500335693359	973336.	3353.	14828.5830078125	1517.75	683.5	
97.35399627685547	1099774.375	3578.25	15897.0830078125	1384.25	691.9166870117188	
98.60199737548828	940950.375	4279.5	16223.3330078125	1576.083374023438	600.1666870117188	
99.84999847412109	1007599.1875	2702.25	15262.6669921875	1292.583374023438	775.25	
101.0979995727539	1591430.75	2652.5	14260.75	1317.416625976563	700.1666870117188	
102.3460006713867	1458208.75	2326.75	13818.4169921875	1392.583374023438	700.25	
103.5940017700195	1001964.5	1976.25	15329.3330078125	1242.333374023438	700.25	
104.8420028686523	1002241.5	2652.25	15320.75	1242.5	650.0833129882813	
106.0899963378906	958432.6875	2477.	15521.3330078125	1784.916625976563	658.5833129882813	
107.3379974365234	972478.375	2852.5	15262.5830078125	1584.5	658.5	
108.5859985351563	931404.	6057.25	14820.	1425.916625976563	658.5833129882813	
109.8339996337891	974488.	2677.	14502.8330078125	1317.5	650.25	
111.0830001831055	965016.	2677.25	15955.3330078125	1459.25	608.3333129882813	
112.3310012817383	1054119.875	2752.25	14461.0830078125	1909.916625976563	625.	
113.5790023803711	959840.	2927.5	14636.25	1417.583374023438	750.1666870117188	
114.8270034790039	939320.	2351.75	15571.25	1376.	775.25	
116.0749969482422	1000168.	2401.75	14636.5830078125	1500.916625976563	608.5	
117.322998046875	931744.	2552.	14945.1669921875	1659.666625976563	725.1666870117188	
118.5709991455078	950176.	4254.25	15713.5	1984.916625976563	650.0833129882813	
119.8190002441406	935832.	4179.25	16641.583984375	1467.75	708.5833129882813	
121.0670013427734	985860.	2602.25	14577.9169921875	1759.75	591.75	
122.3150024414063	955244.	5005.	15045.4169921875	1642.833374023438	616.9166870117188	
123.5630035400391	969808.	13374.75	14978.75	1784.75	716.8333129882813	
124.8109970092773	986952.	2602.25	14435.9169921875	1484.333374023438	608.4166870117188	
126.0599975585938	934972.	2977.75	18111.25	1592.833374023438	600.1666870117188	
127.3079986572266	911596.	4705.	15972.1669921875	1576.25	750.3333129882813	
128.5559997558594	962412.	11640.5	16080.75	2126.75	775.25	
129.8040008544922	962280.	9561.5	15078.75	1743.	792.	
131.052001953125	955908.	7308.	15312.75	2360.333251953125	692.	
132.3000030517578	951232.	11364.25	15037.25	1734.5	825.4166870117188	
133.5480041503906	947920.	15523.75	14811.6669921875	3678.916748046875	608.4166870117188	
134.7960052490234	1007520.	10363.5	15045.5	1517.833374023438	783.5833129882813	
136.0440063476563	1023351.5	7383.	16080.5830078125	1609.5	708.6666870117188	
137.2920074462891	1000000.	9614.	14961.8330078125	1684.583374023438	733.5	
138.5410003662109	964956.	6957.75	15421.1669921875	1634.416625976563	816.9166870117188	
139.7890014648438	958220.	5705.75	15078.8330078125	2034.916625976563	875.5	
141.0370025634766	947832.	25764.5	14845.3330078125	1601.25	858.75	
142.2850036621094	1015969.5625	5406.	14920.25	1609.583374023438	583.4166870117188	
143.5330047607422	943784.	3002.75	16331.25	2444.	725.25	
144.781005859375	981671.4375	4154.25	14636.5	1609.416625976563	583.4166870117188	
146.0290069580078	1028132.	5230.5	15938.6669921875	1667.916625976563	766.9166870117188	
147.2769927978516	979344.	5155.5	15579.9169921875	1576.083374023438	783.5833129882813	
148.5249938964844	1035964.	6757.5	16214.4169921875	1593.083374023438	758.5	
149.7729949951172	1032280.	5005.25	16531.416015625	1559.416625976563	716.9166870117188	
151.02099609375	1029744.	5405.75	16489.5	1701.25	558.5833129882813	
152.2700042724609	989572.	5155.5	15487.6669921875	1634.5	758.5833129882813	
153.5180053710938	962068.	21456.25	15571.5	2460.583251953125	625.1666870117188	
154.7660064697266	1102924.125	5806.25	15605.0830078125	1434.25	566.75	
156.0140075683594	932384.	3578.5	16147.5830078125	1526.083374023438	750.3333129882813	
157.2619934082031	959180.	5080.25	15379.5830078125	1634.5	758.6666870117188	
158.5099945068359	981084.	4204.25	14619.75	1742.916625976563	675.25	
159.7579956054688	927996.	3728.75	14920.25	1576.166625976563	616.8333129882813	
161.0059967041016	984160.	2953.	14694.9169921875	1534.416625976563	691.8333129882813	
162.2539978027344	1004164.	3553.5	15705.5	1651.416625976563	725.25	
163.5019989013672	969412.	4905.	14761.5830078125	1375.75	716.9166870117188	
164.75	947808.	3954.	15479.5830078125	1617.833374023438	1217.583374023438	
165.9989929199219	985508.	3778.75	15897.0830078125	1534.666625976563	608.5	
167.2469940185547	986578.875	2902.5	15963.8330078125	1718.083374023438	691.8333129882813	
168.4949951171875	953564.	3202.75	14544.5830078125	1784.666625976563	758.75	
169.7429962158203	916528.	3403.5	15204.3330078125	1309.166625976563	875.3333129882813	
170.9909973144531	910172.	8937.5	15287.4169921875	2101.833251953125	900.4166870117188	
172.2389984130859	928632.	19188.5	14352.5	1350.916625976563	733.6666870117188	
173.4869995117188	967649.6875	2977.75	14461.0830078125	1459.333374023438	725.1666870117188	
174.7350006103516	933856.	5380.75	15379.5	1617.75	700.1666870117188	
175.9830017089844	917452.	6908.	14937.	1701.166625976563	716.75	
177.2310028076172	1016130.125	3453.25	14719.8330078125	1492.916625976563	566.75	
178.47900390625	935684.	3528.25	16030.5830078125	1793.	691.8333129882813	
179.7279968261719	1026132.	3428.25	18661.5	2126.583251953125	691.9166870117188	
180.9759979248047	966108.	7884.5	17425.166015625	2009.916625976563	750.3333129882813	
182.2239990234375	1084200.75	4004.	14377.8330078125	2010.083374023438	625.1666870117188	
183.4720001220703	949604.	5030.25	15621.5830078125	1701.166625976563	558.3333129882813	
184.7200012207031	964312.	9637.25	15178.9169921875	1734.75	641.8333129882813	
185.9680023193359	981718.625	4730.	16064.4169921875	2702.416748046875	775.25	
187.2160034179688	943284.	8685.5	15337.75	1651.333374023438	600.0833129882813	
188.4640045166016	953208.	6908.75	15396.	1501.166625976563	633.5	
189.7120056152344	948676.	6582.5	15078.9169921875	1784.666625976563	658.5	
190.9600067138672	986568.	4454.25	14911.8330078125	1634.5	808.5	
192.2079925537109	938492.	4779.75	17650.666015625	1551.083374023438	817.0833129882813	
193.4570007324219	998960.	5481.	15254.1669921875	4983.41650390625	900.5833129882813	
194.7050018310547	969604.	3803.5	16147.4169921875	1476.083374023438	500.0833435058594	
195.9530029296875	933488.	3353.	15821.6669921875	1225.666625976563	733.5	
197.2010040283203	948552.	4104.25	14694.8330078125	1626.25	833.8333129882813	
198.4490051269531	1001412.	13870.	16139.4169921875	2611.	691.8333129882813	
199.6970062255859	935700.	5731.25	17266.5	1959.75	791.8333129882813	
200.9450073242188	943532.	7459.5	17968.25	1300.833374023438	741.9166870117188	
202.1929931640625	1068509.5	6732.25	15529.5830078125	2009.916625976563	666.9166870117188	
203.4409942626953	1031565.875	27256.75	15488.1669921875	1776.25	725.0833129882813	
204.6889953613281	1446924.5	5731.25	15504.75	1759.75	741.9166870117188	
205.9369964599609	952412.	6006.25	15279.25	1442.666625976563	716.9166870117188	
207.1860046386719	990328.	5230.75	15062.0830078125	1692.916625976563	750.1666870117188	
208.4340057373047	1014141.75	5205.75	14402.6669921875	1642.916625976563	775.3333129882813	
209.6820068359375	956516.	4354.5	14653.25	3905.166748046875	633.5	
210.9299926757813	933080.	6783.	14703.1669921875	1317.5	775.1666870117188	
212.1779937744141	935056.	6207.25	15404.5	1459.416625976563	716.9166870117188	
213.4259948730469	964440.	17083.25	15262.5	1509.333374023438	850.4166870117188	
214.6739959716797	2207004.5	5606.	15922.	1726.25	591.8333129882813	
215.9219970703125	965484.	6031.5	14978.5830078125	2126.916748046875	750.3333129882813	
217.1699981689453	944052.	7684.	15621.8330078125	1968.25	600.1666870117188	
218.4179992675781	971940.	5530.75	14953.6669921875	2110.	716.9166870117188	
219.6660003662109	3007362.5	6457.	15020.5830078125	1751.333374023438	825.3333129882813	
220.9149932861328	936068.	16475.5	14970.4169921875	1818.166625976563	633.6666870117188	
222.1629943847656	969480.5	8385.	16039.1669921875	2452.25	700.1666870117188	
223.4109954833984	938844.	5706.	14911.9169921875	1943.083374023438	733.5	
224.6589965820313	1011528.	6006.75	15538.	1692.916625976563	583.4166870117188	
225.9069976806641	995751.75	7909.75	15279.1669921875	4213.83349609375	1108.916625976563	
227.1549987792969	1078045.	4955.	15371.1669921875	3220.416748046875	741.9166870117188	
228.4029998779297	959528.	4955.25	15571.3330078125	2176.833251953125	758.5	
229.6510009765625	1094538.	4104.	15187.3330078125	1876.583374023438	641.8333129882813	
230.8990020751953	969004.	4730.	14870.0830078125	2210.25	658.5	
232.1470031738281	1033781.8125	3002.5	19224.916015625	1726.25	641.75	
233.3950042724609	971856.	5105.5	15011.8330078125	1467.75	692.	
234.6439971923828	984940.	4029.	15688.1669921875	1901.5	692.	
235.8919982910156	1011200.	7108.5	15721.6669921875	1634.5	800.25	
237.1399993896484	982892.	4029.	15888.5830078125	1751.25	666.8333129882813	
238.3880004882813	988260.	4004.	15755.0830078125	1626.25	700.1666870117188	
239.6360015869141	1065318.25	6432.	16381.3330078125	1651.166625976563	691.8333129882813	
240.8840026855469	1017056.	3753.75	15680.	1701.416625976563	675.1666870117188	
242.1320037841797	968908.	10366.	17124.833984375	1701.416625976563	900.5	
243.3800048828125	978144.	4129.25	15729.9169921875	1326.	875.4166870117188	
244.6280059814453	1058755.125	4579.75	15037.25	1659.583374023438	775.25	
245.8760070800781	980988.	5931.25	15037.	2126.916748046875	533.4166870117188	
247.1239929199219	1012189.125	9413.75	15245.9169921875	1459.416625976563	733.4166870117188	
248.3719940185547	975033.5	4054.	15137.25	8538.3330078125	600.0833129882813	
249.6210021972656	972084.	9012.5	15972.5830078125	1476.083374023438	600.1666870117188	
250.8690032958984	944056.	7183.25	15412.8330078125	1818.083374023438	608.4166870117188	
252.1170043945313	1055100.75	3553.25	14486.0830078125	1726.416625976563	817.	
253.3650054931641	952753.	7108.	15446.1669921875	1768.	700.1666870117188	
254.6130065917969	928736.	6807.5	14210.5830078125	1509.416625976563	792.	
255.8609924316406	927312.	7608.75	14018.75	6904.41650390625	666.9166870117188	
257.1090087890625	901524.	9036.5	15053.9169921875	1376.	641.8333129882813	
258.3569946289063	930200.	4930.25	14494.5	3295.666748046875	583.5	
259.6050109863281	923776.	6257.	15371.0830078125	1709.666625976563	833.5833129882813	
260.8529968261719	944644.	5430.75	15237.5	1834.583374023438	650.1666870117188	
262.1019897460938	955552.	7884.	16247.6669921875	2201.916748046875	967.	
263.3500061035156	963396.	4129.25	15655.0830078125	1559.5	658.5	
264.5979919433594	1064607.	3929.	16514.916015625	1626.25	700.4166870117188	
265.8460083007813	944341.8125	5230.25	15838.75	1659.583374023438	725.25	
267.093994140625	967720.	8435.75	15788.5	1334.166625976563	683.5	
268.3420104980469	973632.	6582.25	16231.	1467.666625976563	700.25	
269.5899963378906	911724.	3703.5	14937.0830078125	1576.083374023438	808.75	
270.8380126953125	919088.	3603.25	15145.5	1692.916625976563	741.9166870117188	
272.0859985351563	910560.	4254.25	16790.583984375	1209.166625976563	783.75	
273.3340148925781	970632.	5455.75	15371.	1834.75	850.25	
274.5820007324219	949800.	6081.5	14962.1669921875	1901.5	750.1666870117188	
275.8309936523438	967752.	3228.	16131.	1434.25	691.8333129882813	
277.0790100097656	927044.	3328.25	13759.75	1776.333374023438	683.5	
278.3269958496094	943392.	3378.	15880.25	1384.333374023438	750.25	
279.5750122070313	942540.	6607.5	14678.0830078125	1509.333374023438	716.75	
280.822998046875	960896.	3478.5	15028.8330078125	1509.25	600.1666870117188	
282.0710144042969	931572.	3378.25	14820.1669921875	1642.916625976563	533.3333129882813	
283.3190002441406	948952.	4554.75	14686.6669921875	1617.75	825.3333129882813	
284.5669860839844	980320.	3928.75	15304.3330078125	2318.75	658.5	
285.8150024414063	998784.	5981.5	14953.5	2644.166748046875	575.0833129882813	
287.06298828125	996927.	9761.5	15688.3330078125	2026.666625976563	658.5	
288.3110046386719	988322.	13242.5	14811.6669921875	2301.75	758.5833129882813	
289.5599975585938	1117253.	14545.25	15037.0830078125	2310.333251953125	716.9166870117188	
290.8080139160156	1033252.	16999.75	15112.25	4614.91650390625	825.4166870117188	
292.0559997558594	1021924.	11064.	15654.8330078125	2685.75	466.6666564941406	
293.3039855957031	1118742.375	12867.25	15237.4169921875	1901.583374023438	700.25	
294.552001953125	1038216.	8785.	16322.6669921875	1918.083374023438	758.5833129882813	
295.7999877929688	941720.	11414.75	14903.5	1526.083374023438	783.5833129882813	
297.0480041503906	956796.	8059.5	15638.	1876.5	750.1666870117188	
298.2959899902344	932768.	9536.5	15087.25	1350.833374023438	817.	
299.5440063476563	940536.	12267.75	14811.6669921875	1926.5	775.3333129882813	
300.7919921875	935648.	7208.5	14753.5830078125	1893.083374023438	641.8333129882813	
302.0400085449219	994256.	5230.75	15504.5830078125	1684.416625976563	875.4166870117188	
303.2890014648438	1044175.5	7283.5	16014.	1375.916625976563	725.1666870117188	
304.5369873046875	1016632.	22047.5	15103.9169921875	1542.833374023438	666.8333129882813	
305.7850036621094	971836.	6807.5	15638.4169921875	1659.5	1317.583374023438	
307.0329895019531	925480.	4855.	21880.5	2402.083251953125	733.5833129882813	
308.281005859375	932632.	5030.25	15320.9169921875	2226.916748046875	658.5	
309.5289916992188	958216.	4604.75	15062.25	1701.333374023438	666.8333129882813	
310.7770080566406	977888.	47775.5	16088.8330078125	1509.5	675.25	
312.0249938964844	955992.	4504.75	15045.6669921875	1359.25	758.5833129882813	
313.2730102539063	963072.	4204.25	15579.6669921875	1576.25	767.	
314.52099609375	984268.	17254.	15020.3330078125	1484.416625976563	775.25	
315.7690124511719	963296.	4880.25	15304.25	1484.416625976563	758.5833129882813	
317.0180053710938	925136.	3828.5	15070.75	3545.333251953125	792.	
318.2659912109375	930904.	6307.	15120.75	1350.833374023438	742.	
319.5140075683594	925084.	3653.5	15178.9169921875	1617.916625976563	758.6666870117188	
320.7619934082031	1222751.875	5155.25	15145.5	1542.583374023438	750.1666870117188	
322.010009765625	894896.	4479.5	14502.75	1742.916625976563	808.6666870117188	
323.2579956054688	900316.	4104.	13985.25	1960.	608.5833129882813	
324.5060119628906	1086407.	6532.	15078.9169921875	1392.5	683.5833129882813	
325.7539978027344	913788.	7083.5	14527.75	1442.583374023438	650.25	
327.0020141601563	909856.	4079.	14561.3330078125	1943.25	742.	
328.25	990272.	5706.5	15646.6669921875	1634.5	883.9166870117188	
329.4979858398438	993728.	7985.75	14945.1669921875	1642.75	808.6666870117188	
330.7470092773438	920241.75	5355.75	15704.9169921875	1334.25	700.25	
331.9949951171875	1008264.	6958.5	14502.8330078125	2360.25	600.	
333.2430114746094	953072.	4604.75	17325.833984375	1626.166625976563	708.4166870117188	
334.4909973144531	983140.	4554.75	15638.1669921875	1834.583374023438	641.9166870117188	
335.739013671875	1020844.	4804.75	15195.6669921875	2101.833251953125	716.9166870117188	
336.9869995117188	1092608.625	6908.	15187.3330078125	2060.	958.9166870117188	
338.2349853515625	1072284.	7684.25	14778.3330078125	1868.166625976563	600.25	
339.4830017089844	957696.	5180.5	14628.	1701.25	800.3333129882813	
340.7309875488281	1052330.	4679.75	15212.4169921875	1601.083374023438	575.0833129882813	
341.97900390625	947388.375	7608.75	14786.5	1717.916625976563	742.	
343.2269897460938	1020580.	11138.75	15412.9169921875	2535.5	808.5833129882813	
344.4760131835938	1158336.625	15651.5	15137.25	1584.416625976563	650.1666870117188	
345.7239990234375	987871.9375	14269.25	15020.4169921875	1801.25	616.9166870117188	
346.9719848632813	1045796.	9361.25	14995.25	2393.833251953125	516.6666870117188	
348.2200012207031	959576.	11740.	14494.5830078125	1459.333374023438	691.9166870117188	
349.4679870605469	1078102.25	9836.75	15195.6669921875	1584.333374023438	675.0833129882813	
350.7160034179688	962401.	10612.75	15045.1669921875	1501.	858.6666870117188	
351.9639892578125	959064.	15372.75	16924.583984375	1517.5	875.3333129882813	
353.2120056152344	961880.	9386.25	15988.9169921875	1609.583374023438	925.4166870117188	
354.4599914550781	3526737.25	5856.25	15195.8330078125	1417.75	708.5	
355.7080078125	975204.25	8635.75	16222.9169921875	2202.	575.	
356.9559936523438	971408.	9186.5	14361.	1417.583374023438	791.9166870117188	
358.2049865722656	1046630.75	7909.	14269.0830078125	3036.583251953125	842.0833129882813	
359.4530029296875	944635.625	9110.5	19921.25	1559.416625976563	833.8333129882813	
360.7009887695313	964832.	8485.	15187.5830078125	1384.416625976563	792.0833129882813	
361.9490051269531	960424.	19585.	14769.8330078125	1617.833374023438	750.3333129882813	
363.1969909667969	952420.	8960.5	14653.1669921875	1459.333374023438	767.	
364.4450073242188	1043724.5	10538.75	15396.1669921875	1609.333374023438	792.	
365.6929931640625	1000116.	7583.5	17550.583984375	1526.166625976563	800.25	
366.9410095214844	1119070.25	8434.75	17994.833984375	1868.25	750.4166870117188	
368.1889953613281	970200.	11365.	15162.25	1634.583374023438	808.8333129882813	
369.43701171875	956952.	13068.75	14360.9169921875	1576.25	725.1666870117188	
370.6849975585938	1088551.5	6757.5	15537.9169921875	1835.	625.0833129882813	
371.9339904785156	950804.	16777.25	14611.25	3754.75	675.1666870117188	
373.1820068359375	1021100.	5005.5	14168.9169921875	2493.833251953125	641.8333129882813	
374.4299926757813	998499.125	5080.5	16081.8330078125	1934.916625976563	833.6666870117188	
375.6780090332031	1043756.	6407.	15938.5830078125	2018.333374023438	666.8333129882813	
376.9259948730469	1018308.	3903.75	15654.75	1334.166625976563	800.4166870117188	
378.1740112304688	1118115.25	5330.75	16489.666015625	2018.25	716.9166870117188	
379.4219970703125	1013772.	5756.	15780.1669921875	1367.666625976563	875.3333129882813	
380.6700134277344	969058.375	4429.5	16130.75	1384.166625976563	900.4166870117188	
381.9179992675781	990120.	3653.5	16832.25	1501.166625976563	975.5	
383.1659851074219	996332.	4329.25	15730.	1559.333374023438	666.8333129882813	
384.4140014648438	998744.	10842.25	14995.25	1534.416625976563	867.0833129882813	
385.6629943847656	1080652.125	7734.	16439.75	1367.75	675.25	
386.9110107421875	1037408.	3578.5	15621.5	1159.166625976563	558.4166870117188	
388.1589965820313	1128731.	4554.75	18563.5	1484.416625976563	591.75	
389.4070129394531	1094900.	4129.25	15888.5830078125	1342.666625976563	791.9166870117188	
390.6549987792969	1032731.125	4454.25	16414.75	1567.75	716.9166870117188	
391.9030151367188	1308258.25	5856.5	15062.0830078125	1567.833374023438	691.9166870117188	
393.1510009765625	1072324.	3703.5	17166.583984375	1801.5	700.1666870117188	
394.3989868164063	1005432.	3879.	25346.083984375	1367.583374023438	675.25	
395.6470031738281	997724.	3027.75	18010.5	1325.916625976563	791.9166870117188	
396.8949890136719	956932.	3278.	16514.833984375	1659.583374023438	792.0833129882813	
398.1430053710938	967880.	3077.75	16564.833984375	1534.5	666.8333129882813	
399.3919982910156	956944.	3929.	15312.75	4565.5	608.4166870117188	
400.6400146484375	1017714.125	9866.25	19772.5	2903.	666.8333129882813	
401.8880004882813	945424.	3002.75	16372.8330078125	6488.	675.25	
403.135986328125	1166070.75	2452.	19406.5	1943.25	683.5	
404.3840026855469	969262.375	3453.	16573.25	1701.25	683.5833129882813	
405.6319885253906	1009768.	5756.5	15997.5	2043.416625976563	683.6666870117188	
406.8800048828125	1056146.75	3703.5	24962.083984375	1684.583374023438	825.1666870117188	
408.1279907226563	2441259.25	6207.	17466.583984375	1993.083374023438	1192.5	
409.3760070800781	1343791.75	3779.	19155.416015625	1584.416625976563	800.25	
410.6239929199219	1086749.125	10189.	17959.25	8296.25	591.8333129882813	
411.8720092773438	3459415.75	4329.25	16723.5	2018.416625976563	766.9166870117188	
413.1210021972656	1033900.	6457.	28936.916015625	1851.333374023438	992.1666870117188	
414.3689880371094	1209490.25	3853.75	14945.5	1517.75	967.	
415.6170043945313	1380400.	3253.	17158.	1359.166625976563	625.0833129882813	
416.864990234375	1258573.25	3503.5	19638.666015625	1576.166625976563	842.	
418.1130065917969	1016836.	3253.	17416.583984375	2460.583251953125	817.0833129882813	
419.3609924316406	1033156.	3803.75	17934.833984375	1659.5	783.6666870117188	
420.6090087890625	1029128.	3102.75	27668.916015625	1317.583374023438	675.1666870117188	
421.8569946289063	979636.	3153.	16974.166015625	1592.833374023438	633.5	
423.1050109863281	979244.	5606.25	17516.583984375	1517.666625976563	1000.5	
424.3529968261719	1018275.	3653.5	15763.3330078125	1809.666625976563	783.5	
425.6010131835938	991816.	4504.5	16230.8330078125	1801.333374023438	883.6666870117188	
426.8500061035156	1351416.375	27722.	15087.1669921875	2251.916748046875	791.8333129882813	
428.0979919433594	954936.	7284.	15379.3330078125	2043.166625976563	708.5833129882813	
429.3460083007813	1336149.125	143521.1875	17083.	2711.	641.8333129882813	
430.593994140625	1638805.625	8835.5	16139.5	1526.083374023438	608.5	
431.8420104980469	1138917.	6156.5	15780.0830078125	2135.083251953125	750.3333129882813	
433.0899963378906	1159546.875	7960.5	15746.9169921875	1626.333374023438	608.5	
434.3380126953125	1056551.5	4279.25	16339.5	1943.166625976563	708.5	
435.5859985351563	1084316.	5907.	15521.5	1542.666625976563	808.75	
436.8340148925781	1044956.	3478.25	16456.5	5349.83349609375	792.0833129882813	
438.0820007324219	1097682.5	5856.25	15797.0830078125	1751.333374023438	633.6666870117188	
439.3299865722656	1005903.75	6332.	20148.166015625	1542.75	741.9166870117188	
440.5790100097656	1136156.5	5731.5	18135.75	1909.75	750.25	
441.8269958496094	1027068.	5681.5	17675.666015625	1392.583374023438	867.0833129882813	
443.0750122070313	2771799.75	6056.5	16281.	3545.833251953125	808.5	
444.322998046875	993276.125	5055.	15888.5830078125	1918.25	658.6666870117188	
445.5710144042969	1082276.625	4780.	16289.4169921875	3895.75	691.9166870117188	
446.8190002441406	1033812.	20644.75	19437.583984375	1968.166625976563	733.5833129882813	
448.0669860839844	1324782.5	3578.5	17074.333984375	2310.416748046875	1693.	
449.3150024414063	1193878.25	4780.	21767.833984375	3445.333251953125	683.5833129882813	
450.56298828125	1496997.5	6332.5	24581.75	1684.666625976563	800.25	
451.8110046386719	995136.	11942.75	18494.333984375	1651.416625976563	608.5	
453.0589904785156	991634.5	3628.5	18101.75	1492.833374023438	633.4166870117188	
454.3080139160156	1099036.	3578.25	17834.166015625	6312.58349609375	650.1666870117188	
455.5559997558594	3150340.5	60848.25	17475.416015625	1901.5	691.8333129882813	
456.8039855957031	1046828.	6883.	16815.333984375	2068.583251953125	817.	
458.052001953125	1055104.	4054.	15980.5	2176.75	733.5833129882813	
459.2999877929688	1213817.5	4755.25	25973.5	2210.166748046875	766.9166870117188	
460.5480041503906	1012076.	3653.25	14636.3330078125	1584.5	658.5833129882813	
461.7959899902344	958342.5625	4079.	15421.25	1384.333374023438	741.8333129882813	
463.0440063476563	1084950.75	5756.5	15847.	1692.75	708.5	
464.2919921875	961544.	14902.	18438.666015625	1576.083374023438	783.5833129882813	
465.5400085449219	978268.	4730.	16239.1669921875	1784.666625976563	892.	
466.7879943847656	985044.	13173.25	16197.5	1826.416625976563	758.6666870117188	
468.0369873046875	1056912.875	3703.5	17124.833984375	1968.25	1058.916625976563	
469.2850036621094	1010368.	3979.	15145.6669921875	1759.833374023438	691.75	
470.5329895019531	998973.9375	7608.75	15028.6669921875	1993.333374023438	817.	
471.781005859375	2800464.	6282.	17901.5	1809.75	875.4166870117188	
473.0289916992188	1487313.25	4804.75	16840.583984375	2001.583374023438	716.9166870117188	
474.2770080566406	1268982.625	4404.5	14895.3330078125	1551.083374023438	750.25	
475.5249938964844	1015888.	3528.5	16339.4169921875	1592.833374023438	741.9166870117188	
476.7730102539063	991552.	13271.	17926.833984375	1475.833374023438	858.75	
478.02099609375	994944.	5055.25	17918.25	2051.666748046875	608.5833129882813	
479.2690124511719	11931549.	5906.5	15546.4169921875	1934.916625976563	892.1666870117188	
480.5169982910156	1119631.875	6782.5	15713.4169921875	3846.083251953125	616.6666870117188	
481.7659912109375	1356463.	5906.5	16289.5830078125	1784.75	767.	
483.0140075683594	1212567.	7560.	19329.5	3019.5	767.0833129882813	
484.2619934082031	1000872.	47483.75	16222.5	6577.33349609375	892.1666870117188	
485.510009765625	1237068.5	175651.578125	25906.666015625	11360.4169921875	858.75	
486.7579956054688	1230628.	78398.25	21751.5	4354.58349609375	675.0833129882813	
488.0060119628906	1446680.25	76801.25	40469.5	3812.416748046875	892.	
489.2539978027344	1318653.25	18328.5	20322.666015625	12519.5	808.75	
490.5020141601563	2619759.75	56463.	21442.333984375	3027.833251953125	1668.083374023438	
491.75	1513031.5	178119.	18369.166015625	3403.416748046875	758.6666870117188	
492.9979858398438	1362241.5	22790.75	30685.083984375	8564.6669921875	975.5	
494.2460021972656	1392634.875	25326.25	17942.583984375	5516.16650390625	875.4166870117188	
495.4949951171875	3281562.5	15815.9609375	22994.916015625	2393.75	892.	
496.7430114746094	1260500.25	43624.75	29151.416015625	2986.083251953125	742.	
497.9909973144531	1020023.5	44772.25	22313.25	9048.5	783.6666870117188	
499.239013671875	1073389.75	8560.25	20832.333984375	5534.41650390625	775.3333129882813	
500.4869995117188	1576296.5	9261.75	26733.916015625	2961.333251953125	792.	
501.7349853515625	1048568.75	25231.5	17141.25	3603.75	842.1666870117188	
502.9830017089844	1146095.5	87948.5	17926.333984375	3846.5	708.5	
504.2309875488281	1077252.	22508.5	35307.08203125	2252.	1885.083374023438	
505.47900390625	1202158.75	5881.5	17934.416015625	1667.916625976563	950.5	
506.7269897460938	1068002.375	7884.25	17608.833984375	2886.333251953125	1008.916687011719	
507.9750061035156	1204759.625	30197.75	17934.583984375	1609.583374023438	725.25	
509.2239990234375	2963419.5	5831.25	20559.5	2594.083251953125	475.	
510.4719848632813	1148472.	15347.5	21153.583984375	1634.416625976563	766.9166870117188	
511.7200012207031	1235122.75	6206.75	16322.75	1684.583374023438	1067.25	
512.968017578125	1049422.625	10789.5	20398.833984375	2210.166748046875	1117.333374023438	
514.2160034179688	1065296.	8110.	19296.333984375	2293.583251953125	800.4166870117188	
515.4639892578125	4867320.	5606.	21573.5	2168.5	867.1666870117188	
516.7119750976563	4185480.75	4580.	28828.333984375	1684.666625976563	850.5	
517.9600219726563	1244330.5	3578.5	18435.166015625	2919.583251953125	958.8333129882813	
519.2080078125	1018828.	5806.75	17383.25	2853.	1526.166625976563	
520.4559936523438	1023858.9375	10364.	16105.8330078125	2235.333251953125	758.5	
521.7039794921875	1049820.625	6256.75	16063.9169921875	2402.25	833.6666870117188	
522.9530029296875	1072432.	3528.25	17826.416015625	3554.25	892.1666870117188	
524.2009887695313	1339952.25	18382.25	18352.166015625	2043.416625976563	742.	
525.448974609375	1198616.	5180.75	19232.416015625	2777.75	808.6666870117188	
526.697021484375	1234388.5	7133.5	18093.	2151.75	842.1666870117188	
527.9450073242188	1151434.75	9361.75	20619.833984375	2043.333374023438	1109.	
529.1929931640625	1145408.	23020.75	34872.359375	1526.	858.75	
530.4409790039063	1049581.	5455.75	19212.916015625	1592.916625976563	983.8333129882813	
531.6890258789063	996835.625	17126.75	16406.25	2560.666748046875	975.5833129882813	
532.93701171875	1039640.	3753.5	23800.5	1534.25	892.	
534.1849975585938	982904.	7309.25	16297.6669921875	1934.666625976563	867.	
535.4329833984375	1018188.	9461.5	24040.416015625	6401.91650390625	733.6666870117188	
536.6820068359375	1012493.5	10913.75	19245.25	12414.1669921875	850.3333129882813	
537.9299926757813	1281083.	8410.25	47540.06640625	7417.5	950.4166870117188	
539.177978515625	1177793.125	15251.5	19045.083984375	11558.9169921875	1534.583374023438	
540.426025390625	1087437.75	14395.5	19863.833984375	10114.3330078125	600.	
541.6740112304688	2909302.5	38811.75	20786.333984375	5756.41650390625	1092.25	
542.9219970703125	1096576.	5455.75	16347.8330078125	5639.66650390625	1150.583374023438	
544.1699829101563	1048632.125	52343.	52619.875	6223.75	800.25	
545.4180297851563	1161379.25	9337.	22621.583984375	9255.75	633.5	
546.666015625	1053051.625	9862.	19396.5	5932.83349609375	825.3333129882813	
547.9140014648438	1052064.	10840.	16923.916015625	45869.1640625	1000.583312988281	
549.1619873046875	1063300.	12518.	16698.666015625	10757.75	867.1666870117188	
550.4110107421875	2332269.5	5005.25	20518.666015625	5998.75	1008.833312988281	
551.6589965820313	1114463.25	11467.5	23542.916015625	4838.5	900.4166870117188	
552.906982421875	1082184.	18859.5	17182.833984375	4938.66650390625	958.75	
554.155029296875	1523948.125	7784.5	30091.5	3161.25	892.	
555.4030151367188	1233760.	11618.	30606.5	3954.	767.	
556.6510009765625	1293737.125	11290.25	28148.75	3002.833251953125	942.0833129882813	
557.8989868164063	1159570.5	5606.	19813.083984375	3662.166748046875	666.8333129882813	
559.14697265625	1439563.625	7734.	17333.083984375	2285.166748046875	758.5833129882813	
560.39501953125	1327308.75	33088.75	18994.916015625	4113.25	950.5	
561.6430053710938	1190581.75	7608.75	29072.166015625	2176.833251953125	850.25	
562.8909912109375	1121452.	5706.25	18101.166015625	4832.25	1175.5	
564.1400146484375	2063843.125	7083.	24417.083984375	2327.083251953125	708.6666870117188	
565.3880004882813	1091534.875	14821.5	23716.75	1934.75	716.9166870117188	
566.635986328125	1077018.625	6031.5	18151.416015625	3695.25	666.9166870117188	
567.8839721679688	1084132.	10288.5	18836.25	2677.333251953125	816.75	
569.1320190429688	1043186.5	8084.5	17483.583984375	2043.333374023438	867.1666870117188	
570.3800048828125	1096824.	25757.25	33312.25	2285.416748046875	816.9166870117188	
571.6279907226563	1198026.375	12091.75	19671.083984375	3553.583251953125	816.9166870117188	
572.8759765625	1177162.625	5155.5	24539.75	4689.	900.4166870117188	
574.1240234375	2454006.5	11793.5	29041.166015625	8717.9169921875	942.	
575.3720092773438	1244398.625	19769.	26198.	2443.75	758.6666870117188	
576.6199951171875	1221042.25	8385.5	18051.25	4379.33349609375	1225.833374023438	
577.8690185546875	2027035.25	5981.75	32949.91796875	4312.91650390625	817.	
579.1170043945313	1898528.	6882.75	25579.333984375	4096.25	708.5833129882813	
580.364990234375	1982831.	4554.75	18469.25	7410.66650390625	858.6666870117188	
581.6129760742188	2136548.5	3328.	20950.5	3336.666748046875	825.3333129882813	
582.8610229492188	1187813.125	3853.75	23040.	2168.5	683.5833129882813	
584.1090087890625	1882554.5	2977.5	18961.583984375	5357.83349609375	725.1666870117188	
585.3569946289063	1266680.125	4755.	38014.91796875	9467.4169921875	1017.25	
586.60498046875	2728682.	3728.5	17291.166015625	8504.5830078125	758.5833129882813	
587.85302734375	3853452.25	18134.25	17984.166015625	2351.833251953125	783.6666870117188	
589.1010131835938	1119768.	3353.	18752.833984375	3704.166748046875	725.25	
590.3489990234375	1231337.5	5030.5	19303.916015625	5761.16650390625	975.4166870117188	
591.5980224609375	1138719.375	2727.5	18677.416015625	1960.	833.6666870117188	
592.8460083007813	1154909.5	8161.	20255.75	2644.083251953125	808.75	
594.093994140625	1002492.	3628.25	17475.166015625	2060.083251953125	1501.083374023438	
595.3419799804688	1112508.25	3703.75	15821.9169921875	5809.83349609375	650.1666870117188	
596.5900268554688	1296796.5	4930.	16849.083984375	1876.5	741.9166870117188	
597.8380126953125	1056952.	3878.75	18920.333984375	1776.333374023438	800.4166870117188	
599.0859985351563	1025086.5	3203.	23915.833984375	1759.583374023438	1067.333374023438	
600.333984375	1152115.125	2577.	18970.25	1659.5	700.1666870117188	
601.5819702148438	1599496.625	13250.75	22202.666015625	3395.083251953125	625.25	
602.8300170898438	998348.	2552.25	42491.5	2076.666748046875	750.3333129882813	
604.0780029296875	1396762.75	2401.75	24981.416015625	1709.666625976563	825.3333129882813	
605.3270263671875	1030464.	5355.75	18786.583984375	1567.75	733.6666870117188	
606.5750122070313	6298513.	3128.	16423.083984375	1859.75	900.4166870117188	
607.822998046875	1054024.	3653.5	17174.25	2010.166625976563	841.9166870117188	
609.0709838867188	3059099.	14127.5	19162.	2869.583251953125	716.75	
610.3189697265625	1082428.	2627.25	18769.416015625	1734.666625976563	1209.166625976563	
611.5670166015625	1067602.375	5306.	16840.583984375	1509.333374023438	950.5	
612.8150024414063	1276409.75	3453.	20935.083984375	1926.583374023438	866.9166870117188	
614.06298828125	1136394.5	3078.	19286.916015625	2619.083251953125	917.0833129882813	
615.3109741210938	1029553.75	3503.5	25698.5	1501.166625976563	641.8333129882813	
616.5590209960938	969840.	3153.	18795.333984375	1968.166625976563	658.6666870117188	
617.8070068359375	1225594.125	2752.25	18895.083984375	1409.333374023438	892.1666870117188	
619.0560302734375	1812058.375	4404.75	19956.083984375	2260.25	650.1666870117188	
620.3040161132813	1081688.	2451.75	22750.583984375	1576.25	867.	
621.552001953125	1036428.	3353.25	26984.666015625	2936.416748046875	958.9166870117188	
622.7999877929688	1103457.75	2577.25	38233.90234375	1793.083374023438	908.6666870117188	
624.0479736328125	1008776.	2402.	17283.333984375	1451.	616.75	
625.2960205078125	2110863.	2852.5	19423.833984375	1442.666625976563	1025.666625976563	
626.5440063476563	1315743.25	2802.5	16080.75	3721.416748046875	817.	
627.7919921875	982195.875	7784.75	28326.25	1534.583374023438	717.	
629.0399780273438	1371023.	4730.25	16448.25	1784.666625976563	741.9166870117188	
630.2880249023438	961522.3125	3753.5	15872.0830078125	1492.75	750.3333129882813	
631.5360107421875	1086590.375	2652.25	16306.25	2577.583251953125	716.8333129882813	
632.7849731445313	974744.	2252.	22711.833984375	1726.333374023438	858.5833129882813	
634.0330200195313	1354313.375	2477.25	16665.25	2285.416748046875	817.0833129882813	
635.281005859375	944084.	2877.25	18377.166015625	1325.916625976563	750.25	
636.5289916992188	922948.	2677.25	18153.166015625	2268.666748046875	700.3333129882813	
637.7769775390625	979760.	2076.75	26578.25	1726.333374023438	625.1666870117188	
639.0250244140625	978324.	2401.75	16088.8330078125	1417.583374023438	758.5833129882813	
640.2730102539063	1091634.375	3203.	19999.75	1651.25	808.6666870117188	
641.52099609375	1066750.	3027.75	22819.	2168.5	867.	
642.7689819335938	1200865.75	3077.75	31038.	1951.5	967.25	
644.0170288085938	1354354.5	15206.25	18068.25	1926.666625976563	758.5833129882813	
645.2650146484375	1101514.75	2802.5	17734.	2085.	1092.166625976563	
646.5139770507813	1109518.25	3128.	19504.416015625	2152.	1042.25	
647.7620239257813	1182126.5	4429.75	22328.	1693.	1242.416625976563	
649.010009765625	1351980.25	4479.5	24992.666015625	8231.6669921875	6673.75	
650.2579956054688	1138648.	12396.5	63177.83203125	3745.916748046875	4114.25	
651.5059814453125	2399851.	3278.25	70212.0859375	1792.916625976563	2377.	
652.7540283203125	1086818.5	3403.5	163300.	6295.25	5257.25	
654.0020141601563	1101257.75	4554.75	92030.	1834.833374023438	4371.41650390625	
655.25	1118718.75	5080.5	86299.9140625	2293.583251953125	3095.166748046875	
656.4979858398438	2667009.	6107.	122858.5859375	1784.666625976563	2652.333251953125	
657.7459716796875	1000840.	3102.75	90035.0859375	4481.33349609375	3929.083251953125	
658.9940185546875	1027641.5	17863.5	94911.0859375	1943.25	1993.333374023438	
660.2429809570313	962324.	4705.	111353.78125	2435.5	3795.916748046875	
661.4910278320313	1022911.5	3153.	260117.484375	6319.08349609375	3128.333251953125	
662.739013671875	1258154.125	2702.75	79431.3359375	2010.083374023438	1401.	
663.9869995117188	968792.	2877.5	84183.9375	2994.583251953125	2343.75	
665.2349853515625	986437.5	4104.	116442.78125	2093.416748046875	1642.833374023438	
666.4829711914063	2007596.	11066.25	52806.	12799.75	2785.916748046875	
667.7310180664063	1059208.875	61488.5	114248.3984375	1659.666625976563	1709.833374023438	
668.97900390625	1483323.	4680.	50652.91796875	3336.666748046875	1701.333374023438	
670.2269897460938	975939.	2977.75	80513.	2076.666748046875	7894.83349609375	
671.4749755859375	1270851.5	4679.75	62113.4375	2010.	1492.833374023438	
672.7230224609375	1473487.	10565.5	51180.76953125	1901.5	1876.5	
673.9719848632813	1222051.75	6307.5	55133.	2827.5	1059.083374023438	
675.219970703125	2109989.	2752.5	56441.79296875	1801.25	1350.916625976563	
676.468017578125	1056396.	4905.25	30427.833984375	16920.5	1768.083374023438	
677.7160034179688	1037792.	3753.5	47513.91796875	1768.	1034.	
678.9639892578125	1027778.6875	8085.5	27867.666015625	2034.833374023438	1200.833374023438	
680.2119750976563	1216798.	4229.25	35948.66796875	2619.166748046875	2177.333251953125	
681.4600219726563	976456.	3027.75	77039.9609375	2310.416748046875	1325.916625976563	
682.7080078125	1594364.75	3152.75	63483.921875	2251.833251953125	1342.5	
683.9559936523438	1318107.25	2602.	22072.416015625	2827.833251953125	933.75	
685.2039794921875	1023748.	22308.5	26628.416015625	4271.66650390625	917.0833129882813	
686.4520263671875	1174860.75	3153.	18652.833984375	2135.166748046875	908.8333129882813	
687.7009887695313	1870651.75	3328.25	22011.	2936.166748046875	1092.333374023438	
688.948974609375	1446703.5	7259.25	26746.083984375	8847.3330078125	1876.75	
690.197021484375	1232962.25	4454.5	18969.583984375	1701.333374023438	933.9166870117188	
691.4450073242188	1075864.	3428.25	32179.833984375	4037.916748046875	892.1666870117188	
692.6929931640625	1216110.75	6082.25	20590.333984375	2085.083251953125	783.5833129882813	
693.9409790039063	1101337.	4204.5	86794.6875	2185.25	1134.	
695.1890258789063	1112384.	15833.	44133.484375	2226.75	775.3333129882813	
696.43701171875	1196570.5	6507.	25463.833984375	5592.25	950.3333129882813	
697.6849975585938	1438928.25	3253.	24133.416015625	2301.916748046875	1034.	
698.9329833984375	6630241.	6482.5	26872.416015625	2368.75	1109.	
700.1810302734375	1280614.875	7384.	50397.24609375	3345.166748046875	808.6666870117188	
701.4299926757813	1118608.	13368.75	22470.75	3211.583251953125	933.8333129882813	
702.677978515625	1087868.	5706.25	17642.166015625	2226.916748046875	825.4166870117188	
703.926025390625	2595204.5	4104.25	22453.833984375	5542.83349609375	883.8333129882813	
705.1740112304688	1069720.	4379.5	39178.33984375	1868.083374023438	1017.25	
706.4219970703125	4071280.	8412.	21729.833984375	1751.333374023438	633.4166870117188	
707.6699829101563	1039144.	3353.	16180.8330078125	1334.083374023438	850.3333129882813	
708.9180297851563	1171776.	26526.5	19421.916015625	1367.666625976563	866.9166870117188	
710.166015625	1102477.5	8661.75	16707.333984375	1901.666625976563	1092.416625976563	
711.4140014648438	1070096.	22688.5	57656.08203125	2618.916748046875	1083.916625976563	
712.6619873046875	1000003.	4629.75	26786.583984375	2886.333251953125	1167.25	
713.9099731445313	2036552.625	4780.5	17984.583984375	2660.833251953125	750.25	
715.1589965820313	1271808.75	4154.25	23517.166015625	2126.833251953125	1042.25	
716.406982421875	1193083.75	16223.25	30240.75	2118.333251953125	1075.583374023438	
717.655029296875	1644811.125	8886.25	32366.916015625	4046.416748046875	1534.416625976563	
718.9030151367188	1839952.375	5882.	20883.416015625	2527.25	992.25	
720.1510009765625	1137566.75	10966.	47364.421875	3127.916748046875	925.4166870117188	
721.3989868164063	1026556.	3202.75	22686.333984375	2310.25	741.8333129882813	
722.64697265625	1108062.25	5005.	32671.849609375	2660.75	758.5833129882813	
723.89501953125	1092716.	6958.	35449.33203125	3069.583251953125	975.4166870117188	
725.1430053710938	1350291.875	3128.	17959.083984375	3503.5	1158.916625976563	
726.3909912109375	1219724.5	5881.25	19513.25	3069.666748046875	1367.666625976563	
727.6389770507813	1141737.5	7208.75	57571.16796875	12497.5	975.4166870117188	
728.8880004882813	1418775.375	8009.75	16422.833984375	1985.083374023438	1417.5	
730.135986328125	1014628.75	5756.25	31405.416015625	3203.416748046875	741.8333129882813	
731.3839721679688	1678995.625	3403.25	15972.	9629.25	858.6666870117188	
732.6320190429688	1071672.375	3128.	19864.583984375	1934.916625976563	700.25	
733.8800048828125	1019836.	6232.25	18009.666015625	2677.416748046875	925.5	
735.1279907226563	1011502.5	2026.5	17575.5	1801.5	700.3333129882813	
736.3759765625	1170407.	2877.5	19805.333984375	1267.416625976563	658.4166870117188	
737.6240234375	1041617.875	2977.75	15938.6669921875	2285.333251953125	766.9166870117188	
738.8720092773438	1188910.25	2602.25	42969.74609375	1434.166625976563	775.25	
740.1199951171875	1062424.125	3954.	16848.666015625	1943.333374023438	766.9166870117188	
741.3679809570313	1441416.375	3528.5	16840.416015625	3462.833251953125	733.6666870117188	
742.6170043945313	978450.25	2777.25	22873.333984375	1984.916625976563	725.3333129882813	
743.864990234375	1014356.	2427.	19864.833984375	1401.	817.0833129882813	
745.1129760742188	990789.	4304.25	18519.166015625	2277.	858.75	
746.3610229492188	997604.	4104.	16824.083984375	3061.666748046875	742.	
747.6090087890625	1087161.75	3027.5	18009.166015625	1434.25	800.4166870117188	
748.8569946289063	1086344.375	2902.5	20740.916015625	1759.583374023438	600.0833129882813	
750.10498046875	1030852.	3553.25	15521.1669921875	1684.583374023438	633.5833129882813	
751.35302734375	1047953.1875	3803.75	16172.4169921875	1726.166625976563	733.6666870117188	
752.6010131835938	968708.	3027.75	18043.333984375	1567.75	708.6666870117188	
753.8489990234375	1096018.875	2652.25	21938.5	1601.083374023438	725.25	
755.0969848632813	1036224.875	3102.75	23233.333984375	5684.08349609375	742.0833129882813	
756.3460083007813	994167.3125	3027.75	21597.333984375	1759.75	816.9166870117188	
757.593994140625	1066158.25	3779.	16807.333984375	2368.5	842.	
758.8419799804688	1016296.25	4479.5	17583.583984375	1976.583374023438	758.75	
760.0900268554688	1032536.	4329.5	31415.25	4538.58349609375	708.5833129882813	
761.3380126953125	1433012.	13977.25	22787.333984375	2343.75	708.5	
762.5859985351563	1057184.	57297.09375	26337.833984375	3378.583251953125	725.25	
763.833984375	1135134.25	91031.4921875	23705.416015625	2168.5	792.	
765.0819702148438	1184441.625	43462.25	41377.34375	3361.583251953125	541.8333129882813	
766.3300170898438	1108682.125	14945.5	22598.416015625	2210.166748046875	758.6666870117188	
767.5780029296875	1004880.625	7508.5	19788.5	3570.25	1301.	
768.8259887695313	1505938.5	7708.75	18176.416015625	2001.583374023438	891.9166870117188	
770.0750122070313	1737197.75	8011.	20536.166015625	2143.5	900.3333129882813	
771.322998046875	1111459.	6807.5	26685.75	1868.	750.3333129882813	
772.5709838867188	1149960.	10465.75	49610.01953125	3002.833251953125	783.5833129882813	
773.8189697265625	1089076.	14946.5	110534.15625	5715.66650390625	958.8333129882813	
775.0670166015625	1172560.	30639.5	34575.91015625	3628.75	741.8333129882813	
776.3150024414063	1111369.375	12316.25	28365.	2218.416748046875	833.6666870117188	
777.56298828125	1133056.75	11064.75	21299.666015625	3511.916748046875	1050.5	
778.8109741210938	1166775.125	44116.75	31766.25	3036.25	850.3333129882813	
780.0590209960938	2432267.25	6106.75	29129.916015625	6065.83349609375	741.9166870117188	
781.3070068359375	1221763.875	12717.25	20992.	2602.25	633.5	
782.5549926757813	1087839.125	7584.	28266.25	2235.166748046875	875.4166870117188	
783.8040161132813	1055884.	220813.9375	24682.333984375	4488.16650390625	716.8333129882813	
785.052001953125	1096648.	16228.	53381.515625	2744.083251953125	867.1666870117188	
786.2999877929688	1088047.	22900.75	27892.333984375	66294.2890625	833.75	
787.5479736328125	1226581.125	18452.	54360.640625	2886.	867.0833129882813	
788.7960205078125	1241925.25	9110.75	139547.84375	4021.25	758.5833129882813	
790.0440063476563	1219927.5	41416.	44154.58203125	4387.83349609375	908.75	
791.2919921875	1500165.5	9261.25	31488.5	2844.25	942.0833129882813	
792.5399780273438	1121708.	32040.75	20239.666015625	4263.	1184.166625976563	
793.7880249023438	1800098.25	4329.25	23774.333984375	2218.416748046875	850.25	
795.0360107421875	1351878.25	9663.	29504.5	8813.5830078125	817.	
796.2839965820313	1085890.375	7934.25	35544.	2235.166748046875	766.9166870117188	
797.5330200195313	1118750.75	4654.75	41702.91796875	5416.16650390625	1100.583374023438	
798.781005859375	2207682.75	6907.5	59440.	2560.583251953125	1876.833374023438	
800.0289916992188	1069929.625	15781.	27815.833984375	3361.583251953125	900.4166870117188	
801.2769775390625	1132270.625	13797.25	20883.666015625	2126.666748046875	750.3333129882813	
802.5250244140625	1041191.375	6733.25	34387.66796875	2569.083251953125	925.5	
803.7730102539063	970536.	3603.25	36727.66796875	2485.666748046875	875.4166870117188	
805.02099609375	3157248.	4179.25	40190.	2735.75	1317.5	
806.2689819335938	991340.	17028.25	38910.08203125	6758.91650390625	875.4166870117188	
807.5170288085938	1388115.375	29159.25	24804.333984375	8137.66650390625	1134.	
808.7650146484375	1421391.75	53416.75	55304.01953125	5598.16650390625	1058.833374023438	
810.0130004882813	1635212.5	31747.25	37953.91796875	10625.8330078125	1034.	
811.2620239257813	1585110.75	27228.5	59944.5	4329.5	758.5833129882813	
812.510009765625	1748206.125	17475.25	26698.5	7160.25	46370.359375	
813.7579956054688	2269630.	71001.5	38799.83203125	8595.75	1025.5	
815.0059814453125	1545069.5	59186.75	37004.58203125	6283.	975.4166870117188	
816.2540283203125	4809362.	59106.75	86145.4453125	6199.5	875.25	
817.5020141601563	1142782.375	57807.5	27172.833984375	4012.333251953125	917.0833129882813	
818.75	1300410.5	19704.25	34902.41796875	9849.1669921875	917.0833129882813	
819.9979858398438	1510523.25	29755.5	24918.416015625	8479.1669921875	1067.166625976563	
821.2459716796875	1212224.	18451.75	40613.91796875	6949.91650390625	833.75	
822.4940185546875	1248656.5	87771.28125	31278.25	13383.9169921875	725.1666870117188	
823.7420043945313	1131290.5	34393.5	32874.33203125	7409.08349609375	825.3333129882813	
824.9910278320313	1463469.5	31034.5	20530.916015625	5138.91650390625	725.1666870117188	
826.239013671875	1137179.	36068.	78692.9609375	5089.	867.0833129882813	
827.4869995117188	1528064.125	32238.5	29162.416015625	5130.5	675.1666870117188	
828.7349853515625	1151706.875	21410.	37558.41796875	12612.6669921875	933.6666870117188	
829.9829711914063	1600640.625	22737.	25192.333984375	3361.5	758.6666870117188	
831.2310180664063	1230541.625	43634.5	20656.333984375	6390.91650390625	842.	
832.47900390625	1106045.875	13519.75	41040.08203125	3770.583251953125	783.5	
833.7269897460938	1118019.	19254.75	19312.083984375	3887.083251953125	808.75	
834.9749755859375	1027468.	17679.5	23197.916015625	5949.5	717.	
836.2230224609375	2049644.25	31768.	22607.833984375	9725.5	775.3333129882813	
837.4710083007813	1119878.5	11314.75	20314.333984375	2644.	733.5	
838.719970703125	1165813.5	15346.25	25990.583984375	3194.583251953125	675.25	
839.968017578125	1191901.625	19959.	36974.08203125	3879.	716.75	
841.2160034179688	1078954.5	9085.75	21650.833984375	5330.75	758.5833129882813	
842.4639892578125	1759011.625	28891.5	19295.25	4713.83349609375	716.8333129882813	
843.7119750976563	1209368.5	9086.25	17124.166015625	3561.916748046875	708.4166870117188	
844.9600219726563	1098590.25	3879.	25620.666015625	2393.583251953125	1559.583374023438	
846.2080078125	1479764.75	13267.75	28564.583984375	7204.83349609375	700.1666870117188	
847.4559936523438	1120849.25	9261.25	16932.666015625	3294.75	967.25	
848.7039794921875	1903411.75	8885.75	27220.5	2510.5	933.9166870117188	
849.9520263671875	2420359.	11490.25	18168.25	2452.083251953125	1067.25	
851.2000122070313	1069738.125	13870.25	18168.5	7268.75	666.8333129882813	
852.448974609375	1446246.375	5781.	21209.166015625	4054.25	700.3333129882813	
853.697021484375	1112418.5	11893.	17491.916015625	2619.	817.	
854.9450073242188	1309051.375	5155.75	19346.083984375	2285.416748046875	767.0833129882813	
856.1929931640625	1507055.625	8685.5	22010.916015625	2960.916748046875	716.9166870117188	
857.4409790039063	1174585.5	13070.5	22663.583984375	2477.333251953125	683.5833129882813	
858.6890258789063	1131682.375	39713.5	20290.083984375	3369.916748046875	816.9166870117188	
859.93701171875	1127436.	13120.25	22013.583984375	39379.73828125	816.9166870117188	
861.1849975585938	1111722.375	4880.	24489.583984375	18718.212890625	800.3333129882813	
862.4329833984375	1843527.25	23979.75	28555.25	2710.833251953125	1058.916625976563	
863.6810302734375	1399699.125	14096.75	19462.583984375	4379.83349609375	933.75	
864.9290161132813	2943528.25	14170.75	24971.583984375	2535.666748046875	608.4166870117188	
866.177978515625	1466063.75	25051.75	24367.166015625	2944.333251953125	975.5833129882813	
867.426025390625	1555757.75	8760.75	23621.25	5431.58349609375	725.25	
868.6740112304688	1115654.	12743.75	20172.166015625	4204.33349609375	900.4166870117188	
869.9219970703125	1245506.75	14674.5	20256.333984375	3178.083251953125	1059.	
871.1699829101563	2952363.5	30843.25	25729.166015625	4388.41650390625	958.9166870117188	
872.4180297851563	1101506.5	7308.5	20732.833984375	5942.16650390625	858.6666870117188	
873.666015625	3983551.5	20757.5	20664.916015625	5214.33349609375	875.4166870117188	
874.9140014648438	1447751.25	23678.	19780.5	4212.58349609375	708.4166870117188	
876.1619873046875	1156024.	5606.	22446.166015625	3703.833251953125	967.1666870117188	
877.4099731445313	1178752.	10037.75	40047.66015625	7001.08349609375	767.	
878.6580200195313	2208737.	7108.	27393.666015625	6758.33349609375	1109.083374023438	
879.906982421875	2085157.5	6807.5	23063.5	14240.4169921875	950.4166870117188	
881.155029296875	1244082.375	4755.	20849.083984375	6967.75	733.5	
882.4030151367188	1227607.5	4254.	17859.416015625	4955.83349609375	950.4166870117188	
883.6510009765625	1078636.	21077.75	23075.333984375	5966.91650390625	808.6666870117188	
884.8989868164063	4060478.25	12973.5	20699.333984375	2543.916748046875	708.6666870117188	
886.14697265625	1117145.75	4855.	23626.25	3094.75	875.4166870117188	
887.39501953125	1057392.	4579.75	23198.083984375	5849.16650390625	817.	
888.6430053710938	2042438.125	17482.	16991.083984375	2126.833251953125	792.	
889.8909912109375	1235076.75	5431.	20265.5	3194.666748046875	1167.416625976563	
891.1389770507813	1120371.25	3904.	18168.583984375	2076.666748046875	625.0833129882813	
892.3870239257813	1074028.	6557.5	19956.166015625	2318.583251953125	742.	
893.635986328125	1197770.125	4680.	20691.916015625	2877.833251953125	808.75	
894.8839721679688	1108507.25	8235.	25071.083984375	2351.833251953125	850.4166870117188	
896.1320190429688	1403384.375	4179.25	34057.33203125	1918.25	716.9166870117188	
897.3800048828125	1243388.875	6707.75	20983.5	1926.416625976563	700.1666870117188	
898.6279907226563	1203976.875	4154.25	18945.333984375	3094.5	983.9166870117188	
899.8759765625	1348078.25	6407.25	20264.083984375	2360.333251953125	658.5	
901.1240234375	2618104.	8610.5	21035.333984375	2760.833251953125	658.75	
902.3720092773438	1284902.	5606.25	20297.833984375	2794.166748046875	867.	
903.6199951171875	1831084.	8260.	19412.583984375	2535.75	908.75	
904.8679809570313	1149448.	5155.5	21976.5	3278.166748046875	1159.	
906.1160278320313	1214508.5	5255.75	18026.416015625	3311.416748046875	850.3333129882813	
907.364990234375	1287616.625	8134.5	19996.916015625	2819.25	1108.916625976563	
908.6129760742188	1253546.	6782.5	20767.583984375	3745.583251953125	1025.5	
909.8610229492188	1387489.75	8661.5	21826.5	3227.916748046875	1284.083374023438	
911.1090087890625	1250953.	9738.5	20799.5	3954.5	1225.833374023438	
912.3569946289063	1297000.	9311.75	17375.083984375	2185.25	1092.333374023438	
913.60498046875	1404925.875	10289.75	19287.083984375	5389.58349609375	1317.666625976563	
914.85302734375	1622567.	6807.75	17925.833984375	2677.5	850.3333129882813	
916.1010131835938	1145325.375	6657.75	22489.25	2502.25	1225.833374023438	
917.3489990234375	1218816.	5155.25	22695.166015625	3127.916748046875	725.25	
918.5969848632813	2390717.25	4629.75	20623.583984375	3286.416748046875	741.9166870117188	
919.844970703125	1310963.875	6482.25	20330.666015625	3912.333251953125	767.	
921.093994140625	1487758.5	4954.75	20456.5	2293.416748046875	758.4166870117188	
922.3419799804688	2477032.5	5505.75	21408.833984375	2627.25	666.75	
923.5900268554688	1360664.125	12241.5	18928.	2327.	908.9166870117188	
924.8380126953125	1502868.25	6331.75	22035.333984375	3169.666748046875	1017.166687011719	
926.0859985351563	1277432.	12494.	19955.333984375	3545.083251953125	858.8333129882813	
927.333984375	1475350.75	6507.25	20180.416015625	5917.5	641.8333129882813	
928.5819702148438	1650607.125	10613.25	22787.	2518.833251953125	750.0833129882813	
929.8300170898438	2275127.	8109.5	21558.25	12073.0830078125	817.	
931.0780029296875	1820564.625	9411.5	20405.75	4129.41650390625	900.5	
932.3259887695313	1699243.625	9637.	22076.083984375	11168.1669921875	817.	
933.573974609375	1614266.625	10087.5	23830.	5864.91650390625	1008.833312988281	
934.822998046875	2326358.	11289.	28877.25	4654.83349609375	967.1666870117188	
936.0709838867188	2507828.75	15849.25	23245.833984375	9946.6669921875	1092.25	
937.3189697265625	1813234.75	50543.	26186.	8412.6669921875	900.3333129882813	
938.5670166015625	2214690.	177791.5	38845.16796875	6382.16650390625	992.1666870117188	
939.8150024414063	3604854.5	17401.	26587.25	6832.83349609375	983.8333129882813	
941.06298828125	1895808.875	31497.75	27363.75	9280.1669921875	983.8333129882813	
942.3109741210938	2897115.75	33863.25	34286.58203125	20017.583984375	1100.666625976563	
943.5590209960938	1775758.125	20105.5	41431.25	8577.1669921875	1100.666625976563	
944.8070068359375	1470912.25	25293.25	37337.83203125	7577.	1008.75	
946.0549926757813	2359395.25	32741.	34301.25	9646.75	850.4166870117188	
947.302978515625	2043227.875	26874.25	37733.75	6707.5	942.25	
948.552001953125	2428809.5	41205.	38009.75	31585.978515625	1042.083374023438	
949.7999877929688	2673120.	20457.	37272.75	4229.16650390625	917.0833129882813	
951.0479736328125	2139939.	32386.	43310.	7884.75	1484.416625976563	
952.2960205078125	2121864.	13493.	42340.	7425.83349609375	942.25	
953.5440063476563	2094041.	29649.25	44793.5	5030.33349609375	1033.833374023438	
954.7919921875	2609740.75	18151.	48708.58203125	5873.16650390625	992.0833129882813	
956.0399780273438	3687992.5	23462.5	46411.	6565.83349609375	1159.083374023438	
957.2880249023438	4805520.5	16823.75	53429.5	8310.4169921875	942.25	
958.5360107421875	2576582.5	33468.5	44162.75	4696.5	1075.666625976563	
959.7839965820313	2582550.	17852.25	59937.41796875	5172.16650390625	1367.5	
961.031982421875	2556775.5	27473.25	62995.5	6917.08349609375	1075.583374023438	
962.281005859375	3264622.25	16273.75	47098.58203125	11019.4169921875	892.	
963.5289916992188	2583030.	18280.	54078.83203125	4821.66650390625	1142.5	
964.7769775390625	2555943.75	17205.84375	55994.75	3611.833251953125	967.1666870117188	
966.0250244140625	3131435.	21337.75	54955.91796875	7362.5	1092.333374023438	
967.2730102539063	2579092.	19504.	41396.25	4037.5	950.5	
968.52099609375	2504337.75	10988.5	37776.91796875	5272.58349609375	983.8333129882813	
969.7689819335938	2292836.75	9912.	44848.33203125	2810.75	892.0833129882813	
971.0170288085938	2614625.75	9136.	39214.66796875	2669.083251953125	950.6666870117188	
972.2650146484375	2066947.25	8284.75	36071.41796875	2635.666748046875	883.9166870117188	
973.5130004882813	1887994.75	8284.5	40060.66796875	2835.916748046875	716.8333129882813	
974.760986328125	1874446.75	6182.	28216.916015625	2685.833251953125	817.	
976.010009765625	2087502.5	12266.5	34027.91796875	2510.5	775.25	
977.2579956054688	1771267.125	5481.	31849.583984375	2502.25	767.0833129882813	
978.5059814453125	1700036.75	21402.25	24766.25	2669.083251953125	808.6666870117188	
979.7540283203125	1924383.25	3778.5	26103.25	2085.	725.3333129882813	
981.0020141601563	1279632.	7484.5	30056.5	1517.666625976563	833.75	
982.25	1278619.	8860.5	28650.416015625	1859.833374023438	625.25	
983.4979858398438	1285602.	3578.5	23934.083984375	2302.	858.6666870117188	
984.7459716796875	1146802.	7634.75	23007.666015625	4088.083251953125	850.4166870117188	
985.9940185546875	1514812.5	3854.	20857.083984375	1701.25	666.8333129882813	
987.2420043945313	1249587.625	3378.25	18903.083984375	1542.75	783.5833129882813	
988.489990234375	1271606.625	3603.5	17833.833984375	1551.166625976563	750.1666870117188	
989.739013671875	1169640.	3879.	17199.583984375	1601.166625976563	817.	
990.9869995117188	1168699.5	2702.5	36807.91796875	1384.333374023438	566.75	
992.2349853515625	993420.	3979.	16163.9169921875	1501.	583.5	
993.4829711914063	1104592.	3203.25	17550.166015625	1400.916625976563	766.9166870117188	
994.7310180664063	1018220.	2251.75	16924.166015625	1934.833374023438	742.	
995.97900390625	1442921.5	4079.	19498.25	1676.25	641.8333129882813	
997.2269897460938	954752.	2327.	16155.5830078125	1225.75	742.0833129882813	
998.4749755859375	1002744.	3278.25	15922.1669921875	1375.916625976563	525.	
