Trace for Mass:	Al27(MR)	Si28(MR)	Ca44(MR)	Fe56(MR)	S32(MR)
Resolution:	Medium	Medium	Medium	Medium	Medium
					
Time	Intensity	Intensity	Intensity	Intensity	Intensity
[sec]	[cps]	[cps]	[cps]	[cps]	[cps]

1.22000002861023	1784.75	967094.	216.6666717529297	1342.5	36821.91796875	
2.437999963760376	2085.083251953125	1036121.3125	266.6666564941406	1225.833374023438	36103.83203125	
3.655999898910523	1646.727294921875	993370.9375	158.3333282470703	1242.25	35585.58203125	
4.874000072479248	1510.272705078125	989833.625	183.3333282470703	1517.75	34599.91796875	
6.092000007629395	1501.090942382813	934553.625	391.75	1467.666625976563	35118.91796875	
7.309999942779541	1280.800048828125	942091.1875	550.0833129882813	2185.166748046875	39629.546875	
8.527999877929688	1651.199951171875	929251.1875	633.5	1526.166625976563	37384.36328125	
9.746000289916992	1428.272705078125	910233.1875	508.3333435058594	1459.5	38969.5	
10.96500015258789	1275.833374023438	871395.1875	1738.181762695313	5852.75	38196.69921875	
12.18299961090088	1420.900024414063	950517.1875	550.25	2093.416748046875	37254.19921875	
13.40100002288818	1481.199951171875	905927.125	7211.75	2026.75	37034.	
14.61900043487549	1621.300048828125	899188.4375	3947.25	3119.5	38760.1015625	
15.83699989318848	2775.818115234375	928402.6875	742.1666870117188	4146.5	39945.63671875	
17.05500030517578	1428.181762695313	881366.25	683.5833129882813	16710.75	36121.6015625	
18.27300071716309	1417.666625976563	885154.6875	658.5	7758.41650390625	36813.30078125	
19.49099922180176	934.	852112.	472.7272644042969	3611.833251953125	37014.3984375	
20.70899963378906	2591.333251953125	880173.3125	366.6666564941406	6385.33349609375	37014.19921875	
21.92700004577637	1367.583374023438	863809.75	2068.916748046875	4369.27294921875	37345.1015625	
23.14599990844727	1250.699951171875	870944.875	859.	2460.416748046875	35921.30078125	
24.36400032043457	10360.875	876727.125	383.3333435058594	2861.083251953125	37475.5	
25.58200073242188	1267.833374023438	873161.75	316.6666564941406	2660.666748046875	36261.69921875	
26.79999923706055	1127.909057617188	868665.3125	258.3333435058594	3019.583251953125	35449.80078125	
28.01799964904785	1150.75	887575.125	350.	8479.3330078125	37997.	
29.23600006103516	3212.363525390625	864831.125	1134.083374023438	9037.3330078125	38178.	
30.45400047302246	2886.5	881539.5625	5218.91650390625	24275.583984375	41166.69921875	
31.67200088500977	3922.181884765625	886799.125	2219.	26610.333984375	41419.	
32.88999938964844	2502.166748046875	887352.875	1818.25	30847.083984375	41157.30078125	
34.10800170898438	6032.5	897648.4375	3529.083251953125	81597.0703125	41448.3984375	
35.32699966430664	4287.91650390625	885704.875	7458.	32554.333984375	42955.30078125	
36.54499816894531	7239.	898306.6875	2483.9091796875	40620.75	40827.	
37.76300048828125	12412.0830078125	904261.3125	2893.636474609375	30425.416015625	60164.25	
38.98099899291992	6147.5	916571.5625	12835.4169921875	48180.65625	43183.	
40.19900131225586	2894.333251953125	918408.	1367.583374023438	26471.25	55286.4375	
41.41699981689453	6084.66650390625	911656.875	1901.666625976563	12200.	40715.6015625	
42.6349983215332	11086.7275390625	957348.4375	6529.41650390625	32861.546875	40632.36328125	
43.85300064086914	2260.166748046875	930719.125	9012.9091796875	10965.8330078125	38870.3984375	
45.07099914550781	1426.	909364.4375	18140.25	10706.8330078125	38919.80078125	
46.29000091552734	2468.75	922866.6875	764.	11777.8330078125	39653.1015625	
47.50799942016602	2265.636474609375	916598.25	918.8181762695313	19610.75	38268.6015625	
48.72600173950195	1209.083374023438	933607.125	875.4166870117188	4404.5	37786.6015625	
49.94400024414063	1746.818237304688	898820.4375	658.5833129882813	6942.5	38579.5	
51.1619987487793	14913.4541015625	913122.6875	2060.5	5297.5	38097.1015625	
52.38000106811523	2231.699951171875	909306.6875	458.3333435058594	5915.41650390625	37215.19921875	
53.59799957275391	3393.60009765625	889131.5625	409.1818237304688	8821.6669921875	36102.19921875	
54.81600189208984	2169.083251953125	909227.5625	566.8333129882813	7511.41650390625	36944.30078125	
56.03400039672852	1681.199951171875	911806.25	766.9166870117188	6301.	36573.	
57.25199890136719	5741.4443359375	875548.875	600.3333129882813	3753.666748046875	37986.69921875	
58.47100067138672	1100.666625976563	938602.75	9777.4169921875	3478.333251953125	37666.19921875	
59.68899917602539	1951.699951171875	915424.	3070.888916015625	18847.25	38620.19921875	
60.90700149536133	1401.	898085.4375	6173.2998046875	6475.	53043.5546875	
62.125	1479.	869777.75	567.	2652.5	37285.6015625	
63.34299850463867	1025.5	895621.75	454.6363525390625	2986.083251953125	35061.81640625	
64.56099700927734	964.0908813476563	882056.875	550.1666870117188	77496.53125	38238.69921875	
65.77899932861328	1050.583374023438	898393.75	441.6666564941406	2710.666748046875	38449.1015625	
66.99700164794922	1623.555541992188	882729.75	617.	5056.66650390625	36472.3984375	
68.21499633789063	1017.333312988281	944573.875	433.5	3169.666748046875	36934.1015625	
69.43299865722656	1260.900024414063	870832.	291.6666564941406	4062.833251953125	37325.5	
70.65200042724609	2291.111083984375	875504.	441.75	3044.416748046875	37947.3984375	
71.87000274658203	1290.900024414063	881552.875	308.4166564941406	4196.33349609375	37506.19921875	
73.08799743652344	1400.900024414063	895239.125	358.3333435058594	2151.75	36392.3984375	
74.30599975585938	2189.5	867671.125	283.3333435058594	2018.25	38347.8984375	
75.52400207519531	1278.555541992188	909478.1875	583.6666870117188	3562.083251953125	38278.6015625	
76.74199676513672	1156.111083984375	927832.9375	258.3333435058594	4371.58349609375	36764.1015625	
77.95999908447266	1160.699951171875	917600.	258.3333435058594	2452.333251953125	37756.80078125	
79.17800140380859	1693.166625976563	881406.25	700.4545288085938	3094.666748046875	36192.	
80.39600372314453	936.9091186523438	891310.25	308.4166564941406	2251.916748046875	36393.19921875	
81.61499786376953	955.0908813476563	898765.3125	333.3333435058594	2251.916748046875	37666.6015625	
82.83300018310547	830.4000244140625	880710.25	341.6666564941406	2518.916748046875	36722.80078125	
84.05100250244141	783.6666870117188	898701.3125	266.6666564941406	2710.666748046875	36924.30078125	
85.26899719238281	964.1818237304688	920250.125	266.6666564941406	2744.25	37255.30078125	
86.48699951171875	1340.900024414063	912585.75	375.	4045.833251953125	36492.80078125	
87.70500183105469	1164.45458984375	881679.125	275.	2385.5	37074.6015625	
88.92299652099609	1160.800048828125	911773.3125	316.75	2669.083251953125	36071.30078125	
90.14099884033203	1334.22216796875	890845.3125	183.3333282470703	4171.66650390625	38388.30078125	
91.35900115966797	854.9091186523438	867125.4375	316.6666564941406	3645.416748046875	35479.69921875	
92.57700347900391	970.5	871957.3125	233.3333282470703	2126.583251953125	37656.19921875	
93.79599761962891	1036.909057617188	872893.3125	308.3333435058594	3278.25	37576.3984375	
95.01399993896484	925.3333129882813	904179.5625	333.3333435058594	2468.916748046875	38769.30078125	
96.23200225830078	1821.400024414063	846640.875	333.3333435058594	2744.25	37675.69921875	
97.44999694824219	891.3636474609375	897099.5625	300.	2410.5	37986.6015625	
98.66799926757813	1060.699951171875	918883.8125	266.6666564941406	2026.666625976563	36913.8984375	
99.88600158691406	791.9166870117188	881726.25	450.1666564941406	2177.	36391.3984375	
101.1039962768555	1220.599975585938	916834.6875	333.3333435058594	2151.75	38959.80078125	
102.3219985961914	1080.699951171875	904063.125	258.3333435058594	1934.833374023438	38639.3984375	
103.5400009155273	1110.699951171875	903868.4375	425.	1918.	37475.5	
104.7580032348633	1270.900024414063	903931.5625	375.	2218.583251953125	37735.8984375	
105.9769973754883	990.5999755859375	882759.125	283.3333435058594	1450.916625976563	38228.1015625	
107.1949996948242	933.7777709960938	882587.5625	300.	3787.583251953125	37635.8984375	
108.4130020141602	950.5	905231.125	318.2727355957031	2961.333251953125	38408.30078125	
109.6309967041016	989.4444580078125	894590.25	418.2727355957031	2051.5	38227.5	
110.8489990234375	1000.599975585938	904305.75	233.3333282470703	1793.	36643.1015625	
112.0670013427734	1009.636352539063	897334.9375	917.4166870117188	2068.416748046875	37525.3984375	
113.2850036621094	1123.	874339.5625	275.	2043.25	37696.30078125	
114.5029983520508	910.4000244140625	888419.0625	241.6666717529297	2009.833374023438	37897.30078125	
115.7210006713867	1080.5	874294.25	800.5	107517.5	38589.30078125	
116.9400024414063	1155.090942382813	855025.75	308.4166564941406	2527.333251953125	37475.6015625	
118.1579971313477	970.5999755859375	870216.875	233.3333282470703	2109.916748046875	36733.5	
119.3759994506836	1145.111083984375	864072.875	325.0833435058594	1467.583374023438	37335.19921875	
120.5940017700195	1010.5	870832.	250.	1884.666625976563	38238.	
121.8119964599609	1210.800048828125	886902.25	183.3333282470703	1943.083374023438	37104.5	
123.0299987792969	1200.599975585938	874684.875	175.	1701.166625976563	36633.30078125	
124.2480010986328	864.0908813476563	877943.125	258.3333435058594	1659.666625976563	37816.8984375	
125.4660034179688	870.5	858227.5625	258.3333435058594	1526.166625976563	36793.69921875	
126.6839981079102	946.0908813476563	866128.	400.0833435058594	2936.5	37937.19921875	
127.9020004272461	1300.800048828125	887892.4375	283.3333435058594	1759.833374023438	36774.	
129.1210021972656	1270.900024414063	899746.6875	175.	2852.916748046875	37856.69921875	
130.3390045166016	900.4000244140625	902461.3125	550.0999755859375	1784.583374023438	38137.3984375	
131.5570068359375	1010.599975585938	914146.875	383.4166564941406	1868.083374023438	37506.19921875	
132.7749938964844	1220.800048828125	880869.3125	375.0833435058594	1584.583374023438	37205.1015625	
133.9929962158203	1091.54541015625	899918.25	516.8333129882813	1784.666625976563	37284.5	
135.2109985351563	1060.5	884391.125	375.1666564941406	1776.416625976563	39923.19921875	
136.4290008544922	990.5	880969.75	225.	1776.333374023438	39432.30078125	
137.6470031738281	1250.800048828125	894245.3125	491.75	1717.916625976563	37264.69921875	
138.8650054931641	967.1666870117188	885411.5625	358.3333435058594	1551.	38499.	
140.0829925537109	970.5999755859375	917546.6875	275.	2026.583374023438	39321.30078125	
141.302001953125	1073.363647460938	877394.6875	445.7272644042969	2443.833251953125	36271.6015625	
142.5200042724609	1334.333374023438	882664.875	483.5833435058594	2176.666748046875	36622.80078125	
143.7380065917969	1009.545471191406	899051.5625	300.0833435058594	2644.166748046875	37556.	
144.9559936523438	1340.900024414063	864802.6875	508.4166564941406	4459.54541015625	37616.19921875	
146.1739959716797	1490.	888529.75	316.6666564941406	3603.583251953125	39712.8984375	
147.3919982910156	1431.	872067.5625	325.	4313.	37757.	
148.6100006103516	1290.900024414063	862696.875	183.3333282470703	3319.916748046875	38679.1015625	
149.8280029296875	1120.699951171875	862139.625	582.0908813476563	2769.083251953125	36221.6015625	
151.0460052490234	950.5999755859375	883594.6875	200.	2552.416748046875	38588.19921875	
152.2649993896484	1240.900024414063	900116.4375	225.	2635.666748046875	38387.6015625	
153.4830017089844	1220.699951171875	891828.4375	375.0833435058594	2769.333251953125	37755.80078125	
154.7010040283203	883.8333129882813	883347.5625	300.	3303.166748046875	38208.19921875	
155.9190063476563	1281.	885868.4375	258.3333435058594	2101.75	37816.19921875	
157.1369934082031	1040.599975585938	873898.6875	241.6666717529297	2126.75	37896.69921875	
158.3549957275391	1190.699951171875	934134.	266.6666564941406	1709.666625976563	38198.	
159.572998046875	1100.45458984375	904472.	191.6666717529297	1868.	38588.8984375	
160.7910003662109	1000.5	911514.5	241.6666717529297	2043.333374023438	38328.19921875	
162.0090026855469	1346.45458984375	929634.625	433.5	1859.833374023438	37164.3984375	
163.2270050048828	1091.54541015625	932944.875	325.0833435058594	2518.916748046875	40203.30078125	
164.4459991455078	1456.555541992188	872769.75	375.1666564941406	11604.25	38117.6015625	
165.6640014648438	1010.700012207031	833614.375	316.75	2351.833251953125	37496.19921875	
166.8820037841797	1100.699951171875	902326.25	491.8333435058594	2785.916748046875	38348.69921875	
168.1000061035156	1451.	924022.375	316.75	2218.5	38568.6015625	
169.3179931640625	1150.900024414063	904135.125	308.3333435058594	3153.166748046875	38208.	
170.5359954833984	1110.599975585938	922947.5625	550.3333129882813	1584.416625976563	37806.19921875	
171.7539978027344	1080.599975585938	839865.1875	566.8333129882813	5935.91650390625	38428.6015625	
172.9720001220703	1155.272705078125	929704.	450.0833435058594	1926.5	39019.69921875	
174.1900024414063	1210.599975585938	901365.3125	617.	1943.083374023438	38508.30078125	
175.4080047607422	1160.699951171875	915999.125	341.75	2051.583251953125	38016.69921875	
176.6269989013672	1155.181762695313	899418.1875	372.7272644042969	3053.166748046875	37515.3984375	
177.8450012207031	1590.111083984375	880377.6875	358.4166564941406	3119.75	39802.69921875	
179.0630035400391	846.	901677.3125	391.75	3553.666748046875	39672.30078125	
180.281005859375	1150.599975585938	900216.875	375.1666564941406	2560.583251953125	38007.19921875	
181.4989929199219	1120.699951171875	845200.	266.6666564941406	1667.916625976563	38528.1015625	
182.7169952392578	1060.599975585938	904952.75	658.6666870117188	2911.166748046875	37826.6015625	
183.9349975585938	692.	906591.125	545.727294921875	2944.583251953125	38719.30078125	
185.1529998779297	1146.	925562.6875	550.0833129882813	2084.916748046875	38037.30078125	
186.3710021972656	1290.800048828125	899324.5625	408.4166564941406	5773.5	37726.19921875	
187.5899963378906	1228.090942382813	957828.4375	450.1666564941406	6148.75	42857.	
188.8079986572266	1601.22216796875	923464.375	416.8333435058594	8062.41650390625	38027.69921875	
190.0260009765625	1282.727294921875	890182.25	473.	14986.75	37856.3984375	
191.2440032958984	1040.599975585938	894651.5625	300.	8761.6669921875	38137.30078125	
192.4620056152344	1090.599975585938	889816.	375.0833435058594	14239.8330078125	37194.5	
193.6799926757813	1200.800048828125	848630.8125	208.3333282470703	5314.33349609375	36893.5	
194.8979949951172	1300.900024414063	892296.	283.3333435058594	6233.5	38288.30078125	
196.1159973144531	1361.	896452.4375	233.3333282470703	5798.16650390625	37746.19921875	
197.3339996337891	1209.727294921875	904641.75	308.3333435058594	7152.83349609375	38779.80078125	
198.552001953125	1120.599975585938	888694.25	366.75	10867.5830078125	36342.3984375	
199.77099609375	1330.900024414063	840827.625	333.3333435058594	5977.	37314.30078125	
200.9889984130859	1082.363647460938	846106.4375	208.3333282470703	2260.333251953125	38298.1015625	
202.2070007324219	1164.272705078125	911949.3125	225.	2360.5	37535.5	
203.4250030517578	1170.900024414063	828037.1875	241.6666717529297	4438.16650390625	37485.30078125	
204.6430053710938	1170.699951171875	893152.875	209.0909118652344	2268.666748046875	39030.6015625	
205.8609924316406	1080.5	975145.25	308.3333435058594	2418.75	37054.30078125	
207.0789947509766	920.5	897340.4375	250.	1617.833374023438	38728.80078125	
208.2969970703125	1291.818237304688	919643.5625	275.	2752.666748046875	37525.5	
209.5149993896484	1130.599975585938	897156.4375	216.6666717529297	1459.333374023438	37946.6015625	
210.7330017089844	990.5999755859375	911341.3125	216.6666717529297	2268.666748046875	38307.5	
211.9519958496094	1350.900024414063	930150.4375	181.8181762695313	1726.25	39541.1015625	
213.1699981689453	1110.800048828125	901785.75	350.0833435058594	1734.583374023438	37325.5	
214.3880004882813	1130.699951171875	859338.6875	275.	3262.083251953125	37565.69921875	
215.6060028076172	800.3636474609375	833074.375	250.	2076.666748046875	37686.5	
216.8240051269531	1080.599975585938	844324.375	216.6666717529297	1734.833374023438	38508.69921875	
218.0420074462891	1323.111083984375	933584.875	325.	1642.916625976563	38869.6015625	
219.2599945068359	1111.77783203125	862625.625	458.5	1726.416625976563	38538.80078125	
220.4779968261719	1330.800048828125	966676.5625	475.0833435058594	1893.166625976563	39501.3984375	
221.6959991455078	1034.	896861.3125	475.0833435058594	3479.166748046875	38157.5	
222.9149932861328	1073.45458984375	924193.75	391.75	1951.5	37645.19921875	
224.1329956054688	1371.	877744.	3642.818115234375	2635.833251953125	37876.30078125	
225.3509979248047	975.3333129882813	866725.625	308.3333435058594	2677.666748046875	37926.69921875	
226.5690002441406	1033.833374023438	907353.75	336.4545593261719	2018.333374023438	37154.5	
227.7870025634766	946.	1020886.25	400.	2260.25	40936.8984375	
229.0050048828125	1378.666625976563	915542.25	508.5833435058594	2151.916748046875	37756.	
230.2230072021484	1401.	828304.375	1075.833374023438	2685.75	37355.6015625	
231.4409942626953	1340.900024414063	838809.625	383.5	4304.58349609375	38297.8984375	
232.6589965820313	1255.45458984375	916111.125	366.75	2844.333251953125	39240.69921875	
233.8769989013672	2357.666748046875	960487.5	345.4545593261719	2402.083251953125	37274.8984375	
235.0959930419922	2011.599975585938	913804.4375	583.4166870117188	3203.166748046875	37826.	
236.3139953613281	2051.666748046875	930265.75	341.6666564941406	3044.416748046875	37244.30078125	
237.5319976806641	1737.636352539063	906382.125	375.0833435058594	2936.166748046875	38137.69921875	
238.75	1160.800048828125	916091.5625	1401.363647460938	2135.166748046875	39030.30078125	
239.9680023193359	1810.54541015625	1039173.4375	516.8333129882813	2343.583251953125	38628.80078125	
241.1860046386719	1646.818237304688	970925.	350.0833435058594	3854.166748046875	38307.	
242.4040069580078	1531.099975585938	835466.8125	508.5	3428.333251953125	39841.6015625	
243.6219940185547	1656.666625976563	921174.25	333.4166564941406	1901.416625976563	38178.	
244.8399963378906	1282.636352539063	848072.	363.6363525390625	2101.75	38689.3984375	
246.0579986572266	1320.800048828125	852384.3125	258.3333435058594	2343.833251953125	36452.1015625	
247.2769927978516	1290.900024414063	961796.0625	316.6666564941406	4255.08349609375	38418.30078125	
248.4949951171875	1237.	848005.625	391.8333435058594	1759.75	38167.6015625	
249.7129974365234	1491.	893752.	308.3333435058594	1818.	39000.6015625	
250.9309997558594	1080.599975585938	907517.3125	483.5833435058594	1643.	38468.	
252.1490020751953	1230.699951171875	899565.3125	241.6666717529297	2085.	38197.30078125	
253.3670043945313	1300.900024414063	881831.75	333.4166564941406	2911.333251953125	39069.8984375	
254.5850067138672	1356.555541992188	955718.25	250.	2577.333251953125	38128.	
255.8029937744141	1109.727294921875	932773.3125	216.6666717529297	2193.416748046875	38367.8984375	
257.02099609375	970.4000244140625	861684.8125	200.	2068.333251953125	38196.8984375	
258.239990234375	1228.090942382813	862263.5	208.3333282470703	1726.166625976563	38177.1015625	
259.4580078125	1721.400024414063	902016.875	558.6666870117188	2176.75	37585.1015625	
260.6759948730469	1330.800048828125	896445.3125	308.3333435058594	1768.083374023438	39160.6015625	
261.8940124511719	1250.800048828125	826610.	241.6666717529297	1793.083374023438	38759.6015625	
263.1119995117188	1182.636352539063	916253.3125	241.75	1834.75	38819.3984375	
264.3299865722656	1456.555541992188	893407.125	466.8333435058594	2201.916748046875	38669.19921875	
265.5480041503906	1160.5	909867.5625	425.0833435058594	1659.5	38037.	
266.7659912109375	1091.54541015625	845625.625	1593.5	2018.166625976563	37324.5	
267.9840087890625	1109.818237304688	910858.6875	266.6666564941406	1793.083374023438	37205.1015625	
269.2019958496094	1009.636352539063	915807.125	341.6666564941406	1809.75	38890.1015625	
270.4209899902344	1150.800048828125	916353.75	283.3333435058594	1734.583374023438	38328.1015625	
271.6390075683594	1067.333374023438	897486.25	183.3333282470703	1634.5	37476.19921875	
272.8569946289063	1140.5	887640.875	316.75	1851.583374023438	37656.1015625	
274.0750122070313	1260.900024414063	818663.625	250.	1576.166625976563	37535.80078125	
275.2929992675781	1300.800048828125	890503.75	241.6666717529297	1717.916625976563	39049.6015625	
276.510986328125	1070.5	881443.75	258.3333435058594	1684.416625976563	37936.30078125	
277.72900390625	1210.699951171875	902464.	341.8333435058594	1692.833374023438	38438.30078125	
278.9469909667969	1018.636352539063	880024.875	208.3333282470703	1843.166625976563	38046.19921875	
280.1650085449219	1140.800048828125	918408.875	191.6666717529297	1551.083374023438	38538.69921875	
281.3829956054688	1009.727294921875	900085.3125	325.0833435058594	1534.5	39712.3984375	
282.6019897460938	1260.900024414063	887059.5625	391.8333435058594	2427.416748046875	38307.3984375	
283.8200073242188	1200.77783203125	913316.4375	316.6666564941406	1826.666625976563	38518.5	
285.0379943847656	1130.599975585938	833812.375	218.1818237304688	1534.416625976563	39120.3984375	
286.2560119628906	991.3636474609375	868858.8125	408.5	2143.583251953125	38488.19921875	
287.4739990234375	1155.363647460938	838804.8125	308.3333435058594	1784.666625976563	37625.6015625	
288.6919860839844	1311.888916015625	850106.	375.0833435058594	1926.583374023438	36853.19921875	
289.9100036621094	1173.363647460938	828684.8125	216.6666717529297	1551.166625976563	37605.3984375	
291.1279907226563	1270.699951171875	851116.375	258.3333435058594	1284.083374023438	38959.6015625	
292.3460083007813	1025.416625976563	916222.25	272.7272644042969	1617.833374023438	38277.5	
293.5650024414063	1070.5	844680.8125	241.6666717529297	1801.583374023438	37996.69921875	
294.7829895019531	1401.	837763.1875	333.3333435058594	1534.416625976563	39591.5	
296.0010070800781	1060.599975585938	837740.	225.	1643.	37505.3984375	
297.218994140625	1075.583374023438	920525.3125	241.6666717529297	4772.66650390625	37324.19921875	
298.43701171875	1401.	839592.75	325.	2293.666748046875	38137.3984375	
299.6549987792969	1350.900024414063	848230.	341.6666564941406	1601.	37865.8984375	
300.8729858398438	936.727294921875	861835.1875	258.3333435058594	2218.583251953125	37053.69921875	
302.0910034179688	1209.083374023438	896647.125	300.0833435058594	1768.	36411.80078125	
303.3089904785156	1471.099975585938	842444.375	250.	1876.583374023438	37315.1015625	
304.5270080566406	1431.	857379.625	408.5	1784.666625976563	38308.	
305.7460021972656	1300.818237304688	903089.75	291.6666564941406	3671.	36723.30078125	
306.9639892578125	1255.45458984375	826974.8125	333.3333435058594	2760.833251953125	36492.30078125	
308.1820068359375	1337.272705078125	927568.875	541.8333129882813	1609.416625976563	38127.30078125	
309.3999938964844	1173.45458984375	846772.375	266.6666564941406	2285.333251953125	39491.19921875	
310.6180114746094	1092.416625976563	839300.375	466.9166564941406	4129.58349609375	38929.69921875	
311.8359985351563	908.8333129882813	917734.25	483.5833435058594	3528.583251953125	38568.5	
313.0539855957031	1036.909057617188	869456.	633.6666870117188	12844.5830078125	37685.80078125	
314.2720031738281	833.75	872014.0625	808.75	5581.5	37686.	
315.489990234375	1220.599975585938	868141.1875	725.25	6407.25	37495.6015625	
316.7080078125	1000.583312988281	837855.1875	925.5833129882813	5305.75	38267.5	
317.927001953125	2268.5556640625	842048.8125	4697.39990234375	16186.3330078125	38328.1015625	
319.1449890136719	1359.25	950080.4375	775.3333129882813	4922.25	39190.3984375	
320.3630065917969	1301.166625976563	866337.1875	950.5833129882813	4504.83349609375	39601.	
321.5809936523438	1083.916625976563	851214.	808.8333129882813	4780.16650390625	38819.	
322.7990112304688	1470.900024414063	915140.4375	808.75	4112.66650390625	39240.6015625	
324.0169982910156	1641.199951171875	904888.5625	1284.75	7543.58349609375	38649.1015625	
325.2349853515625	1468.	834163.625	625.25	4154.41650390625	38689.	
326.4530029296875	1309.909057617188	863905.625	363.7272644042969	2911.	38558.8984375	
327.6709899902344	1173.45458984375	857710.8125	518.272705078125	70396.5625	37626.19921875	
328.8890075683594	1445.555541992188	907246.8125	391.75	2627.416748046875	38278.19921875	
330.1080017089844	1220.900024414063	852473.1875	450.1666564941406	2535.5	37876.80078125	
331.3259887695313	1150.699951171875	849150.375	57583.91796875	2085.166748046875	38779.3984375	
332.5440063476563	1561.099975585938	855610.6875	984.0833129882813	3745.916748046875	39311.30078125	
333.7619934082031	1621.199951171875	896930.3125	341.6666564941406	8394.75	38247.69921875	
334.9800109863281	1155.272705078125	865997.1875	241.6666717529297	2235.25	38609.8984375	
336.197998046875	1220.699951171875	866045.625	200.	1651.25	38067.3984375	
337.4159851074219	1574.	947220.8125	363.7272644042969	2093.333251953125	39009.30078125	
338.6340026855469	1278.555541992188	860226.375	200.	1484.333374023438	37795.8984375	
339.8519897460938	2602.5556640625	972769.5625	200.	1801.416625976563	37776.19921875	
341.0710144042969	1237.090942382813	859014.	333.4166564941406	1818.083374023438	38909.69921875	
342.2890014648438	1140.800048828125	968477.3125	258.4166564941406	1642.916625976563	38869.30078125	
343.5069885253906	1150.800048828125	858056.	150.	1634.583374023438	38237.6015625	
344.7250061035156	910.5	935110.25	208.3333282470703	1617.916625976563	39049.69921875	
345.9429931640625	1280.800048828125	922914.	308.4166564941406	1576.	38638.80078125	
347.1610107421875	909.6363525390625	865657.1875	350.	2836.5	38889.3984375	
348.3789978027344	1160.699951171875	847617.625	241.6666717529297	1709.75	38468.80078125	
349.5969848632813	1090.699951171875	842860.8125	191.6666717529297	1734.5	38508.8984375	
350.8150024414063	1230.800048828125	856868.8125	254.6363677978516	1400.916625976563	39090.30078125	
352.0329895019531	1267.555541992188	848404.375	333.4166564941406	1434.5	37485.19921875	
353.2520141601563	1030.599975585938	823020.8125	233.3333282470703	1475.916625976563	38338.	
354.4700012207031	1009.636352539063	898495.125	527.5454711914063	1425.916625976563	38408.3984375	
355.68798828125	1010.599975585938	841692.	258.3333435058594	1417.666625976563	37434.8984375	
356.906005859375	1256.444458007813	883296.875	175.	1434.333374023438	38929.69921875	
358.1239929199219	1046.090942382813	848155.625	150.	1442.5	38819.5	
359.3420104980469	1140.699951171875	855554.8125	225.	1442.666625976563	38698.69921875	
360.5599975585938	1140.699951171875	831228.8125	233.3333282470703	1309.083374023438	38909.3984375	
361.7780151367188	1140.599975585938	854150.8125	166.6666717529297	1467.666625976563	41278.	
362.9960021972656	1070.5	832910.	191.6666717529297	1384.166625976563	37454.80078125	
364.2139892578125	1110.800048828125	961596.4375	308.4166564941406	1334.166625976563	38839.6015625	
365.4330139160156	1091.636352539063	862648.	166.6666717529297	1617.833374023438	39120.19921875	
366.6510009765625	1050.416625976563	845816.375	191.6666717529297	1559.25	37736.30078125	
367.8689880371094	982.3636474609375	818629.625	208.3333282470703	1492.833374023438	37144.5	
369.0870056152344	1310.900024414063	845029.1875	250.	1434.5	37505.3984375	
370.3049926757813	946.1818237304688	835892.	266.6666564941406	1442.666625976563	41531.63671875	
371.5230102539063	1190.699951171875	832410.8125	200.	1476.	39832.69921875	
372.7409973144531	1230.699951171875	894860.4375	150.	2886.083251953125	37886.6015625	
373.9590148925781	2183.727294921875	956466.6875	233.3333282470703	3036.166748046875	38198.	
375.177001953125	4605.41650390625	840729.625	216.6666717529297	3737.083251953125	37756.19921875	
376.39599609375	3413.300048828125	861043.625	200.	3294.916748046875	40324.30078125	
377.614013671875	2620.636474609375	839896.8125	208.3333282470703	3253.166748046875	37886.3984375	
378.8320007324219	2622.199951171875	848166.375	236.3636322021484	3336.416748046875	35307.453125	
380.0499877929688	2372.10009765625	918339.	175.	3161.416748046875	38538.6015625	
381.2680053710938	2862.60009765625	928896.875	216.6666717529297	3027.916748046875	38016.6015625	
382.4859924316406	2512.199951171875	848681.1875	291.6666564941406	2894.416748046875	36722.8984375	
383.7040100097656	2292.	856192.	166.6666717529297	2360.416748046875	38418.19921875	
384.9219970703125	2251.89990234375	866565.1875	191.6666717529297	2243.583251953125	38568.6015625	
386.1400146484375	2068.333251953125	866532.	225.	2811.166748046875	35716.2734375	
387.3580017089844	2229.181884765625	860842.	216.6666717529297	2452.083251953125	38418.	
388.5769958496094	1473.727294921875	841726.	200.	2836.083251953125	39089.6015625	
389.7950134277344	1551.099975585938	862607.625	175.	2043.5	36943.6015625	
391.0130004882813	1440.900024414063	861108.375	3414.75	2168.416748046875	38348.30078125	
392.2309875488281	1831.300048828125	855004.375	250.	1834.666625976563	39019.8984375	
393.4490051269531	1971.599975585938	910862.25	1009.25	1759.583374023438	38116.80078125	
394.6669921875	1471.	898807.125	491.75	1901.5	38317.69921875	
395.885009765625	1345.333374023438	907285.3125	316.6666564941406	1759.833374023438	39059.80078125	
397.1029968261719	1437.45458984375	858197.625	425.0833435058594	1701.25	38689.19921875	
398.3210144042969	1517.75	846515.625	333.4166564941406	1459.25	38017.5	
399.5390014648438	1646.818237304688	894054.25	200.	1759.75	38157.3984375	
400.7579956054688	1619.363647460938	901517.3125	383.4166564941406	1659.5	38237.8984375	
401.9760131835938	2124.	836810.	375.0833435058594	2026.666625976563	38388.8984375	
403.1940002441406	1861.5	868500.375	3928.333251953125	2201.833251953125	40494.8984375	
404.4119873046875	1871.300048828125	844625.3125	250.	1851.416625976563	38849.30078125	
405.6300048828125	2242.	902751.125	1438.875	1893.083374023438	38708.1015625	
406.8479919433594	2432.199951171875	901534.25	308.4166564941406	2418.833251953125	37956.80078125	
408.0660095214844	1228.090942382813	957809.875	433.4166564941406	1517.75	38267.6015625	
409.2839965820313	1571.199951171875	839674.375	2122.60009765625	1642.75	38939.8984375	
410.5020141601563	1290.800048828125	900193.75	241.6666717529297	1943.083374023438	38779.3984375	
411.7210083007813	1255.181762695313	843985.625	116.6666641235352	1751.25	37325.	
412.9389953613281	1182.54541015625	828357.1875	366.75	1984.916625976563	75598.015625	
414.1570129394531	1080.699951171875	840978.	233.3333282470703	1434.25	38377.69921875	
415.375	1240.699951171875	842567.625	266.6666564941406	1359.166625976563	38719.1015625	
416.5929870605469	1190.699951171875	831731.1875	318.1818237304688	1726.166625976563	38016.80078125	
417.8110046386719	1351.	934464.875	208.3333282470703	1509.333374023438	37695.5	
419.0289916992188	1340.900024414063	907643.5625	300.0833435058594	1634.5	37966.69921875	
420.2470092773438	1055.181762695313	914714.6875	283.3333435058594	1517.833374023438	38649.8984375	
421.4649963378906	1190.599975585938	844244.8125	917.4166870117188	2168.583251953125	37756.1015625	
422.6830139160156	1100.599975585938	859925.625	400.	1534.333374023438	37776.5	
423.9020080566406	1046.	840354.375	233.3333282470703	1275.666625976563	38237.19921875	
425.1199951171875	982.3636474609375	845872.8125	770.5	1267.416625976563	38699.6015625	
426.3380126953125	1082.272705078125	912875.5625	175.	1359.333374023438	39040.19921875	
427.5559997558594	1345.22216796875	842157.1875	141.6666717529297	1317.5	37916.69921875	
428.7739868164063	1018.818176269531	854941.1875	363.7272644042969	1209.	38287.1015625	
429.9920043945313	1160.800048828125	917508.1875	241.6666717529297	1426.083374023438	37204.3984375	
431.2099914550781	1240.599975585938	849503.1875	216.6666717529297	1425.916625976563	37686.1015625	
432.4280090332031	942.0833129882813	959836.875	183.3333282470703	1426.	38006.6015625	
433.64599609375	1230.599975585938	860247.1875	266.6666564941406	1476.083374023438	41278.69921875	
434.864013671875	1050.699951171875	870402.	1301.5	1601.166625976563	38348.19921875	
436.0830078125	1140.800048828125	845958.	166.6666717529297	1342.583374023438	40964.8984375	
437.3009948730469	1046.090942382813	852989.625	308.4166564941406	1467.75	37344.5	
438.5190124511719	608.5833129882813	850486.	316.75	1526.	38849.8984375	
439.7369995117188	1240.800048828125	918728.875	300.	1434.333374023438	39772.69921875	
440.9549865722656	1140.5	842741.1875	308.3333435058594	1309.25	38558.8984375	
442.1730041503906	1120.800048828125	942482.125	291.6666564941406	1517.833374023438	38107.	
443.3909912109375	1355.54541015625	913162.6875	258.3333435058594	1284.25	36723.3984375	
444.6090087890625	1170.800048828125	839434.	266.6666564941406	1325.916625976563	38368.1015625	
445.8269958496094	1160.800048828125	864754.	241.6666717529297	1442.75	41558.8984375	
447.0459899902344	1033.833374023438	937195.5625	1593.333374023438	1309.166625976563	38518.69921875	
448.2640075683594	1390.900024414063	841322.	233.3333282470703	1609.583374023438	37294.80078125	
449.4819946289063	1180.800048828125	856859.1875	375.0833435058594	1551.	38659.1015625	
450.7000122070313	1210.699951171875	852639.1875	258.3333435058594	1367.5	39481.3984375	
451.9179992675781	1300.800048828125	926990.9375	5934.4443359375	1242.583374023438	38067.19921875	
453.135986328125	1289.77783203125	854151.1875	11448.6669921875	1509.416625976563	38257.3984375	
454.35400390625	1551.166625976563	2489730.5	241.6666717529297	1375.75	37756.3984375	
455.5719909667969	1146.090942382813	839981.1875	381.9090881347656	1492.75	37976.69921875	
456.7900085449219	1228.090942382813	829662.375	375.0833435058594	1609.416625976563	36162.18359375	
458.0079956054688	1618.333374023438	851213.1875	325.0833435058594	1884.75	37816.30078125	
459.2269897460938	1591.199951171875	912596.125	250.	1576.25	37555.30078125	
460.4450073242188	1190.5	839928.375	3379.666748046875	1893.166625976563	39311.	
461.6629943847656	1323.	842672.8125	241.6666717529297	1384.333374023438	39601.80078125	
462.8810119628906	964.272705078125	842795.625	208.3333282470703	1434.166625976563	37345.30078125	
464.0989990234375	964.1818237304688	844986.8125	291.6666564941406	1417.583374023438	38428.3984375	
465.3169860839844	1628.45458984375	905192.875	125.	1300.833374023438	37725.8984375	
466.5350036621094	1290.800048828125	899476.4375	150.	1434.166625976563	37274.1015625	
467.7529907226563	1180.900024414063	833331.625	208.3333282470703	1692.833374023438	37685.69921875	
468.9710083007813	1045.111083984375	928785.75	341.6666564941406	1526.083374023438	38759.3984375	
470.1889953613281	1410.900024414063	834584.8125	241.6666717529297	1551.083374023438	44283.8984375	
471.4079895019531	927.6363525390625	836709.1875	750.6666870117188	2460.833251953125	43537.30078125	
472.6260070800781	1300.888916015625	844047.625	1181.099975585938	1584.5	37284.6015625	
473.843994140625	1221.	827791.1875	3197.416748046875	1384.416625976563	38668.3984375	
475.06201171875	1110.599975585938	838729.1875	316.6666564941406	1200.666625976563	39772.5	
476.2799987792969	1300.900024414063	852713.1875	730.2999877929688	2202.083251953125	38829.19921875	
477.4979858398438	990.5	849250.8125	236.3636322021484	1567.916625976563	39039.8984375	
478.7160034179688	891.3636474609375	910165.3125	341.75	1951.75	38057.30078125	
479.9339904785156	1027.818237304688	862010.	208.3333282470703	1642.916625976563	36521.8984375	
481.1520080566406	1350.699951171875	837508.8125	4846.72705078125	1450.916625976563	39351.1015625	
482.3710021972656	1330.800048828125	853491.625	283.3333435058594	1350.916625976563	37886.1015625	
483.5889892578125	1234.111083984375	843235.1875	400.1666564941406	1542.75	37555.1015625	
484.8070068359375	1330.900024414063	854412.	258.3333435058594	1576.166625976563	37314.69921875	
486.0249938964844	1190.800048828125	858301.1875	3832.583251953125	1417.583374023438	40183.1015625	
487.2430114746094	1055.272705078125	857451.1875	208.3333282470703	1684.583374023438	40816.36328125	
488.4609985351563	800.4166870117188	853445.625	333.4166564941406	1801.333374023438	37545.	
489.6789855957031	1450.900024414063	853530.	300.	10998.63671875	37654.80078125	
490.8970031738281	967.25	831640.8125	366.8333435058594	1843.25	38899.30078125	
492.114990234375	925.5	863271.625	18203.583984375	1567.833374023438	39742.5	
493.3330078125	825.4166870117188	860868.	218.1818237304688	2085.083251953125	42002.19921875	
494.552001953125	1082.363647460938	833508.	358.5	1492.666625976563	40573.8984375	
495.7699890136719	1271.	863932.8125	283.4166564941406	3061.916748046875	38267.5	
496.9880065917969	1330.900024414063	855075.625	225.	1542.833374023438	36810.2734375	
498.2059936523438	1219.	859336.375	258.4166564941406	2669.166748046875	35969.16796875	
499.4240112304688	1210.599975585938	843336.	450.25	1959.916625976563	37484.8984375	
500.6419982910156	1082.363647460938	919384.875	183.3333282470703	1509.416625976563	38197.6015625	
501.8599853515625	1410.900024414063	865558.25	341.75	1617.916625976563	38177.1015625	
503.0780029296875	950.5	834063.625	667.25	1442.666625976563	36913.5	
504.2959899902344	1037.090942382813	910788.4375	266.6666564941406	1634.583374023438	37936.69921875	
505.5140075683594	1260.800048828125	824105.1875	258.3333435058594	1426.083374023438	42252.3984375	
506.7330017089844	1200.900024414063	825745.625	1879.888916015625	1417.666625976563	37294.80078125	
507.9509887695313	1480.900024414063	861083.1875	2570.5	1559.5	41112.453125	
509.1690063476563	1230.900024414063	840865.1875	1459.916625976563	1567.833374023438	39280.5	
510.3869934082031	1091.54541015625	830812.8125	900.75	1350.833374023438	38689.3984375	
511.6050109863281	1100.727294921875	848832.	272.7272644042969	1501.083374023438	38638.69921875	
512.822998046875	1210.800048828125	912907.5625	236.3636322021484	1384.333374023438	38186.8984375	
514.041015625	958.8333129882813	862435.9375	7665.75	1375.833374023438	38387.30078125	
515.2589721679688	1080.699951171875	836723.625	183.3333282470703	1409.25	36582.30078125	
516.4769897460938	1091.54541015625	890520.875	1593.666625976563	1392.583374023438	37114.80078125	
517.6950073242188	1230.900024414063	853599.1875	341.75	1300.833374023438	38433.2734375	
518.9140014648438	1118.818237304688	840769.625	341.6666564941406	1801.416625976563	40737.19921875	
520.1320190429688	1150.699951171875	825084.8125	300.	1267.416625976563	39301.	
521.3499755859375	1667.888916015625	830436.8125	582.1818237304688	1701.333374023438	37495.	
522.5679931640625	1200.699951171875	926415.125	345.4545593261719	1359.416625976563	38879.	
523.7860107421875	1200.599975585938	838454.8125	608.6666870117188	1893.25	37093.8984375	
525.0040283203125	1117.25	849204.8125	1484.666625976563	1634.583374023438	38779.19921875	
526.2219848632813	1219.	900403.5625	300.	1509.583374023438	37495.30078125	
527.4400024414063	1109.	836225.1875	290.9090881347656	1442.583374023438	37157.	
528.6580200195313	2669.22216796875	910354.6875	408.5	1542.833374023438	38337.3984375	
529.8770141601563	1109.083374023438	848684.	316.6666564941406	1634.5	38317.8984375	
531.094970703125	1245.22216796875	907037.3125	400.	1317.416625976563	38678.3984375	
532.31298828125	1421.099975585938	851260.	300.	1409.25	39461.19921875	
533.531005859375	967.0833129882813	864734.8125	200.	2268.416748046875	37936.3984375	
534.7490234375	1067.22216796875	844563.625	316.75	1993.333374023438	36612.3984375	
535.9669799804688	1180.800048828125	841527.625	200.	2268.833251953125	37946.8984375	
537.1849975585938	950.4000244140625	863418.375	308.3333435058594	1868.083374023438	38829.30078125	
538.4030151367188	1200.699951171875	852778.375	341.6666564941406	1859.833374023438	38448.	
539.6209716796875	1170.800048828125	849779.1875	175.	1651.166625976563	46192.	
540.8389892578125	1210.699951171875	846437.1875	1351.666625976563	1484.25	37354.6015625	
542.0579833984375	1100.818237304688	921921.75	390.2000122070313	1584.5	38116.69921875	
543.2760009765625	1234.111083984375	895038.9375	163.6363677978516	1350.916625976563	38447.6015625	
544.4940185546875	858.8333129882813	837923.1875	820.5999755859375	1184.083374023438	37876.30078125	
545.7119750976563	1350.699951171875	828098.8125	341.6666564941406	1526.083374023438	39011.30078125	
546.9299926757813	1091.636352539063	854064.	341.6666564941406	1659.666625976563	38027.80078125	
548.1480102539063	1350.900024414063	844457.625	533.75	1601.083374023438	38478.69921875	
549.3660278320313	1140.699951171875	849538.	1128.181762695313	1709.583374023438	37233.8984375	
550.583984375	1200.699951171875	856664.375	250.	1684.583374023438	39862.30078125	
551.802001953125	918.6363525390625	917420.4375	200.	1634.5	37856.1015625	
553.02001953125	1140.699951171875	839834.375	383.5	1526.166625976563	38458.5	
554.239013671875	980.5	853946.8125	2478.833251953125	1492.5	37184.8984375	
555.4569702148438	1060.599975585938	915386.4375	1560.166625976563	1526.083374023438	38869.1015625	
556.6749877929688	1109.727294921875	853135.1875	116.6666641235352	1317.583374023438	37354.3984375	
557.8930053710938	1500.888916015625	836693.1875	266.6666564941406	1501.	38678.69921875	
559.1110229492188	1182.54541015625	842121.625	216.6666717529297	1300.833374023438	38910.1015625	
560.3289794921875	1100.583374023438	845891.1875	333.3333435058594	1476.083374023438	38478.19921875	
561.5469970703125	833.75	856105.625	12949.75	1767.916625976563	38026.8984375	
562.7650146484375	1473.727294921875	864860.375	250.	1426.	40183.80078125	
563.9829711914063	1140.699951171875	933087.125	350.0833435058594	1334.083374023438	40565.6015625	
565.2020263671875	1160.800048828125	931947.5625	381.8181762695313	1984.916625976563	37805.8984375	
566.4199829101563	3326.	865215.625	425.1666564941406	2185.25	37020.36328125	
567.6380004882813	1064.363647460938	851816.375	2353.416748046875	1234.166625976563	36563.63671875	
568.8560180664063	1291.727294921875	922952.	2119.25	1734.666625976563	38157.6015625	
570.073974609375	950.5833129882813	832292.8125	330.	1801.333374023438	40202.80078125	
571.2919921875	1731.300048828125	837057.625	275.	2076.75	38525.	
572.510009765625	1290.800048828125	823186.	633.75	1484.333374023438	39473.	
573.72802734375	1541.099975585938	840290.	316.75	1392.666625976563	38669.6015625	
574.9459838867188	1623.333374023438	874658.8125	458.5833435058594	1701.25	37364.69921875	
576.1640014648438	1831.5	905749.3125	275.0833435058594	1601.083374023438	39130.	
577.3829956054688	1300.888916015625	848362.	166.6666717529297	1392.583374023438	39733.19921875	
578.6010131835938	1389.888916015625	825239.1875	360.1000061035156	2302.	37886.8984375	
579.8189697265625	1245.111083984375	840646.	542.	2001.833374023438	37435.	
581.0369873046875	1434.333374023438	844088.375	500.3333435058594	1567.916625976563	37575.6015625	
582.2550048828125	1350.900024414063	827226.	1017.666687011719	1692.916625976563	38368.	
583.4730224609375	1082.45458984375	841140.8125	330.	1584.5	36221.80078125	
584.6909790039063	1200.555541992188	917232.	425.0833435058594	2185.166748046875	39150.19921875	
585.9089965820313	1191.636352539063	833343.1875	725.5833129882813	2260.25	36502.19921875	
587.1270141601563	1319.181762695313	840665.1875	241.6666717529297	1951.583374023438	40103.19921875	
588.344970703125	1320.900024414063	843360.375	1668.75	3044.75	38167.5	
589.5640258789063	1080.599975585938	827479.625	241.6666717529297	1792.916625976563	38879.3984375	
590.781982421875	967.0833129882813	835545.625	290.9090881347656	1668.	38037.1015625	
592.	964.0908813476563	924564.4375	350.0833435058594	1993.333374023438	38748.5	
593.218017578125	992.3333129882813	846192.	1426.75	1968.166625976563	36462.	
594.4359741210938	1130.599975585938	832041.625	166.6666717529297	1567.666625976563	43965.81640625	
595.6539916992188	867.0833129882813	835267.625	383.5	1451.	37254.8984375	
596.8720092773438	1160.599975585938	835996.375	354.6363525390625	1300.75	37024.30078125	
598.0900268554688	1209.818237304688	846921.1875	617.0833129882813	1642.916625976563	37545.19921875	
599.3079833984375	1164.363647460938	919776.	200.	1843.083374023438	41819.8984375	
600.5269775390625	1160.800048828125	852605.1875	408.5	1425.916625976563	38989.3984375	
601.7449951171875	1220.699951171875	847315.625	508.6666564941406	1609.5	39751.5	
602.9630126953125	1117.333374023438	844799.625	545.8181762695313	1659.666625976563	38759.80078125	
604.1810302734375	1130.699951171875	946089.5625	275.	1225.75	37445.3984375	
605.3989868164063	1042.083374023438	831405.625	509.2727355957031	1634.5	37876.69921875	
606.6170043945313	1091.636352539063	876558.25	416.8333435058594	1626.25	36913.1015625	
607.8350219726563	992.25	840335.1875	166.6666717529297	1434.333374023438	36812.8984375	
609.052978515625	1080.5	893616.	183.3333282470703	2953.	37876.8984375	
610.27099609375	1100.699951171875	820746.375	208.3333282470703	1425.916625976563	37436.	
611.489013671875	933.8333129882813	913646.25	233.3333282470703	1751.333374023438	37465.1015625	
612.7080078125	1046.181762695313	943041.25	241.6666717529297	1734.833374023438	36562.5	
613.926025390625	1010.599975585938	897439.125	183.3333282470703	1334.166625976563	37796.30078125	
615.1439819335938	1246.090942382813	906637.3125	1218.	1451.083374023438	37063.19921875	
616.3619995117188	3288.166748046875	829092.	250.	1342.5	38348.30078125	
617.5800170898438	1120.699951171875	835708.375	592.0833129882813	1451.083374023438	37003.3984375	
618.7979736328125	1137.090942382813	910793.75	227.2727203369141	1359.25	38438.1015625	
620.0159912109375	900.5	836130.8125	200.	1976.666625976563	37595.80078125	
621.2340087890625	1300.699951171875	856175.	5789.66650390625	1434.333374023438	38117.1015625	
622.4520263671875	3179.083251953125	840862.375	241.6666717529297	1367.5	38407.8984375	
623.6699829101563	1020.599975585938	810661.625	250.	1526.166625976563	37616.19921875	
624.8889770507813	1431.	833104.375	366.8333435058594	1509.333374023438	37976.3984375	
626.1069946289063	1300.900024414063	848218.1875	250.	1476.083374023438	38037.5	
627.3250122070313	1091.54541015625	836863.1875	1059.083374023438	1484.333374023438	37606.19921875	
628.5430297851563	933.9166870117188	926544.875	325.	1284.166625976563	38177.6015625	
629.760986328125	7345.75	925143.125	175.	1159.083374023438	39079.30078125	
630.97900390625	1040.599975585938	835928.	325.	1425.916625976563	38829.80078125	
632.197021484375	1046.	857568.	542.	1342.666625976563	37445.19921875	
633.4149780273438	1210.800048828125	836460.	300.	1559.5	38207.6015625	
634.6329956054688	1270.800048828125	848130.375	233.3333282470703	1359.166625976563	37645.69921875	
635.8519897460938	1380.900024414063	830112.8125	241.6666717529297	1451.	38949.8984375	
637.0700073242188	1108.916625976563	831570.8125	225.	1517.666625976563	37816.1015625	
638.2880249023438	1237.090942382813	827745.625	216.6666717529297	1442.666625976563	38167.19921875	
639.5059814453125	1120.599975585938	866502.1875	175.	1576.083374023438	36502.	
640.7239990234375	1000.636352539063	851916.375	125.	1442.75	38528.8984375	
641.9420166015625	1240.900024414063	842657.1875	210.	1267.333374023438	36235.91015625	
643.1599731445313	1110.699951171875	903624.	283.3333435058594	1359.333374023438	38169.453125	
644.3779907226563	1070.699951171875	894556.4375	316.75	1384.25	35830.6015625	
645.5960083007813	1209.818237304688	849388.375	133.3333282470703	1484.416625976563	37936.	
646.8140258789063	1250.800048828125	831566.8125	500.25	1400.916625976563	37846.19921875	
648.0330200195313	1073.363647460938	850468.8125	241.6666717529297	1392.583374023438	38347.1015625	
649.2509765625	1190.800048828125	832503.1875	266.6666564941406	1726.333374023438	38527.80078125	
650.468994140625	873.272705078125	947240.0625	200.	1534.5	38648.8984375	
651.68701171875	1400.800048828125	843694.	158.3333282470703	1793.	37174.3984375	
652.905029296875	1220.599975585938	823575.1875	325.1666564941406	2043.5	37535.3984375	
654.1229858398438	1178.555541992188	848268.8125	341.75	1409.25	37615.69921875	
655.3410034179688	1050.599975585938	842056.8125	175.	1400.833374023438	38187.3984375	
656.5590209960938	1345.22216796875	920005.3125	291.6666564941406	1476.	37324.5	
657.7769775390625	1082.363647460938	865228.375	216.6666717529297	1659.5	39381.1015625	
658.9949951171875	1267.555541992188	849644.8125	263.6363525390625	1918.416625976563	37856.19921875	
660.2139892578125	1323.111083984375	837012.375	300.	1459.25	37114.1015625	
661.4320068359375	1240.900024414063	901396.4375	175.	2869.416748046875	37234.5	
662.6500244140625	1310.800048828125	837138.375	208.3333282470703	1250.75	38237.6015625	
663.8679809570313	1711.199951171875	971968.875	225.	2085.	38307.1015625	
665.0859985351563	1280.900024414063	832711.1875	325.	1425.916625976563	38508.	
666.3040161132813	973.3636474609375	837934.375	266.6666564941406	2836.083251953125	39421.69921875	
667.52197265625	1623.444458007813	839965.625	263.6363525390625	2093.333251953125	36812.8984375	
668.739990234375	2113.	819020.375	150.	2485.583251953125	37565.80078125	
669.9580078125	1541.099975585938	846339.1875	275.0833435058594	2969.5	38077.80078125	
671.177001953125	2412.199951171875	897601.75	258.3333435058594	2718.916748046875	36983.69921875	
672.39501953125	1651.400024414063	834736.8125	291.	4004.416748046875	36833.6015625	
673.6129760742188	1892.45458984375	870891.	408.4166564941406	4262.66650390625	39412.1015625	
674.8309936523438	2892.699951171875	865533.625	316.6666564941406	3553.5	38037.69921875	
676.0490112304688	1510.181762695313	855688.	316.75	5773.66650390625	37716.6015625	
677.2670288085938	1961.599975585938	834824.8125	216.6666717529297	3103.	38368.1015625	
678.4849853515625	1464.54541015625	905343.	341.75	2301.833251953125	38790.1015625	
679.7030029296875	1961.699951171875	852080.8125	625.5	2852.666748046875	39340.69921875	
680.9210205078125	1382.727294921875	847076.8125	208.3333282470703	2251.916748046875	38417.30078125	
682.1389770507813	1291.54541015625	860248.	250.	2026.583374023438	37935.69921875	
683.3579711914063	1981.599975585938	866112.	250.	4013.75	38668.3984375	
684.5759887695313	1511.099975585938	913779.5625	383.5833435058594	2010.	38166.69921875	
685.7940063476563	1893.25	858146.375	327.3636474609375	2469.	37366.453125	
687.0120239257813	1237.181762695313	875012.125	191.6666717529297	3211.5	36653.1015625	
688.22998046875	1119.	860151.625	208.3333282470703	1943.25	38288.19921875	
689.447998046875	1461.099975585938	840108.375	283.3333435058594	2060.	38056.8984375	
690.666015625	927.727294921875	852906.25	309.0909118652344	2477.25	38878.6015625	
691.8839721679688	2141.800048828125	856448.8125	8630.	1501.083374023438	38247.6015625	
693.1019897460938	991.6363525390625	929053.3125	266.6666564941406	1576.083374023438	37816.30078125	
694.3200073242188	1140.699951171875	867356.	733.9166870117188	2335.416748046875	38829.69921875	
695.5390014648438	1073.363647460938	842999.1875	720.5	1325.833374023438	37194.80078125	
696.7570190429688	1127.818237304688	849388.	308.3333435058594	1709.666625976563	38207.5	
697.9749755859375	1351.	851208.8125	592.1666870117188	1492.583374023438	38387.8984375	
699.1929931640625	1240.699951171875	850356.	141.6666717529297	1876.666625976563	38658.3984375	
700.4110107421875	1751.300048828125	852136.125	233.3333282470703	1726.416625976563	38037.3984375	
701.6290283203125	1255.090942382813	926163.5625	658.75	1434.416625976563	37394.69921875	
702.8469848632813	1120.599975585938	862844.375	250.	1734.833374023438	39240.80078125	
704.0650024414063	810.4000244140625	843016.	675.3333129882813	1417.666625976563	41008.6015625	
705.2830200195313	1310.800048828125	875172.	325.	1442.583374023438	37595.8984375	
706.5020141601563	1120.699951171875	834284.8125	408.5	1451.083374023438	37575.69921875	
707.719970703125	1073.272705078125	845516.8125	225.	1617.75	37585.3984375	
708.93798828125	900.4166870117188	847986.375	208.3333282470703	1601.25	38116.80078125	
710.156005859375	3814.363525390625	860786.	533.5833129882813	39416.34765625	37164.	
711.3740234375	1060.599975585938	875576.375	850.75	1342.583374023438	38689.3984375	
712.5919799804688	1711.300048828125	856665.625	3745.199951171875	1025.583374023438	38127.30078125	
713.8099975585938	2827.875	867960.375	309.0909118652344	1693.	38247.1015625	
715.0280151367188	1137.090942382813	899402.5	291.6666564941406	3980.833251953125	37174.19921875	
716.2459716796875	910.2999877929688	835936.375	633.6666870117188	1209.083374023438	37515.3984375	
717.4639892578125	1100.599975585938	894169.75	309.0909118652344	1976.5	37244.69921875	
718.6829833984375	4473.4443359375	837994.	366.75	1534.416625976563	36272.18359375	
719.9010009765625	1290.800048828125	845065.625	350.	1576.083374023438	37334.8984375	
721.1190185546875	758.5833129882813	846616.375	500.25	1425.916625976563	47124.19921875	
722.3369750976563	1128.	840258.8125	425.1666564941406	1726.25	39240.3984375	
723.5549926757813	1050.5	852966.375	7492.72705078125	1467.75	40847.80078125	
724.7730102539063	5427.58349609375	842118.375	917.4166870117188	1592.833374023438	38057.19921875	
725.9910278320313	1340.900024414063	936285.25	475.25	1609.5	37314.30078125	
727.208984375	1009.636352539063	843678.	558.6666870117188	1517.75	38588.19921875	
728.427001953125	1391.	915231.125	830.5999755859375	1751.25	37716.5	
729.64501953125	1250.900024414063	932101.3125	258.3333435058594	1351.	39260.3984375	
730.864013671875	1291.727294921875	843842.375	75.	1484.333374023438	40034.81640625	
732.0819702148438	1300.900024414063	860642.8125	1376.25	1367.583374023438	39471.6015625	
733.2999877929688	1421.	865136.375	934.0833129882813	1459.333374023438	38497.8984375	
734.5180053710938	1360.900024414063	863018.375	1877.083374023438	1526.083374023438	42967.19921875	
735.7360229492188	1120.599975585938	950648.875	675.5	1501.166625976563	42976.6015625	
736.9539794921875	1250.599975585938	939356.4375	2110.75	1476.083374023438	41891.6015625	
738.1719970703125	1330.900024414063	894173.875	1342.916625976563	1943.166625976563	39702.69921875	
739.3900146484375	1601.22216796875	855954.	2478.333251953125	2135.166748046875	40596.	
740.6079711914063	1140.800048828125	854620.8125	3363.166748046875	1526.083374023438	42748.	
741.8259887695313	5471.375	849544.25	1509.666625976563	1751.25	42884.3984375	
743.0449829101563	1146.181762695313	974907.5625	2769.75	1551.166625976563	65151.69921875	
744.2630004882813	1290.599975585938	848100.8125	4096.83349609375	1459.25	71047.203125	
745.4810180664063	1200.699951171875	853296.8125	6367.41650390625	1826.5	44363.	
746.698974609375	1309.909057617188	983666.375	2494.583251953125	2535.666748046875	44007.8984375	
747.9169921875	1000.599975585938	885653.1875	10274.5830078125	2427.166748046875	48562.08984375	
749.135009765625	1264.54541015625	845956.375	12852.181640625	2184.916748046875	45612.36328125	
750.35302734375	1380.800048828125	918414.8125	5439.75	2936.166748046875	43558.	
751.5709838867188	1510.272705078125	868882.	6299.58349609375	1659.583374023438	41751.66796875	
752.7890014648438	1120.599975585938	861686.375	43452.1015625	2151.833251953125	54235.7265625	
754.0079956054688	1055.090942382813	857903.1875	3695.416748046875	3111.333251953125	63810.5	
755.2260131835938	1684.5	966274.6875	5349.	2493.916748046875	47833.	
756.4439697265625	1300.900024414063	861338.8125	14008.1669921875	1968.083374023438	52013.3984375	
757.6619873046875	1330.900024414063	865240.	8612.9169921875	2176.666748046875	32297.916015625	
758.8800048828125	1109.818237304688	859829.1875	9547.8330078125	2385.5	48279.5	
760.0980224609375	1280.800048828125	975642.0625	9429.75	2126.666748046875	54772.3984375	
761.3159790039063	1451.099975585938	855042.375	8847.3330078125	2819.416748046875	42461.5	
762.5339965820313	1180.699951171875	986878.5625	9416.75	2260.416748046875	40339.7265625	
763.7520141601563	1278.666625976563	863634.	3638.	1884.833374023438	45503.81640625	
764.969970703125	1273.636352539063	852102.9375	5281.58349609375	1801.333374023438	45778.5	
766.1890258789063	1000.666687011719	857196.	1317.916625976563	1692.75	52969.	
767.406982421875	1400.900024414063	875267.625	15929.7275390625	1876.5	39962.5	
768.625	1309.083374023438	876540.375	2378.083251953125	1526.	36957.08203125	
769.843017578125	1270.900024414063	1011364.	2452.5	1592.833374023438	40606.69921875	
771.0609741210938	1150.699951171875	856708.375	4672.66650390625	1834.833374023438	41137.19921875	
772.2789916992188	808.75	879241.625	3946.916748046875	1626.333374023438	39836.63671875	
773.4970092773438	1091.636352539063	899490.0625	984.1666870117188	2093.416748046875	40072.8984375	
774.7150268554688	1175.666625976563	883892.	967.5	6918.58349609375	42582.1015625	
775.9329833984375	1100.636352539063	886129.625	4957.5	1667.916625976563	46056.80078125	
777.1510009765625	1361.	857041.1875	2244.083251953125	1442.666625976563	40144.3984375	
778.3699951171875	1280.900024414063	883890.	2828.416748046875	1409.166625976563	46638.3984375	
779.5880126953125	1180.699951171875	859680.375	1334.666625976563	1275.916625976563	38428.69921875	
780.8060302734375	1180.900024414063	867015.625	542.	2034.833374023438	42221.5	
782.0239868164063	1651.099975585938	853477.1875	7764.58349609375	1592.916625976563	37825.80078125	
783.2420043945313	1501.099975585938	1035662.75	2068.666748046875	1826.416625976563	41681.19921875	
784.4600219726563	1370.800048828125	866268.	2694.5	1309.25	43345.80078125	
785.677978515625	1217.5	853350.375	4398.58349609375	1943.25	42985.1015625	
786.89599609375	1501.099975585938	885479.5	2202.666748046875	3687.583251953125	47901.19921875	
788.114013671875	1519.363647460938	974880.	1734.833374023438	2093.333251953125	40124.	
789.3330078125	1234.333374023438	857315.1875	1546.727294921875	2235.333251953125	39562.	
790.551025390625	1270.699951171875	858017.625	4197.91650390625	3471.333251953125	39250.30078125	
791.7689819335938	1881.5	901113.	5356.91650390625	1793.	38188.30078125	
792.9869995117188	1831.199951171875	875284.375	2035.166625976563	4288.	36273.08984375	
794.2050170898438	2141.800048828125	890149.8125	1310.181762695313	4947.91650390625	46714.6015625	
795.4229736328125	2547.727294921875	872313.1875	842.0833129882813	2360.333251953125	39070.3984375	
796.6409912109375	2181.699951171875	884148.75	3130.636474609375	2977.75	39180.69921875	
797.8590087890625	2110.083251953125	843928.8125	1109.083374023438	6994.75	42171.6015625	
799.0770263671875	2422.10009765625	954645.75	717.0833129882813	2785.75	45956.80078125	
800.2949829101563	3357.818115234375	958950.25	566.8333129882813	2927.916748046875	38447.80078125	
801.5139770507813	1971.5	940784.	2352.083251953125	3069.416748046875	37996.19921875	
802.7319946289063	2201.800048828125	894638.	1976.833374023438	2001.5	40023.5	
803.9500122070313	1968.666625976563	973293.8125	3630.	2218.583251953125	43375.8984375	
805.1680297851563	1951.699951171875	842701.1875	7179.25	4046.583251953125	41958.	
806.385986328125	1761.300048828125	856871.625	10548.1669921875	2218.583251953125	39622.	
807.60400390625	1521.199951171875	1107576.	4271.91650390625	3871.166748046875	47135.30078125	
808.822021484375	1634.5	858299.1875	908.75	1893.083374023438	39822.5	
810.0399780273438	1428.272705078125	868521.1875	2752.916748046875	1934.833374023438	40575.6015625	
811.2579956054688	1831.5	883779.1875	2694.333251953125	1684.583374023438	40468.19921875	
812.4760131835938	1420.900024414063	875200.8125	10313.4169921875	2085.083251953125	38157.19921875	
813.6950073242188	1926.583374023438	938381.3125	8371.75	1742.916625976563	39802.5	
814.9130249023438	2375.0908203125	876694.	1728.818237304688	1818.083374023438	38889.2734375	
816.1309814453125	1471.099975585938	947516.875	1059.	2001.666625976563	37765.80078125	
817.3489990234375	1337.181762695313	854190.375	1618.	1809.666625976563	37275.81640625	
818.5670166015625	1230.800048828125	876136.	1100.75	1559.583374023438	38633.453125	
819.7849731445313	1364.54541015625	852767.1875	1634.666625976563	1734.666625976563	39330.69921875	
821.0029907226563	1561.199951171875	851411.1875	2757.181884765625	1592.833374023438	38879.8984375	
822.2210083007813	1218.818237304688	858151.1875	3871.75	1993.5	39944.30078125	
823.4390258789063	1512.22216796875	877824.375	4054.833251953125	2110.166748046875	38959.1015625	
824.6580200195313	1136.909057617188	897515.75	1200.833374023438	1843.166625976563	60137.16796875	
825.8759765625	1412.	857389.1875	3934.300048828125	1851.416625976563	38930.3984375	
827.093994140625	1410.900024414063	897412.8125	2227.083251953125	1976.583374023438	43095.5	
828.31201171875	1128.090942382813	858612.375	7447.818359375	1768.	40143.6015625	
829.530029296875	1430.800048828125	967976.25	1267.666625976563	1567.75	41087.	
830.7479858398438	1350.900024414063	896844.9375	3862.666748046875	1350.833374023438	39762.80078125	
831.9660034179688	1190.900024414063	876967.625	1242.583374023438	2051.583251953125	41438.69921875	
833.1840209960938	1425.916625976563	887868.	2586.666748046875	1542.666625976563	38849.30078125	
834.4019775390625	1173.45458984375	889835.1875	1968.833374023438	1642.833374023438	45466.30078125	
835.6199951171875	1167.166625976563	871379.625	4766.	2602.75	38558.5	
836.8389892578125	1511.	884911.1875	3153.5	1951.666625976563	38188.36328125	
838.0570068359375	2129.	878556.375	3420.25	2619.	43871.1015625	
839.2750244140625	7199.	875142.8125	2895.	3954.	41277.6015625	
840.4929809570313	6857.7001953125	881124.8125	7444.	4245.91650390625	42460.19921875	
841.7109985351563	8302.	903642.	3003.25	4204.25	40334.6015625	
842.9290161132813	8470.	888268.8125	10670.4443359375	3954.083251953125	39572.3984375	
844.14697265625	8393.5	942646.875	3362.333251953125	7017.66650390625	37066.546875	
845.364990234375	11126.4443359375	867863.1875	2485.75	3628.416748046875	40776.30078125	
846.5830078125	14669.5	907382.8125	11436.1669921875	3970.666748046875	40484.69921875	
847.801025390625	9202.2724609375	877947.625	9556.9169921875	5539.5	43736.453125	
849.02001953125	7262.72705078125	1005878.	8045.58349609375	3503.25	37712.81640625	
850.2379760742188	8360.2998046875	950529.75	11319.3330078125	3495.	38719.	
851.4559936523438	7408.60009765625	909258.8125	7705.66650390625	27627.3203125	42722.1015625	
852.6740112304688	11356.5830078125	877724.8125	6776.25	2852.583251953125	38829.5	
853.8920288085938	8751.099609375	950272.125	4137.75	3394.916748046875	39731.8984375	
855.1099853515625	4229.16650390625	963223.125	4239.08349609375	2886.	42208.6015625	
856.3280029296875	4764.	861296.8125	3604.083251953125	2644.	45493.453125	
857.5460205078125	4434.60009765625	888762.375	2686.083251953125	3010.916748046875	38427.69921875	
858.7639770507813	6236.	900033.1875	4130.91650390625	2494.	39029.5	
859.9829711914063	3102.818115234375	863956.8125	3061.833251953125	1859.75	39983.1015625	
861.2009887695313	4144.2001953125	882900.8125	3212.181884765625	2101.666748046875	40235.69921875	
862.4190063476563	2882.60009765625	867278.8125	3087.083251953125	2126.833251953125	38498.5	
863.6370239257813	3169.5556640625	890984.8125	1576.083374023438	2652.416748046875	39030.5	
864.85498046875	3683.39990234375	961412.3125	3428.75	17497.583984375	39611.3984375	
866.072998046875	4345.2001953125	884716.	2193.5	3111.583251953125	46960.18359375	
867.291015625	2772.60009765625	968744.75	8090.41650390625	2168.416748046875	39620.8984375	
868.5089721679688	2385.583251953125	868993.625	1985.	2068.25	39081.63671875	
869.7269897460938	2392.10009765625	859087.625	2969.583251953125	1951.5	39260.5	
870.9450073242188	1846.818237304688	953811.9375	8900.9091796875	2018.25	41701.30078125	
872.1640014648438	2274.636474609375	1020816.5	2494.166748046875	1868.166625976563	42251.30078125	
873.3820190429688	2168.5	1021007.75	2360.416748046875	2794.333251953125	39809.36328125	
874.5999755859375	2482.199951171875	879991.1875	5379.63623046875	2410.416748046875	39289.8984375	
875.8179931640625	2047.	893056.8125	2894.583251953125	3061.333251953125	40976.19921875	
877.0360107421875	2402.	874473.1875	2652.5	4079.916748046875	39451.80078125	
878.2540283203125	3173.	910559.125	1534.583374023438	2176.75	38608.80078125	
879.4719848632813	2411.181884765625	887885.1875	1476.	2802.666748046875	37986.36328125	
880.6900024414063	1350.916625976563	903386.4375	1476.166625976563	1893.166625976563	38999.6015625	
881.9080200195313	1642.75	857873.1875	2594.083251953125	4162.75	38739.19921875	
883.1259765625	2357.77783203125	852314.8125	1734.666625976563	2752.5	37996.69921875	
884.344970703125	2772.60009765625	882758.5	1968.416625976563	3244.833251953125	40075.69921875	
885.56298828125	1559.5	870208.	3111.75	4105.16650390625	40113.3984375	
886.781005859375	4360.4443359375	878263.1875	2844.583251953125	2243.666748046875	39360.5	
887.9990234375	3724.199951171875	862644.	1526.083374023438	2685.75	38568.69921875	
889.2169799804688	2360.416748046875	889949.625	1637.636352539063	2143.416748046875	41408.3984375	
890.4349975585938	2402.0908203125	880729.625	1267.583374023438	2185.083251953125	38739.69921875	
891.6530151367188	1591.199951171875	865142.	2302.166748046875	1726.333374023438	39171.19921875	
892.8709716796875	2143.416748046875	937187.5625	8155.0908203125	2444.	39591.30078125	
894.0889892578125	1619.272705078125	882776.	900.3636474609375	1859.833374023438	39451.30078125	
895.3079833984375	1931.599975585938	948796.4375	1417.75	2210.166748046875	40455.5	
896.5260009765625	1646.727294921875	874508.375	1609.666625976563	2285.416748046875	39923.69921875	
897.7440185546875	1931.599975585938	880165.625	2803.25	3111.416748046875	39722.19921875	
898.9619750976563	1541.099975585938	925703.125	1618.083374023438	2827.5	40025.19921875	
900.1799926757813	1692.181762695313	863884.	3270.916748046875	2252.	37364.6015625	
901.3980102539063	1510.	1037150.1875	1334.416625976563	1809.666625976563	36462.6015625	
902.6160278320313	1571.199951171875	867743.1875	1067.416625976563	2126.75	43278.3984375	
903.833984375	1091.636352539063	901208.8125	4148.83349609375	2978.	37414.80078125	
905.052001953125	1471.099975585938	977261.3125	1901.75	1759.583374023438	40013.19921875	
906.27001953125	1481.199951171875	887196.8125	658.4166870117188	2068.333251953125	35825.7265625	
907.489013671875	1661.300048828125	896335.1875	783.5833129882813	2051.583251953125	39761.6015625	
908.7069702148438	1371.	876072.375	541.8333129882813	2118.5	40052.6015625	
909.9249877929688	1390.800048828125	881771.6875	725.3333129882813	3086.333251953125	37786.30078125	
911.1430053710938	1434.333374023438	871614.375	1075.916625976563	4781.	38518.1015625	
912.3610229492188	1319.090942382813	937980.3125	316.6666564941406	2377.	38828.8984375	
913.5789794921875	1910.54541015625	943206.25	1446.818237304688	2293.666748046875	40995.6015625	
914.7969970703125	7664.875	911106.375	1017.416687011719	8055.58349609375	38879.	
916.0150146484375	1851.583374023438	932780.375	1461.5	2585.583251953125	36674.08984375	
917.2329711914063	2592.300048828125	895353.625	2069.	2986.083251953125	38558.1015625	
918.4509887695313	2229.272705078125	915155.1875	5519.91650390625	3336.5	42848.30078125	
919.6699829101563	2922.800048828125	913000.8125	750.3333129882813	3536.75	38297.6015625	
920.8880004882813	3194.	908013.1875	550.1666870117188	3019.5	38367.19921875	
922.1060180664063	2752.300048828125	922837.875	1030.5	3662.083251953125	39018.8984375	
923.323974609375	1617.916625976563	910579.625	2580.4443359375	3461.583251953125	38669.3984375	
924.5419921875	2332.	929722.375	675.25	4054.666748046875	39180.19921875	
925.760009765625	2547.818115234375	941695.4375	808.75	4789.	38056.5	
926.97802734375	3662.416748046875	905786.375	541.8333129882813	2860.75	39140.6015625	
928.1959838867188	1893.25	1003358.375	472.7272644042969	3353.333251953125	40123.30078125	
929.4140014648438	1791.300048828125	895704.375	1451.333374023438	2218.416748046875	38578.30078125	
930.6329956054688	2031.599975585938	1001172.4375	1576.5	2652.416748046875	38247.80078125	
931.8510131835938	1234.166625976563	909479.1875	836.8181762695313	2602.333251953125	52567.3984375	
933.0689697265625	2382.10009765625	971357.3125	937.	2585.583251953125	37485.1015625	
934.2869873046875	2120.	910702.	1476.333374023438	3729.333251953125	39673.	
935.5050048828125	2051.699951171875	919836.8125	825.4166870117188	1934.833374023438	38668.8984375	
936.7230224609375	1774.181762695313	998488.125	1010.799987792969	1784.583374023438	38568.19921875	
937.9409790039063	1551.099975585938	914021.1875	466.75	1784.666625976563	37404.8984375	
939.1589965820313	2076.75	908140.8125	1118.909057617188	2035.	37725.80078125	
940.3770141601563	1801.444458007813	899539.1875	408.5	2101.666748046875	38308.1015625	
941.594970703125	1567.916625976563	944728.8125	591.1818237304688	1976.666625976563	37635.8984375	
942.8140258789063	1591.199951171875	904835.625	583.5	2560.75	38919.69921875	
944.031982421875	2031.699951171875	899977.625	500.1666564941406	2251.916748046875	37855.3984375	
945.25	2021.699951171875	967824.875	408.4166564941406	2126.666748046875	38828.8984375	
946.468017578125	2112.77783203125	972703.125	266.6666564941406	2452.083251953125	38629.5	
947.6859741210938	1270.800048828125	925817.625	391.75	1918.333374023438	37625.3984375	
948.9039916992188	1828.818237304688	969538.6875	341.75	1726.25	38839.6015625	
950.1220092773438	5152.22216796875	902420.	441.75	3011.083251953125	38247.5	
951.3400268554688	2542.199951171875	895483.625	870.5999755859375	2560.583251953125	37505.5	
952.5579833984375	1891.5	979245.6875	283.3333435058594	1659.583374023438	39490.8984375	
953.7760009765625	6611.66650390625	901630.8125	466.9166564941406	1943.083374023438	38869.69921875	
954.9949951171875	1979.333374023438	914227.625	416.6666564941406	1684.666625976563	39572.1015625	
956.2130126953125	1342.5	874660.375	266.6666564941406	1617.916625976563	36682.6015625	
957.4310302734375	1371.	884981.625	300.	1968.166625976563	39161.6015625	
958.6489868164063	1868.22216796875	893277.625	1735.5	2001.666625976563	38287.6015625	
959.8670043945313	1289.666625976563	890340.375	266.6666564941406	2001.75	37986.3984375	
961.0850219726563	1521.199951171875	918176.8125	2328.416748046875	2084.833251953125	38839.19921875	
962.302978515625	26907.01171875	905698.	692.0833129882813	1909.916625976563	37595.	
963.52099609375	1134.166625976563	1025935.6875	472.9090881347656	2110.	37304.80078125	
964.739013671875	1561.199951171875	965393.75	341.75	1959.833374023438	38708.30078125	
965.9580078125	1401.	914314.375	1401.166625976563	4406.08349609375	37103.69921875	
967.176025390625	1091.54541015625	986856.875	550.25	1626.166625976563	37575.6015625	
968.3939819335938	1250.699951171875	880340.8125	258.3333435058594	2444.	37064.19921875	
969.6119995117188	1300.818237304688	871705.625	216.6666717529297	1584.583374023438	36061.80078125	
970.8300170898438	1521.199951171875	877153.625	275.	1759.666625976563	36833.80078125	
972.0479736328125	1200.599975585938	878851.625	200.	1501.083374023438	37545.30078125	
973.2659912109375	1064.272705078125	871028.375	150.	1442.583374023438	38659.	
974.4840087890625	1125.666625976563	927224.875	350.	1717.916625976563	38106.8984375	
