Trace for Mass:	Na23(LR)	Mg25(LR)	Cu63(LR)	Pb208(LR)	Sn118(LR)
Resolution:	Low	Low	Low	Low	Low
					
Time	Intensity	Intensity	Intensity	Intensity	Intensity
[sec]	[cps]	[cps]	[cps]	[cps]	[cps]

1.25	912672.	1976.5	14244.	1501.	883.75	
2.497999906539917	874732.	2051.75	13868.25	1150.666625976563	675.25	
3.746000051498413	863124.	1851.5	14511.25	1934.916625976563	750.1666870117188	
4.99399995803833	870076.	1951.5	14360.8330078125	1484.333374023438	608.3333129882813	
6.242000102996826	889020.	2377.	16272.5830078125	3111.25	675.25	
7.489999771118164	1214436.75	2777.25	31208.666015625	3995.833251953125	600.	
8.73799991607666	1010608.	2727.5	39189.34765625	2835.833251953125	900.4166870117188	
9.986000061035156	998668.	3503.5	29296.083984375	3294.833251953125	967.25	
11.23400020599365	926060.	3978.75	32051.666015625	5297.83349609375	975.5	
12.48299980163574	1022632.	4955.	63820.96875	3770.25	842.0833129882813	
13.73099994659424	1118589.875	10614.25	44951.	6734.16650390625	875.5	
14.97900009155273	1175200.	8785.25	67205.5	6090.	875.5	
16.22699928283691	1393128.	12766.5	79350.3359375	6031.66650390625	1375.916625976563	
17.47500038146973	2051616.875	13495.421875	84180.5	8218.1669921875	1125.583374023438	
18.72299957275391	1426125.5	15621.25	81392.25	6532.33349609375	1175.833374023438	
19.97100067138672	1411280.	11865.	73459.6640625	5856.41650390625	1100.5	
21.2189998626709	1491496.	14018.5	58578.83203125	5172.25	1159.083374023438	
22.46699905395508	1394536.	9536.25	70735.9140625	4554.58349609375	1117.416625976563	
23.71500015258789	1363117.625	11991.25	71754.3359375	5865.	950.3333129882813	
24.96299934387207	1206376.	7233.	65666.	4262.58349609375	908.75	
26.21199989318848	1205208.	10813.5	70131.5859375	4546.5	833.8333129882813	
27.45999908447266	1142472.	5981.25	54425.58203125	4137.5	975.5833129882813	
28.70800018310547	1104210.875	4805.	67689.4140625	2685.5	867.	
29.95599937438965	1136071.75	4930.25	53860.91796875	4738.66650390625	1017.25	
31.20400047302246	1078088.	5505.75	58466.08203125	4788.5	683.5	
32.45199966430664	1129108.	5155.5	55977.58203125	5322.33349609375	916.9166870117188	
33.70000076293945	1105192.	5831.25	49546.5	3870.5	716.9166870117188	
34.94800186157227	1074396.	5605.75	47011.25	4446.08349609375	850.4166870117188	
36.19599914550781	1037184.	4004.25	96076.3828125	4479.66650390625	858.6666870117188	
37.44400024414063	1147125.375	4279.5	56844.66796875	3386.5	817.	
38.69200134277344	1003032.	5455.75	64906.	3728.5	733.5833129882813	
39.94100189208984	1022524.	4078.75	76095.	4346.16650390625	767.	
41.18899917602539	1024108.	3753.5	76605.609375	4412.91650390625	842.0833129882813	
42.4370002746582	1138652.5	5355.75	62235.25	3570.	650.25	
43.68500137329102	1224291.875	5581.	53101.66796875	5606.75	775.4166870117188	
44.93299865722656	1075232.	5405.75	44371.41796875	3603.5	767.	
46.18099975585938	1033804.	4980.25	47604.83203125	4087.5	700.25	
47.42900085449219	1172632.	4279.25	42059.16796875	4195.91650390625	800.4166870117188	
48.67699813842773	1144016.	4028.75	43798.08203125	4412.83349609375	792.	
49.92499923706055	1177155.5	4379.25	53148.75	5047.33349609375	917.0833129882813	
51.17300033569336	1293700.375	4279.5	33297.58203125	5598.33349609375	867.	
52.42100143432617	992700.	8435.	37145.	4863.41650390625	883.75	
53.66999816894531	1206239.125	3829.	33322.41796875	4246.	800.4166870117188	
54.91799926757813	1126606.375	6533.	32571.166015625	3778.666748046875	808.5833129882813	
56.16600036621094	1059424.	4054.	41712.83203125	5055.41650390625	775.3333129882813	
57.41400146484375	1118176.	3603.5	31355.	4479.5	758.6666870117188	
58.6619987487793	1065556.	4880.	35254.	4179.41650390625	792.	
59.90999984741211	1268200.5	4154.25	31709.583984375	4429.66650390625	850.4166870117188	
61.15800094604492	1052144.	4179.25	25759.333984375	7326.25	933.8333129882813	
62.40599822998047	1079396.	5005.5	44994.13671875	7467.75	650.0833129882813	
63.65399932861328	1290657.125	4004.	28441.583984375	3903.833251953125	808.6666870117188	
64.90200042724609	1097456.	4705.	34838.66796875	3762.083251953125	666.75	
66.15000152587891	1339315.875	4154.25	34864.33203125	4087.416748046875	666.9166870117188	
67.39900207519531	1006120.	3929.	27211.833984375	10580.25	741.9166870117188	
68.64700317382813	1222782.125	3678.5	24132.416015625	4922.08349609375	775.3333129882813	
69.89499664306641	1041956.	4379.25	20647.833984375	3278.166748046875	733.5833129882813	
71.14299774169922	980985.1875	3453.25	24415.	3194.666748046875	608.5	
72.39099884033203	1306158.25	2877.5	22787.25	4029.083251953125	858.8333129882813	
73.63899993896484	1073192.5	4028.75	21007.083984375	2752.416748046875	600.1666870117188	
74.88700103759766	1057392.	2952.5	34996.66796875	2702.333251953125	708.5	
76.13500213623047	1204599.	4529.5	19396.333984375	2352.	716.9166870117188	
77.38300323486328	1122905.625	5230.5	20741.666015625	2443.666748046875	758.6666870117188	
78.63099670410156	1142406.875	3453.5	23257.833984375	2368.5	625.1666870117188	
79.87899780273438	984684.	3128.	25614.666015625	2143.5	625.0833129882813	
81.12799835205078	1012664.	20477.75	18477.	3595.416748046875	775.25	
82.37599945068359	1037120.	3128.	16055.5	2201.75	650.25	
83.62400054931641	1195313.125	3002.75	17090.916015625	2135.	641.8333129882813	
84.87200164794922	1021040.	2477.	16347.9169921875	3445.083251953125	583.5	
86.12000274658203	959584.	2602.	33657.	2894.333251953125	842.0833129882813	
87.36799621582031	1200209.	7058.5	18017.583984375	2819.333251953125	675.25	
88.61599731445313	1092227.5	2652.25	18284.833984375	6443.	650.25	
89.86399841308594	1639335.25	3653.5	16882.333984375	2977.666748046875	975.4166870117188	
91.11199951171875	1016596.	4104.	22878.75	3436.75	758.5833129882813	
92.36000061035156	1007784.	5230.5	31784.25	4773.16650390625	750.3333129882813	
93.60800170898438	1038160.	14627.	17985.	3561.833251953125	992.1666870117188	
94.85700225830078	1028004.	4079.25	32566.25	2519.	725.1666870117188	
96.10500335693359	1191924.125	5806.25	22361.416015625	8938.6669921875	800.25	
97.35299682617188	1232279.5	4679.75	20657.25	2251.75	741.8333129882813	
98.60099792480469	956010.625	7383.75	17767.166015625	2660.75	566.75	
99.8489990234375	1032382.75	3903.75	18886.916015625	2393.666748046875	925.5	
101.0970001220703	1003100.	3353.	17926.166015625	2293.583251953125	675.1666870117188	
102.3450012207031	994040.	3328.	16038.9169921875	2126.75	725.25	
103.5930023193359	1027404.3125	3728.75	21096.166015625	2518.916748046875	608.5	
104.8410034179688	1732142.75	9237.	25936.916015625	2143.5	683.5833129882813	
106.088996887207	1017556.	4880.	15254.1669921875	2844.25	633.5	
107.3369979858398	1049270.375	5656.25	17191.	2368.833251953125	650.0833129882813	
108.5859985351563	1055083.625	2702.5	16539.916015625	2694.083251953125	650.0833129882813	
109.8339996337891	1212250.375	8761.25	15412.6669921875	2744.25	616.75	
111.0820007324219	951484.	7458.75	15771.75	2310.25	758.5833129882813	
112.3300018310547	1086654.625	6356.75	16097.25	5641.75	683.4166870117188	
113.5780029296875	2092880.75	5030.25	16915.666015625	2977.833251953125	616.8333129882813	
114.8259963989258	1023426.3125	8259.75	16439.833984375	3753.833251953125	550.	
116.0739974975586	978777.1875	76421.5	14961.9169921875	3804.166748046875	708.5	
117.3219985961914	1228384.125	10113.5	17742.5	5097.5	566.75	
118.5699996948242	1005016.	8159.75	16648.416015625	2435.333251953125	833.75	
119.818000793457	1041912.1875	26421.75	19228.916015625	2919.333251953125	775.1666870117188	
121.0660018920898	1045124.	7308.5	17533.916015625	3637.416748046875	658.5	
122.3150024414063	998624.	6132.	16423.166015625	2760.833251953125	691.8333129882813	
123.5630035400391	960080.	14375.5	17007.5	2035.	533.5	
124.8109970092773	1016158.3125	6357.	15972.0830078125	2235.333251953125	666.8333129882813	
126.0589981079102	1028648.	8311.	16840.583984375	3830.083251953125	666.9166870117188	
127.306999206543	1021596.	7183.75	18886.75	2185.166748046875	641.75	
128.5549926757813	994320.	6131.5	69484.7734375	2927.916748046875	525.0833129882813	
129.8029937744141	1024668.	6156.75	18268.5	3495.666748046875	741.8333129882813	
131.0509948730469	1030266.625	4054.	19170.	1851.416625976563	750.25	
132.2989959716797	945972.625	6281.75	18436.083984375	2402.25	725.25	
133.5469970703125	1036380.	4730.	17508.5	1859.833374023438	691.9166870117188	
134.7949981689453	963308.	4454.75	16848.75	1692.916625976563	683.5833129882813	
136.0440063476563	970932.	11290.25	18535.583984375	3445.083251953125	775.25	
137.2920074462891	983104.	5781.	17566.666015625	3478.416748046875	633.4166870117188	
138.5399932861328	993524.	9036.5	16598.833984375	4571.83349609375	666.8333129882813	
139.7879943847656	983032.	8885.75	16907.083984375	3636.916748046875	617.	
141.0359954833984	932164.	11990.75	17700.333984375	9394.5	817.1666870117188	
142.2839965820313	961260.	6031.75	18410.083984375	4087.5	725.25	
143.5319976806641	986640.	16225.25	15847.	3228.083251953125	666.75	
144.7799987792969	970588.	4629.5	19162.583984375	2877.666748046875	641.8333129882813	
146.0279998779297	970344.	5280.75	23887.166015625	3403.416748046875	625.1666870117188	
147.2760009765625	1039288.	14898.5	18602.083984375	3520.	625.1666870117188	
148.5240020751953	1021026.25	5580.75	15604.8330078125	2110.083251953125	733.6666870117188	
149.7729949951172	985584.	6407.25	16364.8330078125	1717.833374023438	558.4166870117188	
151.02099609375	1066636.	20248.	21735.416015625	2443.666748046875	600.0833129882813	
152.2689971923828	1148657.	4554.5	16924.083984375	2193.416748046875	625.0833129882813	
153.5169982910156	994828.	5280.75	25072.75	2352.083251953125	641.8333129882813	
154.7649993896484	945892.	5330.75	15621.5830078125	2569.	575.1666870117188	
156.0130004882813	977488.	6056.75	15905.4169921875	2043.25	775.1666870117188	
157.2610015869141	906879.25	5355.75	19883.333984375	1634.583374023438	616.8333129882813	
158.5090026855469	934580.	6006.5	16472.916015625	1868.083374023438	641.9166870117188	
159.7570037841797	959708.	5305.5	17308.083984375	2118.25	458.4166564941406	
161.0050048828125	962823.25	13770.25	22538.25	1859.75	683.5	
162.2530059814453	958420.	4754.75	14811.75	1959.916625976563	691.9166870117188	
163.5019989013672	1015337.4375	7408.	16748.5	1551.166625976563	633.5	
164.75	1738628.	12792.5	16005.5830078125	1859.666625976563	783.5833129882813	
165.9980010986328	996468.	30302.5	20799.916015625	2201.75	641.75	
167.2460021972656	1095817.875	41267.75	18243.666015625	2043.333374023438	717.	
168.4940032958984	998216.	23065.25	48063.7578125	2477.166748046875	591.9166870117188	
169.7420043945313	959896.	8510.	20281.916015625	1901.583374023438	575.0833129882813	
170.9900054931641	994948.625	14269.75	16356.25	1934.916625976563	641.75	
172.2380065917969	1034375.625	21611.5	16389.75	1684.666625976563	641.75	
173.4859924316406	943136.	8785.75	17925.75	1826.5	708.5833129882813	
174.7339935302734	1156483.375	7007.75	18521.	1767.916625976563	733.5833129882813	
175.9819946289063	946040.	10113.75	17099.416015625	3370.166748046875	700.1666870117188	
177.2310028076172	959368.	18803.75	17449.916015625	1684.583374023438	750.25	
178.47900390625	922932.4375	12591.25	19521.5	1809.5	566.75	
179.7270050048828	978800.	10063.	16648.5	2485.416748046875	650.25	
180.9750061035156	975652.	6958.5	15621.4169921875	2560.583251953125	900.4166870117188	
182.2230072021484	1004624.	5205.5	15638.	1918.166625976563	666.8333129882813	
183.4709930419922	986740.	12018.5	17892.416015625	1876.583374023438	616.8333129882813	
184.718994140625	964316.	5380.75	42440.73046875	2443.833251953125	725.1666870117188	
185.9669952392578	925277.8125	35721.25	16690.25	1868.25	441.6666564941406	
187.2149963378906	1020586.625	5581.	17091.	1818.	633.4166870117188	
188.4629974365234	920688.	4504.75	17208.083984375	2310.083251953125	800.3333129882813	
189.7109985351563	947572.	4204.5	15187.5	2243.5	758.4166870117188	
190.9600067138672	968960.	8235.	16414.583984375	2143.5	842.0833129882813	
192.2079925537109	930912.	3728.75	18135.166015625	1951.583374023438	700.25	
193.4559936523438	924888.	5956.5	22137.333984375	1401.	750.1666870117188	
194.7039947509766	1030606.875	8386.75	14310.9169921875	1709.666625976563	725.3333129882813	
195.9519958496094	939076.	5155.75	17007.25	1776.333374023438	783.6666870117188	
197.1999969482422	948048.	6382.75	16732.083984375	1784.583374023438	658.5	
198.447998046875	1103108.	6957.75	15905.5	1834.666625976563	833.5833129882813	
199.6959991455078	1011970.375	5630.75	24009.75	2352.083251953125	491.75	
200.9440002441406	940788.	3303.	16924.	1634.416625976563	608.4166870117188	
202.1920013427734	942848.	5205.5	16765.25	1617.833374023438	725.25	
203.4400024414063	933972.	5305.75	23991.5	1626.166625976563	733.5833129882813	
204.6889953613281	931456.	3478.25	17207.75	1909.75	650.25	
205.9369964599609	976762.375	6282.5	33184.85546875	1834.583374023438	683.6666870117188	
207.1849975585938	935333.375	3253.25	16080.5830078125	1350.916625976563	608.5833129882813	
208.4329986572266	959504.	3828.75	15321.	1342.583374023438	925.4166870117188	
209.6809997558594	924508.	3328.	16047.25	1467.583374023438	625.0833129882813	
210.9290008544922	1264430.25	4679.75	16598.416015625	1784.666625976563	725.3333129882813	
212.177001953125	992728.	13950.75	16306.0830078125	1668.	716.9166870117188	
213.4250030517578	986592.4375	2552.	17408.416015625	1592.75	733.5833129882813	
214.6730041503906	969036.	13797.25	16331.	1392.833374023438	758.6666870117188	
215.9210052490234	1085629.5	3203.	16105.6669921875	2519.	683.5	
217.1690063476563	973409.75	2902.75	16757.	1542.916625976563	833.6666870117188	
218.4179992675781	976684.	3428.25	16230.9169921875	2327.	566.8333129882813	
219.6660003662109	961808.	3253.	22804.416015625	1851.25	650.25	
220.9140014648438	935748.	5606.25	16088.8330078125	1726.25	558.5	
222.1620025634766	933776.	26484.5	17928.166015625	5843.75	625.1666870117188	
223.4100036621094	1013044.4375	5255.5	21338.	1467.666625976563	566.8333129882813	
224.6580047607422	993556.	6407.75	14861.8330078125	4672.75	733.5833129882813	
225.906005859375	925364.	4029.	16214.1669921875	1851.333374023438	683.5	
227.1540069580078	926724.	3828.5	14686.3330078125	1968.166625976563	658.5	
228.4019927978516	958156.	91514.8125	15821.9169921875	2719.166748046875	725.3333129882813	
229.6499938964844	1011004.	4930.25	15062.1669921875	1951.416625976563	716.9166870117188	
230.8979949951172	969088.	5005.	16748.75	2668.916748046875	650.25	
232.1470031738281	1004076.	12996.	17275.25	1826.5	775.1666870117188	
233.3950042724609	970536.	4805.25	16874.083984375	1759.833374023438	691.9166870117188	
234.6430053710938	987252.	4955.25	17116.583984375	2260.25	775.3333129882813	
235.8910064697266	946172.	5556.	17801.	1851.416625976563	758.5833129882813	
237.1390075683594	988400.	6357.25	15345.9169921875	1851.416625976563	666.75	
238.3869934082031	926732.	3528.25	15312.4169921875	2110.166748046875	566.6666870117188	
239.6349945068359	964944.	8236.	15462.8330078125	1551.166625976563	666.8333129882813	
240.8829956054688	917676.	2752.25	16815.666015625	1517.75	591.75	
242.1309967041016	945716.	3202.75	15462.75	1626.166625976563	733.5	
243.3789978027344	889672.	4805.	22075.916015625	1634.333374023438	700.3333129882813	
244.6269989013672	928804.	3553.25	14836.8330078125	1651.25	650.0833129882813	
245.8760070800781	1022835.	21531.75	15855.25	1759.666625976563	600.0833129882813	
247.1239929199219	936640.	2902.75	16807.5	3445.416748046875	716.8333129882813	
248.3719940185547	927016.	4204.25	16272.5830078125	1576.166625976563	750.25	
249.6199951171875	1055526.25	3753.75	17567.083984375	2051.75	583.5833129882813	
250.8679962158203	982336.	12446.25	16356.	1384.166625976563	733.5	
252.1159973144531	1102568.	3478.25	16439.5	2010.	742.1666870117188	
253.3639984130859	1007639.625	3453.25	14953.4169921875	1768.083374023438	817.0833129882813	
254.6119995117188	937288.	2877.5	17024.25	1434.25	616.8333129882813	
255.8600006103516	929288.	3828.75	18269.666015625	1484.333374023438	708.5	
257.1080017089844	908424.	3903.75	15429.6669921875	1701.166625976563	633.5	
258.3559875488281	927844.	2852.75	15312.5830078125	2010.	633.5	
259.6050109863281	1020304.5	3428.25	16407.	1634.5	650.25	
260.8529968261719	930220.	3228.	15554.5830078125	1584.416625976563	1000.583312988281	
262.1010131835938	930416.	2552.25	15905.3330078125	1676.333374023438	650.1666870117188	
263.3489990234375	943936.	3378.25	15329.4169921875	2093.333251953125	733.5833129882813	
264.5969848632813	931904.	3703.5	16464.583984375	1659.5	666.8333129882813	
265.8450012207031	943424.	3678.5	15830.1669921875	1325.916625976563	666.9166870117188	
267.0929870605469	941804.	4779.75	14402.6669921875	1959.916625976563	608.4166870117188	
268.3410034179688	938168.	5531.	15913.6669921875	1784.666625976563	741.8333129882813	
269.5889892578125	959544.	5931.5	32023.029296875	1501.166625976563	725.1666870117188	
270.8370056152344	985560.	3879.	15412.75	1692.916625976563	858.75	
272.0849914550781	976284.	3128.	26397.25	1934.916625976563	775.1666870117188	
273.3340148925781	914624.	3728.5	18036.333984375	1651.166625976563	566.75	
274.5820007324219	961796.	4354.25	22062.583984375	8027.	650.1666870117188	
275.8299865722656	965973.875	4304.25	18227.083984375	2318.666748046875	633.5	
277.0780029296875	955892.	6883.25	16757.	2402.083251953125	683.5	
278.3259887695313	940060.	4154.	19781.083984375	1634.583374023438	708.5833129882813	
279.5740051269531	923616.	41626.5	19500.25	2251.916748046875	683.5833129882813	
280.8219909667969	1343780.	4029.25	15629.9169921875	1726.333374023438	633.5833129882813	
282.0700073242188	1049387.125	5080.25	16941.25	1484.5	750.25	
283.3179931640625	977593.5	6006.5	18619.5	2126.833251953125	700.25	
284.5660095214844	952616.	5080.5	18051.583984375	1567.833374023438	792.0833129882813	
285.8139953613281	1094794.25	5005.5	16406.25	1809.75	641.9166870117188	
287.06298828125	943548.	6757.5	15830.4169921875	2594.333251953125	700.1666870117188	
288.3110046386719	933708.	5731.25	20540.25	1793.	750.25	
289.5589904785156	1065778.5	6857.75	17325.5	1985.	700.1666870117188	
290.8070068359375	927051.125	7483.5	18043.75	1718.	633.4166870117188	
292.0549926757813	947808.	5781.5	20585.	2126.666748046875	650.1666870117188	
293.3030090332031	984904.	7810.25	16790.333984375	1467.666625976563	591.8333129882813	
294.5509948730469	1896757.125	3703.5	15805.3330078125	2268.666748046875	691.75	
295.7990112304688	988047.875	5480.5	20160.	1893.166625976563	625.25	
297.0469970703125	943120.	7684.25	17776.083984375	1626.25	917.1666870117188	
298.2950134277344	930460.	77416.296875	15462.9169921875	2569.	583.4166870117188	
299.5429992675781	1437700.	6206.75	17968.583984375	1826.416625976563	666.8333129882813	
300.7919921875	919780.	23054.5	17475.416015625	1742.75	1459.416625976563	
302.0400085449219	1029877.3125	5856.25	15128.9169921875	1926.5	616.75	
303.2879943847656	947016.	7259.	22664.666015625	1851.25	625.	
304.5360107421875	905872.	21075.	15496.25	2343.666748046875	641.8333129882813	
305.7839965820313	939992.	5055.25	20300.833984375	3579.083251953125	550.	
307.0320129394531	1248082.	4980.25	18302.666015625	1726.25	975.4166870117188	
308.2799987792969	947292.	7107.75	15195.5830078125	1751.416625976563	700.0833129882813	
309.5280151367188	911164.	9312.25	14920.	5718.75	583.5	
310.7760009765625	897576.	3853.75	15087.1669921875	1993.25	641.9166870117188	
312.0239868164063	901284.	5230.25	15446.25	1642.833374023438	716.9166870117188	
313.2720031738281	1002992.	4054.	14970.1669921875	1843.	583.4166870117188	
314.52099609375	967096.	4254.25	14644.6669921875	1893.25	616.75	
315.7690124511719	919516.	3203.	14853.5830078125	2268.583251953125	700.1666870117188	
317.0169982910156	930820.	2727.25	15254.25	1609.416625976563	1300.833374023438	
318.2650146484375	903020.	3803.75	15454.5830078125	1526.083374023438	591.8333129882813	
319.5130004882813	1233889.75	3203.	15471.4169921875	1609.583374023438	691.9166870117188	
320.760986328125	950152.	6808.	16640.583984375	2744.5	616.8333129882813	
322.0090026855469	941844.	2877.75	15947.1669921875	1659.5	616.9166870117188	
323.2569885253906	891748.	3253.	14744.8330078125	1726.416625976563	716.9166870117188	
324.5050048828125	1335024.25	4404.75	16047.4169921875	1584.5	691.75	
325.7529907226563	910920.	3028.	15395.75	1242.333374023438	642.	
327.0010070800781	902248.	3378.25	15337.6669921875	1609.5	666.9166870117188	
328.25	906932.	6207.	15354.3330078125	1450.916625976563	591.6666870117188	
329.4979858398438	931512.	11168.5	15713.1669921875	1459.333374023438	658.5	
330.7460021972656	962760.	2702.5	14427.6669921875	1417.583374023438	608.5	
331.9939880371094	922020.	2552.25	15162.25	1776.416625976563	608.5	
333.2420043945313	951924.	2877.5	15421.1669921875	1442.666625976563	633.5	
334.489990234375	1076796.	3528.25	14795.0830078125	1300.833374023438	750.25	
335.7380065917969	909440.	2301.75	14452.75	1659.416625976563	725.1666870117188	
336.9859924316406	888028.	2252.	16039.	1351.	658.5	
338.2340087890625	986700.	2677.25	14819.9169921875	1392.583374023438	633.5	
339.4819946289063	900564.	2627.25	23365.833984375	1718.	658.4166870117188	
340.7300109863281	908824.	2452.25	28610.5	1259.083374023438	658.3333129882813	
341.97900390625	898044.	3253.	15320.9169921875	1325.916625976563	616.75	
343.2269897460938	962032.	2226.75	15153.9169921875	1851.333374023438	658.5833129882813	
344.4750061035156	942664.	2326.75	15370.9169921875	1417.75	583.5	
345.7229919433594	902280.	4229.25	15938.8330078125	1651.333374023438	775.25	
346.9710083007813	931316.	6332.5	15888.5830078125	1592.666625976563	625.1666870117188	
348.218994140625	917680.	4054.25	14427.6669921875	1559.416625976563	716.9166870117188	
349.4670104980469	923096.	3528.5	15229.	1701.25	633.5833129882813	
350.7149963378906	946924.	3803.75	16874.333984375	1301.	775.3333129882813	
351.9630126953125	895392.	3804.	15296.0830078125	1559.416625976563	725.1666870117188	
353.2109985351563	900884.	2552.25	16064.5830078125	1726.333374023438	700.1666870117188	
354.4590148925781	865843.	18267.75	17977.5	1467.666625976563	625.25	
355.7080078125	940004.	3778.75	15537.8330078125	1826.333374023438	658.5833129882813	
356.9559936523438	960860.	3954.	15496.1669921875	1684.583374023438	758.5833129882813	
358.2040100097656	984280.	2777.75	18831.166015625	1392.666625976563	541.75	
359.4519958496094	947564.	4229.25	16180.8330078125	1634.666625976563	808.5833129882813	
360.7000122070313	1041256.625	3928.75	17968.583984375	1542.833374023438	742.	
361.947998046875	922680.	2352.	15596.5	1334.25	716.8333129882813	
363.1960144042969	946996.	12918.75	16205.9169921875	2853.	650.0833129882813	
364.4440002441406	1989887.25	2902.5	21001.833984375	1350.75	758.5833129882813	
365.6919860839844	1073232.75	3628.5	20819.583984375	1834.916625976563	625.25	
366.9400024414063	999804.	6257.25	17358.416015625	1534.416625976563	483.4166564941406	
368.18798828125	988656.75	5080.5	17575.5	1676.25	775.25	
369.43701171875	996240.	3403.25	16974.	1626.083374023438	633.5833129882813	
370.6849975585938	1086009.75	3703.75	18661.333984375	1542.75	758.5833129882813	
371.9330139160156	967528.	5030.25	54580.421875	1692.833374023438	691.9166870117188	
373.1809997558594	978136.	4354.25	17875.75	1551.083374023438	775.25	
374.4289855957031	936640.	3278.	16932.5	1517.666625976563	650.25	
375.677001953125	973652.	3528.25	16999.	1584.5	591.75	
376.9249877929688	1001420.	3303.	17993.25	1367.666625976563	675.0833129882813	
378.1730041503906	987116.	4955.25	17500.	1809.75	766.9166870117188	
379.4209899902344	966512.	2602.5	17600.25	1667.916625976563	616.9166870117188	
380.6690063476563	953268.	3803.75	15930.3330078125	1576.25	750.25	
381.9169921875	954896.	3027.75	16222.8330078125	1592.833374023438	658.5833129882813	
383.1659851074219	964656.	3203.	15972.3330078125	1551.	708.5	
384.4140014648438	1012557.125	3979.	15613.25	1317.583374023438	700.1666870117188	
385.6619873046875	1089911.625	3578.5	18152.916015625	1367.583374023438	600.0833129882813	
386.9100036621094	884672.	9112.5	14703.0830078125	1459.416625976563	616.75	
388.1579895019531	1066294.625	3002.75	14836.8330078125	1576.166625976563	616.8333129882813	
389.406005859375	1023621.	2752.5	15755.1669921875	1467.75	783.5833129882813	
390.6539916992188	891296.	3137955.	14511.0830078125	1801.333374023438	641.75	
391.9020080566406	901844.	3453.25	17676.25	1659.5	683.4166870117188	
393.1499938964844	1028567.375	2477.	14594.5	1484.333374023438	633.5833129882813	
394.3980102539063	921620.	4354.5	14728.1669921875	1392.666625976563	650.25	
395.64599609375	965797.875	3002.5	14235.6669921875	1350.833374023438	625.1666870117188	
396.8949890136719	923200.	2552.25	14561.3330078125	1325.75	608.5833129882813	
398.1430053710938	943248.	2527.25	13584.5	1342.5	533.5833129882813	
399.3909912109375	903288.	2552.25	15229.	1409.166625976563	691.9166870117188	
400.6390075683594	868604.	4580.25	14920.25	1292.5	575.1666870117188	
401.8869934082031	969707.6875	2001.5	14335.8330078125	1459.416625976563	666.6666870117188	
403.135009765625	905628.	2452.	14461.25	1451.	817.	
404.3829956054688	900636.	2377.	14319.25	1559.333374023438	483.3333435058594	
405.6310119628906	897188.	2352.	14177.0830078125	1342.583374023438	575.1666870117188	
406.8789978027344	965684.8125	3753.75	14753.0830078125	1584.416625976563	725.25	
408.1270141601563	921392.	2652.25	15270.9169921875	1484.25	608.4166870117188	
409.375	931168.	2952.75	14761.5	1476.	608.4166870117188	
410.6239929199219	1096016.375	2001.5	14386.	1893.166625976563	700.1666870117188	
411.8720092773438	917844.	2051.5	13784.8330078125	1392.583374023438	791.9166870117188	
413.1199951171875	899376.	1876.25	14444.25	1642.916625976563	650.1666870117188	
414.3680114746094	889964.	2076.5	14719.9169921875	1643.	733.5833129882813	
415.6159973144531	909684.	1951.5	14527.6669921875	1584.5	633.3333129882813	
416.864013671875	909940.	2527.	14252.5	1259.083374023438	625.1666870117188	
418.1119995117188	889484.	2527.	14678.0830078125	1234.166625976563	558.4166870117188	
419.3599853515625	910600.	3378.25	14795.	1643.	733.6666870117188	
420.6080017089844	917672.	3628.5	14619.75	1434.333374023438	625.0833129882813	
421.8559875488281	894736.	2452.	14511.0830078125	1492.75	575.	
423.10400390625	1531676.	3428.	15162.3330078125	1509.333374023438	800.5	
424.3529968261719	874936.	2602.25	14678.0830078125	1359.25	550.1666870117188	
425.6010131835938	900476.	2026.5	14018.6669921875	1526.166625976563	616.8333129882813	
426.8489990234375	941341.5	2227.	14352.5	1551.25	725.25	
428.0969848632813	952763.4375	11093.75	15170.8330078125	1592.75	700.1666870117188	
429.3450012207031	1170772.75	3778.75	14369.25	1559.416625976563	875.3333129882813	
430.5929870605469	917452.	8387.5	14995.4169921875	1409.25	700.1666870117188	
431.8410034179688	1422216.625	2327.	14653.0830078125	1426.	741.8333129882813	
433.0889892578125	1211868.875	5481.25	14586.25	1501.083374023438	700.3333129882813	
434.3370056152344	1151194.875	3929.	14519.5	1559.5	658.4166870117188	
435.5849914550781	1015490.25	2251.75	15054.1669921875	1634.416625976563	708.5	
436.8330078125	1097967.	2627.25	15688.1669921875	1384.416625976563	666.8333129882813	
438.0820007324219	921148.	9663.	14511.1669921875	1417.5	625.0833129882813	
439.3299865722656	992298.1875	2276.75	15437.8330078125	1300.833374023438	650.1666870117188	
440.5780029296875	885740.	3153.	16031.1669921875	1626.166625976563	658.5	
441.8259887695313	899044.	2301.75	14569.5830078125	1501.083374023438	558.3333129882813	
443.0740051269531	894384.	9013.25	15387.75	1701.333374023438	600.0833129882813	
444.3219909667969	855756.	2452.25	17952.5	1509.166625976563	516.75	
445.5700073242188	860592.	2001.5	17299.833984375	1242.5	475.0833435058594	
446.8179931640625	873864.	2277.25	14861.6669921875	1309.166625976563	566.6666870117188	
448.0660095214844	944771.25	2226.75	13659.5830078125	1592.666625976563	741.9166870117188	
449.3139953613281	877732.	17365.75	15037.	1642.833374023438	541.8333129882813	
450.56201171875	1016857.125	2927.75	15621.5830078125	1651.333374023438	716.8333129882813	
451.8110046386719	890988.	3828.75	19324.833984375	1617.916625976563	633.4166870117188	
453.0589904785156	904824.	3378.25	15087.1669921875	1517.666625976563	691.8333129882813	
454.3070068359375	942668.	1926.5	17116.	1517.583374023438	666.8333129882813	
455.5549926757813	1846436.	3428.	16164.0830078125	1860.	758.5833129882813	
456.8030090332031	975029.75	5931.75	15087.25	1576.083374023438	583.5	
458.0509948730469	877992.	2277.	18269.25	1801.333374023438	641.8333129882813	
459.2990112304688	985860.	2252.	14853.1669921875	1576.25	733.6666870117188	
460.5469970703125	886648.	2527.	15220.8330078125	1576.166625976563	750.25	
461.7950134277344	1351788.125	3178.	15137.3330078125	1476.	692.	
463.0429992675781	987044.	2477.	21638.5	1426.	700.1666870117188	
464.2909851074219	943706.875	2101.75	14987.	1592.75	666.8333129882813	
465.5400085449219	892508.	2301.75	14669.75	1492.666625976563	741.8333129882813	
466.7879943847656	919200.	2577.	17919.5	1684.583374023438	600.1666870117188	
468.0360107421875	905880.	3528.25	14770.	1784.666625976563	591.75	
469.2839965820313	904096.	3303.	15053.5830078125	1676.083374023438	583.5833129882813	
470.5320129394531	910456.	3177.75	15062.0830078125	1484.25	791.8333129882813	
471.7799987792969	891672.	5782.	15345.8330078125	1392.583374023438	600.1666870117188	
473.0280151367188	948616.	3728.5	14878.4169921875	1601.166625976563	725.3333129882813	
474.2760009765625	935133.75	1901.25	14661.3330078125	1751.25	733.5833129882813	
475.5239868164063	894792.	6007.	14836.75	1617.833374023438	675.1666870117188	
476.7720031738281	908424.	2877.5	14385.8330078125	1576.166625976563	666.8333129882813	
478.0199890136719	985600.6875	7735.75	14828.5	1609.416625976563	733.5	
479.2690124511719	897764.	2427.25	15412.8330078125	1392.5	600.1666870117188	
480.5169982910156	1008677.1875	2276.75	15779.9169921875	1526.083374023438	766.9166870117188	
481.7650146484375	899076.	2652.5	14527.8330078125	1609.5	716.9166870117188	
483.0130004882813	892144.	2502.	14419.4169921875	1451.	650.1666870117188	
484.260986328125	911144.	2151.75	14427.6669921875	1576.166625976563	633.3333129882813	
485.5090026855469	1000337.4375	2151.75	15613.1669921875	1400.916625976563	616.9166870117188	
486.7569885253906	899208.	2627.25	14628.0830078125	1409.5	625.	
488.0050048828125	877500.	13100.25	14486.0830078125	1350.916625976563	533.4166870117188	
489.2529907226563	1049324.25	2702.25	14402.5830078125	1567.833374023438	616.8333129882813	
490.5010070800781	936644.	2327.	14311.	1534.416625976563	666.8333129882813	
491.7489929199219	882740.	1751.25	14436.	1334.166625976563	525.0833129882813	
492.9979858398438	881980.	2277.25	14377.6669921875	1626.166625976563	692.	
494.2460021972656	879720.	2652.25	13592.8330078125	1659.583374023438	616.75	
495.4939880371094	887808.	2126.75	14502.9169921875	1834.666625976563	658.5	
496.7420043945313	868120.	3728.5	14694.5830078125	1701.25	525.1666870117188	
497.989990234375	884624.	1926.25	14419.3330078125	1509.25	741.8333129882813	
499.2380065917969	950376.375	2101.75	14444.25	1676.166625976563	700.25	
500.4859924316406	874424.	3528.75	14544.6669921875	1476.083374023438	666.9166870117188	
501.7340087890625	900516.	2602.5	15012.	1542.75	633.4166870117188	
502.9819946289063	908396.	2827.5	14594.75	1434.25	716.8333129882813	
504.2300109863281	864276.	2351.75	15512.8330078125	1284.25	550.	
505.47900390625	883168.	2126.5	14077.1669921875	1592.833374023438	641.75	
506.7269897460938	919235.375	2151.75	14135.5830078125	1526.166625976563	633.5	
507.9750061035156	985272.25	2677.5	14962.	1609.416625976563	742.	
509.2229919433594	884004.	3253.	14803.4169921875	1576.333374023438	691.8333129882813	
510.4710083007813	861916.	2051.5	14987.	1484.416625976563	675.1666870117188	
511.718994140625	901028.	2277.	14461.	1200.666625976563	641.9166870117188	
512.9669799804688	886296.	2802.5	14294.3330078125	1576.083374023438	683.5833129882813	
514.2150268554688	1008269.125	2326.75	14961.8330078125	1642.916625976563	533.4166870117188	
515.4630126953125	914980.	2852.5	19032.083984375	1526.083374023438	633.4166870117188	
516.7109985351563	913996.	3203.	18671.166015625	1592.75	791.9166870117188	
517.958984375	880920.	2727.5	18687.333984375	1617.833374023438	675.0833129882813	
519.2080078125	945828.	2652.5	18168.833984375	1909.75	566.75	
520.4559936523438	931836.	2427.25	18828.333984375	1400.916625976563	608.3333129882813	
521.7039794921875	1155788.	3002.5	20264.5	1784.583374023438	750.1666870117188	
522.9520263671875	1100899.25	3153.	20013.333984375	1684.583374023438	666.75	
524.2000122070313	1424440.875	2602.25	18911.083984375	1851.5	633.5	
525.447998046875	1058034.625	3678.75	17583.416015625	1993.25	608.4166870117188	
526.6959838867188	4572987.	4980.5	17466.583984375	1617.916625976563	766.8333129882813	
527.9439697265625	991556.	2877.5	16848.916015625	2135.25	683.4166870117188	
529.1920166015625	926928.	2652.5	16064.0830078125	1692.75	558.3333129882813	
530.4400024414063	1593126.	7133.25	17191.416015625	1993.25	591.6666870117188	
531.68798828125	1024224.	7208.5	18802.5	1634.416625976563	683.4166870117188	
532.93701171875	953620.	3678.25	16272.75	1501.	583.5	
534.1849975585938	945972.875	3653.75	16364.4169921875	1584.583374023438	566.8333129882813	
535.4329833984375	964284.	3753.75	23424.	1642.916625976563	792.	
536.6810302734375	1004962.4375	1826.5	15588.1669921875	1868.083374023438	792.0833129882813	
537.9290161132813	1028773.0625	3203.	17041.833984375	1450.833374023438	750.1666870117188	
539.177001953125	1008979.8125	3653.5	15638.5	1676.25	691.8333129882813	
540.4249877929688	884752.	2352.	15671.6669921875	1576.166625976563	650.0833129882813	
541.6729736328125	902396.	3303.25	14903.5	1275.833374023438	850.3333129882813	
542.9210205078125	2832750.5	2527.25	14987.0830078125	1459.25	775.4166870117188	
544.1690063476563	903583.	2402.25	15638.3330078125	1584.333374023438	650.1666870117188	
545.4169921875	1006522.625	1951.5	56454.33203125	1492.666625976563	658.5	
546.666015625	954813.8125	2251.75	14419.3330078125	1375.916625976563	666.8333129882813	
547.9140014648438	879916.	2327.	14177.25	1551.	800.3333129882813	
549.1619873046875	923164.	4580.	15162.4169921875	2051.75	750.1666870117188	
550.4099731445313	892944.	2001.5	14394.3330078125	1893.333374023438	683.4166870117188	
551.6580200195313	875208.	2051.5	15012.0830078125	1767.833374023438	575.0833129882813	
552.906005859375	888668.	2251.75	14878.5	1576.	641.75	
554.1539916992188	864456.	2351.75	13768.1669921875	1567.666625976563	675.25	
555.4019775390625	889104.	2051.75	14060.3330078125	1667.833374023438	633.4166870117188	
556.6500244140625	861924.	4179.25	14469.5	1526.083374023438	708.5	
557.8980102539063	897964.	1801.25	14344.0830078125	1601.333374023438	625.25	
559.14599609375	872608.	1876.5	15504.5830078125	1534.416625976563	658.5	
560.39501953125	878224.	1926.25	14895.1669921875	1659.583374023438	650.1666870117188	
561.6430053710938	880668.	2527.25	14444.3330078125	1451.083374023438	558.3333129882813	
562.8909912109375	938449.125	2627.25	14652.9169921875	1459.333374023438	758.5	
564.1389770507813	942552.25	2702.5	15220.75	1501.083374023438	708.5833129882813	
565.3870239257813	908464.	5155.5	14903.6669921875	1584.416625976563	717.	
566.635009765625	1045441.	2477.	15212.5	1651.166625976563	700.0833129882813	
567.8829956054688	973072.375	2201.75	14853.4169921875	1384.25	541.75	
569.1309814453125	975948.	2577.	15062.25	1743.083374023438	666.8333129882813	
570.3790283203125	914688.	2677.	15254.1669921875	1559.416625976563	717.	
571.6270141601563	942160.9375	2151.5	14135.6669921875	1484.5	733.5833129882813	
572.875	878696.	2677.5	13985.25	1601.166625976563	583.5	
574.1240234375	911368.	2627.25	14427.75	1667.833374023438	783.75	
575.3720092773438	910076.	2752.5	14519.5830078125	1793.083374023438	591.75	
576.6199951171875	894920.	2527.	14144.	1476.166625976563	658.5	
577.8679809570313	886264.	2752.5	14552.9169921875	1951.5	500.0833435058594	
579.1160278320313	904360.	2502.	13693.1669921875	1551.	625.0833129882813	
580.364013671875	905348.	2227.	14193.9169921875	1617.833374023438	616.8333129882813	
581.6119995117188	948009.6875	1951.5	15195.6669921875	1692.916625976563	725.1666870117188	
582.8599853515625	902712.	2727.5	14937.0830078125	1526.	708.5833129882813	
584.1079711914063	1022665.	2177.	14336.	1509.416625976563	683.6666870117188	
585.3560180664063	1046699.3125	2877.75	15379.5	1534.333374023438	808.6666870117188	
586.60400390625	1006684.625	2627.5	13350.8330078125	1601.166625976563	716.9166870117188	
587.85302734375	929884.	1801.25	14244.25	1534.333374023438	675.1666870117188	
589.1010131835938	912912.	2777.25	14202.1669921875	1609.666625976563	458.4166564941406	
590.3489990234375	932888.	2877.25	14269.0830078125	1451.083374023438	900.4166870117188	
591.5969848632813	916556.	3904.	13576.1669921875	1642.75	758.6666870117188	
592.844970703125	938304.	3002.75	13609.5830078125	1709.583374023438	591.8333129882813	
594.093017578125	906212.	3002.5	14861.75	1476.	633.5833129882813	
595.3410034179688	928420.	3853.5	14945.3330078125	1843.	625.1666870117188	
596.5889892578125	900376.	2201.75	14661.75	1551.166625976563	741.9166870117188	
597.8369750976563	906268.	2151.75	14210.6669921875	1717.916625976563	625.1666870117188	
599.0850219726563	953508.	1701.	14686.4169921875	1642.75	666.8333129882813	
600.3330078125	1858163.5	2252.	15295.75	1451.	566.75	
601.5819702148438	1795689.5	1876.5	14218.9169921875	1551.166625976563	733.5833129882813	
602.8300170898438	927856.	2502.25	15012.0830078125	1326.	708.4166870117188	
604.0780029296875	911344.	2126.75	14619.4169921875	2026.75	708.5	
605.3259887695313	1196178.375	2201.75	14811.5	1809.75	625.0833129882813	
606.573974609375	932428.	2752.5	14352.5	1484.333374023438	625.1666870117188	
607.822021484375	886920.	2477.	14928.6669921875	1559.416625976563	525.	
609.0700073242188	894172.	2302.	15179.	1717.916625976563	575.0833129882813	
610.3179931640625	924392.	2126.75	15963.75	1659.666625976563	566.75	
611.5659790039063	1069659.25	2677.25	14970.25	1375.833374023438	633.5833129882813	
612.8140258789063	892684.	2076.75	15003.75	2335.333251953125	733.5833129882813	
614.06201171875	921992.	2151.75	15463.4169921875	1651.166625976563	658.5	
615.3109741210938	911111.375	2252.	14177.25	1576.083374023438	808.6666870117188	
616.5590209960938	901324.	1901.5	14511.25	1651.333374023438	708.5833129882813	
617.8070068359375	882380.	2276.5	14861.75	1960.	783.75	
619.0549926757813	915440.	2602.25	14419.5	1617.916625976563	583.4166870117188	
620.302978515625	921760.	3027.5	14636.3330078125	2318.75	566.6666870117188	
621.551025390625	914440.	2977.75	13985.25	1634.416625976563	533.3333129882813	
622.7990112304688	932997.4375	2327.	15079.	2443.916748046875	633.5	
624.0469970703125	879064.	2427.	14619.75	1476.	842.	
625.2949829101563	892536.	2652.25	16414.833984375	1759.75	758.6666870117188	
626.5430297851563	896260.	4129.25	14035.5	1592.833374023438	558.5	
627.791015625	936001.5	2377.	14519.4169921875	1442.666625976563	491.75	
629.0399780273438	1131904.	2502.	14628.	1401.	416.6666564941406	
630.2880249023438	874404.	8086.75	14953.5830078125	1659.583374023438	758.5833129882813	
631.5360107421875	865588.	2527.	13985.1669921875	1592.75	741.9166870117188	
632.7839965820313	872916.	4780.	14820.	2001.5	650.1666870117188	
634.031982421875	933574.4375	2126.75	14820.	1542.833374023438	500.	
635.280029296875	1088602.75	2352.	15195.75	1584.5	675.25	
636.5280151367188	889800.	2076.75	15070.5	1934.833374023438	625.0833129882813	
637.7760009765625	901568.	2702.5	14269.	1275.916625976563	658.6666870117188	
639.0239868164063	996012.	2302.	14527.8330078125	1776.5	658.5	
640.27197265625	920108.	2277.25	14653.0830078125	1834.75	591.8333129882813	
641.52001953125	927252.	3027.75	14903.5	1584.333374023438	558.5	
642.7689819335938	1045744.	3027.75	14970.25	1701.166625976563	700.3333129882813	
644.0170288085938	937820.	2051.75	15237.4169921875	1876.666625976563	700.25	
645.2650146484375	933580.	2301.75	15245.8330078125	2060.083251953125	625.1666870117188	
646.5130004882813	924576.	2652.25	14736.6669921875	1826.5	683.6666870117188	
647.760986328125	1045509.	2802.25	14928.5830078125	1634.5	700.25	
649.0089721679688	994864.	3003.	14744.75	1534.5	583.3333129882813	
650.2570190429688	930208.	2827.5	14594.5	2226.833251953125	675.25	
651.5050048828125	979680.	2827.5	13951.9169921875	2844.333251953125	650.1666870117188	
652.7529907226563	919656.	2552.25	14027.	1651.166625976563	666.8333129882813	
654.0009765625	926792.	2126.75	15638.1669921875	1601.	750.1666870117188	
655.2490234375	931428.	1901.5	14068.75	1517.75	658.4166870117188	
656.4979858398438	938336.	2552.25	14903.6669921875	1576.	600.0833129882813	
657.7459716796875	1308757.75	2277.	14744.9169921875	1576.083374023438	783.6666870117188	
658.9940185546875	921352.	3728.5	13776.5830078125	1751.416625976563	641.75	
660.2420043945313	933012.	1901.25	16398.166015625	1601.25	767.	
661.489990234375	983442.125	2852.75	15412.6669921875	1684.5	733.6666870117188	
662.7379760742188	961160.	2978.	13993.5	1417.75	758.5833129882813	
663.9860229492188	918782.4375	2277.	14402.5830078125	1943.25	650.0833129882813	
665.2340087890625	1051296.375	4454.75	15354.3330078125	1576.25	641.8333129882813	
666.4819946289063	973399.	2277.	14845.0830078125	1459.25	575.0833129882813	
667.72998046875	921404.	2702.25	14811.75	1592.833374023438	666.8333129882813	
668.97802734375	911232.	3403.25	14594.5	1759.583374023438	458.4166564941406	
670.2269897460938	892768.	2652.25	43440.89453125	1626.333374023438	550.	
671.4749755859375	914592.	3002.75	14761.5830078125	1667.833374023438	716.9166870117188	
672.7230224609375	892004.	2552.	14461.	2001.75	616.8333129882813	
673.9710083007813	885456.	1801.25	14778.3330078125	1434.25	625.1666870117188	
675.218994140625	886692.	2076.5	15037.	1676.25	466.75	
676.4669799804688	1029162.375	4279.25	15722.1669921875	1551.	633.5	
677.7150268554688	952692.	2101.75	14486.25	1342.666625976563	641.9166870117188	
678.9630126953125	943940.	2327.	15254.1669921875	1634.5	566.8333129882813	
680.2109985351563	1067048.875	2677.25	16147.5830078125	1609.5	666.75	
681.458984375	2165548.	3052.5	15663.1669921875	1709.666625976563	800.4166870117188	
682.7069702148438	1045813.625	3078.	16322.9169921875	1542.75	750.25	
683.9559936523438	942044.	2352.	15329.1669921875	1551.166625976563	725.25	
685.2039794921875	1017776.125	3428.25	15154.0830078125	1601.166625976563	691.8333129882813	
686.4520263671875	1144812.75	4930.5	15487.6669921875	1626.083374023438	633.5	
687.7000122070313	942460.	3603.5	15546.6669921875	1693.083374023438	666.8333129882813	
688.947998046875	1062998.25	2427.	15805.25	1701.416625976563	800.25	
690.1959838867188	1221772.	2752.5	17466.75	1509.333374023438	625.0833129882813	
691.4439697265625	1001920.	4379.5	15713.1669921875	1459.333374023438	650.0833129882813	
692.6920166015625	1002370.0625	2877.5	16464.583984375	1676.166625976563	708.5	
693.9400024414063	1025824.	6232.	20120.916015625	1559.416625976563	742.	
695.18798828125	1034224.9375	2076.75	16348.1669921875	2285.583251953125	800.3333129882813	
696.4359741210938	918564.	2552.25	16372.75	1759.666625976563	650.0833129882813	
697.6849975585938	1053060.25	3228.	15320.8330078125	1717.916625976563	858.6666870117188	
698.9329833984375	976904.	2777.5	15145.75	1651.25	750.1666870117188	
700.1810302734375	1055543.875	2201.5	15212.5830078125	1568.	625.1666870117188	
701.4290161132813	1350875.5	3027.75	15471.0830078125	1300.75	867.1666870117188	
702.677001953125	1093819.125	1876.25	16323.75	1692.916625976563	625.25	
703.9249877929688	1158701.	3453.5	14494.4169921875	1776.166625976563	808.6666870117188	
705.1729736328125	928540.	2326.75	15070.5830078125	1534.416625976563	892.0833129882813	
706.4210205078125	1002748.	2677.5	15429.3330078125	1275.833374023438	683.5833129882813	
707.6690063476563	1307516.	3127.75	14519.5	1618.	633.5	
708.9169921875	1050252.75	2301.75	15513.	1309.166625976563	691.9166870117188	
710.1649780273438	1022632.	2527.25	15187.3330078125	1559.5	875.4166870117188	
711.4140014648438	1104428.	3778.5	16256.1669921875	1792.916625976563	691.8333129882813	
712.6619873046875	940424.	2302.	15229.	1959.833374023438	742.	
713.9099731445313	1053642.625	2402.	18318.583984375	1893.	725.25	
715.1580200195313	950384.	3153.25	16456.416015625	1826.5	1275.75	
716.406005859375	1049654.375	2502.25	26720.5	2018.25	516.6666870117188	
717.6539916992188	951780.	2877.5	27476.416015625	1859.833374023438	691.9166870117188	
718.9019775390625	1446569.25	2652.25	15554.6669921875	1734.583374023438	783.75	
720.1500244140625	944180.	3779.	20834.75	1759.666625976563	616.8333129882813	
721.3980102539063	899979.875	2427.	15237.4169921875	2736.083251953125	625.25	
722.64599609375	1318544.	2076.75	17542.333984375	1417.666625976563	708.5	
723.8939819335938	995260.0625	1851.25	20919.75	1743.	658.5	
725.1430053710938	895592.	2777.5	20825.416015625	1734.666625976563	733.4166870117188	
726.3909912109375	1003209.625	3202.75	15128.8330078125	1801.5	716.8333129882813	
727.6389770507813	934544.	2727.5	15588.25	1551.166625976563	516.6666870117188	
728.8870239257813	922764.	2702.25	14719.9169921875	1984.916625976563	600.0833129882813	
730.135009765625	929820.	2026.75	15287.5	1584.416625976563	608.5833129882813	
731.3829956054688	906536.	2602.	15245.75	1709.666625976563	616.75	
732.6309814453125	898968.	2402.	14336.0830078125	1751.333374023438	750.25	
733.8790283203125	930472.	1701.25	15170.6669921875	1626.166625976563	566.75	
735.1270141601563	1003409.125	3828.75	14945.25	1526.083374023438	725.25	
736.375	911828.	4830.	16915.833984375	1667.916625976563	633.5	
737.6229858398438	985036.	6807.5	15137.1669921875	1684.5	742.	
738.8720092773438	946864.	7458.75	14962.0830078125	1742.916625976563	750.25	
740.1199951171875	963540.	8785.25	16858.416015625	1801.333374023438	716.9166870117188	
741.3679809570313	951817.75	6857.5	14828.4169921875	1826.416625976563	766.9166870117188	
742.6160278320313	921944.	127460.78125	14911.8330078125	1851.666625976563	741.9166870117188	
743.864013671875	1838282.75	8084.5	15095.5830078125	2310.583251953125	725.3333129882813	
745.1119995117188	900168.	6106.75	14711.4169921875	2076.666748046875	683.5	
746.3599853515625	979146.8125	6983.25	14444.25	1876.5	591.6666870117188	
747.6079711914063	894640.	5105.25	14761.5	1901.416625976563	683.5	
748.8560180664063	886972.	5806.25	15655.1669921875	2143.333251953125	508.3333435058594	
750.10400390625	906180.	8209.75	14285.9169921875	1884.833374023438	650.25	
751.3519897460938	906396.	4779.75	14319.0830078125	1584.416625976563	633.4166870117188	
752.6010131835938	906136.	8160.5	14210.5830078125	5794.	533.5	
753.8489990234375	975520.	3878.75	14452.6669921875	1692.916625976563	491.6666564941406	
755.0969848632813	906080.	3102.75	16105.8330078125	1984.916625976563	708.5	
756.344970703125	930828.	4329.25	14135.5	1667.833374023438	733.4166870117188	
757.593017578125	904324.	2827.25	14978.5	1617.75	641.9166870117188	
758.8410034179688	1425837.375	9286.75	14327.4169921875	2218.583251953125	575.1666870117188	
760.0889892578125	920884.	3353.25	15179.0830078125	1250.75	608.3333129882813	
761.3369750976563	922196.	3853.75	14385.9169921875	1551.333374023438	508.3333435058594	
762.5850219726563	908016.	2252.	14895.1669921875	1659.666625976563	550.0833129882813	
763.8330078125	984208.	3603.5	15638.1669921875	1884.833374023438	558.4166870117188	
765.0809936523438	955740.	5731.75	15421.25	1542.75	675.1666870117188	
766.3300170898438	985896.1875	3328.25	14711.6669921875	1534.416625976563	675.25	
767.5780029296875	971372.	3678.25	15797.0830078125	1584.5	566.6666870117188	
768.8259887695313	1041502.125	3202.75	14970.3330078125	1893.25	783.5833129882813	
770.073974609375	1217465.25	3353.25	15254.	1609.583374023438	708.6666870117188	
771.322021484375	905784.	3728.25	19448.5	1559.5	533.4166870117188	
772.5700073242188	931632.	3428.25	14444.3330078125	1192.416625976563	641.75	
773.8179931640625	1006824.	2527.25	15095.6669921875	1534.416625976563	683.5833129882813	
775.0659790039063	923348.	3102.75	14644.75	1501.	575.1666870117188	
776.3140258789063	903351.3125	3078.	15989.0830078125	1517.833374023438	867.0833129882813	
777.56201171875	960524.	4229.5	14553.	1417.75	583.3333129882813	
778.8099975585938	942204.	2051.5	14961.9169921875	1434.166625976563	767.	
780.0590209960938	915960.	2777.5	16717.166015625	1576.083374023438	675.3333129882813	
781.3070068359375	2406622.	2952.75	13843.3330078125	1768.166625976563	725.3333129882813	
782.5549926757813	935540.	1976.25	16925.083984375	1693.	608.5	
783.802978515625	901772.	2602.25	13743.25	1859.666625976563	875.4166870117188	
785.051025390625	902840.	2527.25	14444.4169921875	1684.666625976563	541.9166870117188	
786.2990112304688	1041214.9375	4780.	15629.8330078125	1509.25	641.75	
787.5469970703125	917636.	2502.25	15137.3330078125	1626.166625976563	842.1666870117188	
788.7949829101563	1072385.5	3027.5	16406.583984375	1359.333374023438	683.4166870117188	
790.0430297851563	939044.	2952.75	15254.3330078125	1542.833374023438	708.5	
791.291015625	1014444.	4004.25	13918.4169921875	1651.416625976563	691.8333129882813	
792.5390014648438	961850.	2752.5	15721.6669921875	1576.083374023438	842.	
793.7880249023438	1131444.	4129.	14369.1669921875	1667.916625976563	575.0833129882813	
795.0360107421875	978548.	5180.5	15229.1669921875	1484.416625976563	666.8333129882813	
796.2839965820313	964080.	2552.25	15546.3330078125	1534.333374023438	558.5	
797.531982421875	931464.	2326.75	16865.916015625	1676.25	625.1666870117188	
798.780029296875	1028828.75	2477.	15229.0830078125	1801.416625976563	733.5833129882813	
800.0280151367188	5124015.	2302.	15429.5	1784.666625976563	625.1666870117188	
801.2760009765625	927968.	4179.25	16456.333984375	1851.416625976563	600.0833129882813	
802.5239868164063	1210651.5	2902.5	15638.25	15221.6669921875	625.1666870117188	
803.77197265625	903692.	2176.5	15254.3330078125	1526.166625976563	691.8333129882813	
805.02001953125	1064921.625	3403.25	14845.	1426.	658.3333129882813	
806.2680053710938	907816.	2276.75	14519.5830078125	1643.	525.	
807.5170288085938	947572.	2452.	14269.0830078125	1567.75	708.5833129882813	
808.7650146484375	965477.375	2302.	16974.166015625	1467.583374023438	666.75	
810.0130004882813	934848.	2902.75	15154.	1559.416625976563	742.	
811.260986328125	976620.	6508.	14561.25	1359.333374023438	758.5	
812.5089721679688	1010277.25	2677.5	14335.75	1617.916625976563	608.5	
813.7570190429688	910860.	2427.25	16624.666015625	1359.166625976563	441.6666564941406	
815.0050048828125	5249101.	4680.	14686.5	1509.333374023438	583.3333129882813	
816.2529907226563	946476.25	2727.5	14569.5830078125	1292.5	708.6666870117188	
817.5009765625	2067997.5	2577.25	14135.5	1476.166625976563	658.5833129882813	
818.7490234375	881584.	2276.75	14010.25	1501.083374023438	483.3333435058594	
819.9970092773438	926646.9375	3853.75	13951.8330078125	1726.416625976563	675.1666870117188	
821.2459716796875	941087.5625	7509.75	14093.5	1701.166625976563	700.25	
822.4940185546875	975464.125	2327.	13784.6669921875	1476.083374023438	591.8333129882813	
823.7420043945313	890376.	2327.	14277.3330078125	1542.666625976563	566.75	
824.989990234375	5463267.	3052.75	14385.9169921875	1367.666625976563	658.5	
826.2379760742188	890960.	1826.25	14703.4169921875	1801.333374023438	625.1666870117188	
827.4860229492188	1022976.	2577.	15028.6669921875	1192.5	758.5833129882813	
828.7340087890625	954582.0625	3027.75	14311.	1509.583374023438	733.5	
829.9819946289063	1065515.5	6483.25	13426.0830078125	1701.25	650.0833129882813	
831.22998046875	852471.25	3253.	14661.4169921875	1242.416625976563	792.	
832.47802734375	963090.25	2702.25	14628.0830078125	1568.	591.8333129882813	
833.7260131835938	1092648.5	2276.75	14469.3330078125	1434.416625976563	767.	
834.9749755859375	891688.	2427.	15112.3330078125	1459.333374023438	608.5	
836.2230224609375	919412.	2727.5	14586.3330078125	1384.333374023438	783.5833129882813	
837.4710083007813	1159921.625	2702.5	14185.5	1442.75	591.75	
838.718994140625	1348587.5	4054.25	15170.75	1417.583374023438	591.75	
839.9669799804688	907064.	4079.	14419.3330078125	1576.166625976563	491.6666564941406	
841.2150268554688	929840.	2727.25	13784.8330078125	1509.333374023438	633.4166870117188	
842.4630126953125	961350.5	4154.25	15696.5830078125	1601.166625976563	750.3333129882813	
843.7109985351563	995176.	2276.75	14870.	1534.416625976563	808.5833129882813	
844.958984375	1003810.625	2377.	15237.5	1851.416625976563	742.	
846.2069702148438	935708.	2552.	14210.6669921875	1859.666625976563	600.0833129882813	
847.4550170898438	922598.5625	2577.25	15846.75	1718.	550.	
848.7039794921875	890658.3125	2702.25	14853.3330078125	1526.166625976563	650.1666870117188	
849.9520263671875	973181.5	2652.25	14962.1669921875	1426.083374023438	750.1666870117188	
851.2000122070313	898509.875	3503.5	14987.	1976.5	633.4166870117188	
852.447998046875	914768.	4154.25	14218.9169921875	1576.25	758.5	
853.6959838867188	949976.	4204.5	14728.4169921875	1601.333374023438	600.	
854.9439697265625	912460.	9539.5	15546.3330078125	1667.833374023438	683.5833129882813	
856.1920166015625	888460.	2902.75	14519.5830078125	1692.916625976563	625.0833129882813	
857.4400024414063	912824.	2477.25	16565.5	1584.416625976563	825.4166870117188	
858.68798828125	912356.	2727.5	15437.75	1526.	783.6666870117188	
859.9359741210938	889714.9375	3027.75	14694.8330078125	2936.5	633.5	
861.1840209960938	1333789.75	3128.	14569.5830078125	1859.75	600.25	
862.4329833984375	918236.	2877.5	15471.3330078125	1551.083374023438	625.1666870117188	
863.6810302734375	916704.	2151.75	14970.3330078125	1684.583374023438	500.0833435058594	
864.9290161132813	890484.	3753.75	15663.4169921875	1526.	700.1666870117188	
866.177001953125	954184.	6533.25	14911.75	1742.75	650.1666870117188	
867.4249877929688	924144.	20402.5	16306.1669921875	1576.166625976563	816.9166870117188	
868.6729736328125	900280.	6557.75	14219.	1701.25	591.75	
869.9210205078125	1301511.625	4029.	16089.0830078125	1951.5	733.5833129882813	
871.1690063476563	1009356.5	1826.5	14895.	2352.166748046875	475.	
872.4169921875	946240.	3153.	15036.9169921875	2385.5	717.	
873.6649780273438	915056.	3002.75	15329.1669921875	1651.25	800.4166870117188	
874.9130249023438	1014980.	2527.25	15788.5830078125	1951.5	700.25	
876.1619873046875	953936.	9490.25	15796.75	1684.583374023438	625.1666870117188	
877.4099731445313	1002192.	3328.	16706.916015625	2493.75	516.6666870117188	
878.6580200195313	1690309.375	41314.5	16139.0830078125	2393.75	641.8333129882813	
879.906005859375	1031172.	3353.	17317.166015625	2276.833251953125	625.25	
881.1539916992188	1162849.25	5055.25	17758.833984375	4880.66650390625	917.1666870117188	
882.4019775390625	980852.	2702.5	16807.	1751.25	725.25	
883.6500244140625	1169867.875	4029.	16840.416015625	1834.833374023438	591.75	
884.8980102539063	980704.	3078.	16982.333984375	2051.666748046875	741.9166870117188	
886.14599609375	1261950.5	3353.25	17400.	2276.75	767.	
887.3939819335938	1050632.	2902.5	16773.666015625	1968.166625976563	675.	
888.6420288085938	1012316.	3302.75	17533.5	3662.	716.9166870117188	
889.8909912109375	959944.625	2602.25	19630.083984375	2602.25	616.8333129882813	
891.1389770507813	1028440.	5030.5	17483.416015625	1784.916625976563	725.25	
892.3870239257813	1043729.	2802.5	16690.083984375	2043.416625976563	716.8333129882813	
893.635009765625	999756.	17061.5	16531.333984375	2585.75	675.25	
894.8829956054688	952508.	4154.	16531.666015625	1884.833374023438	725.1666870117188	
896.1309814453125	1130160.	2251.75	18594.	2235.25	725.1666870117188	
897.3790283203125	1008730.875	3328.25	18994.666015625	1651.25	625.0833129882813	
898.6270141601563	994982.1875	3278.	17132.583984375	3904.833251953125	600.1666870117188	
899.875	944760.	2577.25	17040.666015625	2126.75	725.25	
901.1229858398438	1549285.875	3878.75	17984.75	2168.5	883.5833129882813	
902.3709716796875	971300.	3002.75	17692.416015625	1843.083374023438	675.0833129882813	
903.6199951171875	1124629.	2502.25	17817.416015625	2043.333374023438	700.1666870117188	
904.8679809570313	1112576.	4955.25	16456.416015625	2185.083251953125	792.	
906.1160278320313	1086767.	4529.75	18869.583984375	2251.916748046875	708.5	
907.364013671875	1025768.	3228.	17493.083984375	2243.5	783.5833129882813	
908.6119995117188	1329404.875	4504.75	16790.25	1692.916625976563	775.25	
909.8599853515625	1035520.	4504.25	17274.5	2443.666748046875	783.5833129882813	
911.1079711914063	1060334.125	3077.75	21344.333984375	2502.25	633.5833129882813	
912.3560180664063	1496080.	5030.25	15688.1669921875	2769.166748046875	533.3333129882813	
913.60400390625	1191881.	3303.25	16982.416015625	2276.833251953125	516.75	
914.8519897460938	1125305.	3428.5	19170.25	2568.833251953125	650.0833129882813	
916.0999755859375	1022352.	3052.75	21619.25	1659.583374023438	533.4166870117188	
917.3489990234375	1050412.	3303.	18092.916015625	1859.75	600.1666870117188	
918.5969848632813	1289288.625	4354.5	19463.25	2310.166748046875	708.5833129882813	
919.844970703125	1264620.5	4529.5	18234.583984375	2251.916748046875	641.8333129882813	
921.093017578125	1117633.5	2552.	17383.25	1793.083374023438	616.75	
922.3410034179688	1109916.	3102.75	17174.333984375	1751.416625976563	741.8333129882813	
923.5889892578125	1116940.	3703.75	16122.4169921875	1784.583374023438	633.5	
924.8369750976563	1076576.	3478.25	18944.916015625	1834.75	691.8333129882813	
926.0850219726563	1108544.	3754.	16364.4169921875	2201.75	533.3333129882813	
927.3330078125	1146312.	3353.25	17241.166015625	2335.333251953125	591.75	
928.5809936523438	1009960.	4780.	17818.166015625	1809.666625976563	641.8333129882813	
929.8289794921875	1139744.	7909.75	18335.083984375	1868.25	558.5	
931.0780029296875	1110784.	3002.5	15746.75	2510.416748046875	616.6666870117188	
932.3259887695313	1187476.	4279.25	17299.75	1818.083374023438	700.0833129882813	
933.573974609375	1089027.5	4204.	17150.333984375	1884.833374023438	741.8333129882813	
934.822021484375	1056384.	4504.5	17909.666015625	1684.416625976563	608.3333129882813	
936.0700073242188	1200939.75	4229.25	17324.833984375	1926.5	575.1666870117188	
937.3179931640625	1138640.	4304.5	15704.8330078125	2093.333251953125	575.0833129882813	
938.5659790039063	1059444.	3528.5	16030.6669921875	1893.166625976563	750.25	
939.8140258789063	1410243.625	3678.5	15688.4169921875	1876.5	650.1666870117188	
941.06201171875	1296224.	4604.75	17024.083984375	1976.666625976563	775.3333129882813	
942.3099975585938	1100496.	4054.	17625.416015625	2786.083251953125	600.25	
943.5579833984375	1280241.5	4254.5	17708.916015625	1976.583374023438	608.5	
944.8070068359375	1619108.25	10441.	18134.583984375	2026.666625976563	741.9166870117188	
946.0549926757813	1076612.	3553.25	16965.75	1951.5	633.4166870117188	
947.302978515625	1307947.5	3228.	17224.416015625	2368.666748046875	775.25	
948.551025390625	1357723.	3803.75	18435.416015625	2276.916748046875	558.5833129882813	
949.7990112304688	1164292.	3928.75	16281.1669921875	2719.083251953125	775.25	
951.0469970703125	1163729.875	2427.	17358.083984375	2109.916748046875	625.1666870117188	
952.2949829101563	1174488.	3678.75	17775.583984375	3002.916748046875	575.1666870117188	
953.5430297851563	1182392.	6206.75	17767.333984375	1576.083374023438	516.6666870117188	
954.791015625	1114672.	3503.25	15404.25	1834.75	575.1666870117188	
956.0390014648438	1645977.25	5406.	16214.0830078125	1884.75	550.0833129882813	
957.2869873046875	1136800.	3778.5	15571.5	2210.166748046875	683.4166870117188	
958.5360107421875	1135200.	4479.5	15763.4169921875	1784.75	683.5833129882813	
959.7839965820313	1212336.5	3027.75	29242.75	1451.	708.5	
961.031982421875	1064632.	3928.75	17424.916015625	1909.75	783.6666870117188	
962.280029296875	1209915.625	4254.25	16690.166015625	1959.833374023438	666.9166870117188	
963.5280151367188	1087677.125	26330.5	16615.	1768.	658.4166870117188	
964.7760009765625	1221311.625	3553.5	16873.916015625	1759.75	658.4166870117188	
966.0239868164063	1332650.	3228.	16598.25	1634.416625976563	591.6666870117188	
967.27197265625	1026748.	3478.5	15563.	1843.25	733.5	
968.52001953125	1049256.	4329.5	15746.75	1884.75	641.75	
969.7680053710938	1100852.5	3478.25	19489.333984375	1984.916625976563	591.8333129882813	
971.0159912109375	973714.6875	3778.5	15763.25	1717.833374023438	691.9166870117188	
972.2650146484375	1003688.	2927.75	15763.5	1609.5	533.3333129882813	
973.5130004882813	941744.	2677.25	16214.5	1793.	633.5	
974.760986328125	1060927.	2302.	17350.583984375	1209.083374023438	708.6666870117188	
976.0089721679688	981868.0625	2251.75	15187.5830078125	1659.5	833.6666870117188	
977.2570190429688	988002.625	2276.75	15855.25	1434.333374023438	800.3333129882813	
978.5050048828125	896572.	2652.5	15972.5	1434.25	683.6666870117188	
979.7529907226563	1053486.875	2251.75	14694.6669921875	1726.083374023438	858.8333129882813	
981.0009765625	924028.	2727.25	15154.	1501.	775.3333129882813	
982.2490234375	883292.	2151.75	14602.9169921875	1426.083374023438	641.9166870117188	
983.4970092773438	947700.375	1976.5	15170.75	1567.666625976563	575.0833129882813	
984.7449951171875	915488.	2176.75	14118.75	1492.666625976563	583.4166870117188	
985.9940185546875	873044.	2527.5	13985.0830078125	1425.916625976563	741.8333129882813	
987.2420043945313	862988.	2327.25	14185.5	1334.25	666.75	
988.489990234375	876596.	2377.	14202.3330078125	1484.333374023438	708.5833129882813	
989.7379760742188	881066.625	2176.5	15195.5830078125	1559.333374023438	733.6666870117188	
990.9860229492188	873404.	1476.25	14085.3330078125	1409.333374023438	616.8333129882813	
992.2340087890625	874792.	1951.25	15154.	1242.583374023438	641.9166870117188	
993.4819946289063	881820.	1926.5	14327.5	1501.083374023438	650.	
994.72998046875	881120.	2177.	15112.1669921875	1442.583374023438	700.25	
995.97802734375	878540.	2252.	14026.8330078125	1776.333374023438	741.8333129882813	
997.2260131835938	887012.	1951.5	14577.8330078125	1476.	650.1666870117188	
998.4739990234375	869988.	2251.75	14761.5830078125	1517.75	550.0833129882813	
