Trace for Mass:	Al27(MR)	Si28(MR)	Ca44(MR)	Fe56(MR)	S32(MR)
Resolution:	Medium	Medium	Medium	Medium	Medium
					
Time	Intensity	Intensity	Intensity	Intensity	Intensity
[sec]	[cps]	[cps]	[cps]	[cps]	[cps]

1.22000002861023	2810.916748046875	1454924.	266.6666564941406	1667.916625976563	45249.25	
2.437999963760376	2647.818115234375	1544840.75	308.3333435058594	1651.166625976563	45961.08203125	
3.655999898910523	2183.636474609375	1421518.375	308.3333435058594	1651.333374023438	42433.25	
4.875	2131.800048828125	1288895.25	258.3333435058594	1651.333374023438	45966.36328125	
6.092999935150147	1711.099975585938	1308555.5	333.3333435058594	1492.75	44234.7265625	
7.310999870300293	1611.099975585938	1281971.5	291.6666564941406	1634.5	44718.5	
8.529000282287598	1410.	1192581.375	300.	14117.75	44538.69921875	
9.746999740600586	1256.333374023438	1164586.25	12859.4169921875	1517.666625976563	44821.80078125	
10.96500015258789	1334.22216796875	1146072.	466.75	1551.166625976563	43334.8984375	
12.18299961090088	1180.599975585938	1087505.75	525.1666870117188	3370.166748046875	43055.80078125	
13.40100002288818	1623.444458007813	1057193.75	11563.1669921875	1784.666625976563	43387.6015625	
14.61900043487549	892.1666870117188	1048361.75	458.4166564941406	1676.25	166128.109375	
15.83699989318848	1080.800048828125	1000291.5625	1367.833374023438	2193.583251953125	56610.4453125	
17.05599975585938	1045.111083984375	981319.125	418.2727355957031	2101.75	40267.30078125	
18.27400016784668	880.2999877929688	958025.3125	241.6666717529297	2260.166748046875	40649.	
19.49200057983398	933.7777709960938	953534.25	1234.22216796875	1692.916625976563	41592.1015625	
20.70999908447266	989.4444580078125	938552.875	350.	1401.	39726.	
21.92799949645996	946.	915550.25	336.3636474609375	1701.25	42669.6015625	
23.14599990844727	845.	926948.875	200.	1734.666625976563	40891.5	
24.36400032043457	956.	934518.6875	420.	1626.25	40258.30078125	
25.58200073242188	822.6666870117188	914553.75	8823.599609375	1801.416625976563	61600.6015625	
26.79999923706055	933.888916015625	933648.875	300.	6162.25	39958.30078125	
28.01799964904785	944.7777709960938	939701.3125	1292.916625976563	1684.5	41442.80078125	
29.23699951171875	900.5555419921875	928897.75	227.2727203369141	1617.75	40720.5	
30.45499992370606	922.7777709960938	932360.	250.	1851.5	41342.80078125	
31.67300033569336	944.888916015625	940062.25	266.6666564941406	1809.75	42962.890625	
32.89099884033203	867.111083984375	968600.	275.	1476.	44423.890625	
34.10900115966797	940.5	945809.75	275.	2001.75	39456.80078125	
35.32699966430664	773.	943652.	325.	3194.916748046875	43250.1015625	
36.54499816894531	1045.	886816.875	200.	1601.166625976563	39878.30078125	
37.76300048828125	867.	965407.125	370.1000061035156	1401.083374023438	40550.30078125	
38.98099899291992	1011.666687011719	937191.5625	372.7272644042969	1651.333374023438	39796.6015625	
40.20000076293945	1010.5	928334.6875	400.1666564941406	1609.416625976563	38603.30078125	
41.41799926757813	970.5	938094.25	300.	1784.75	41252.6015625	
42.63600158691406	1040.5	920316.875	225.	1776.5	39466.30078125	
43.85400009155273	850.2999877929688	950578.25	354.5454406738281	1450.916625976563	44010.77734375	
45.07199859619141	1167.333374023438	906826.25	233.3333282470703	1634.5	39667.19921875	
46.29000091552734	956.111083984375	935140.875	341.6666564941406	1667.75	42728.4453125	
47.50799942016602	258.3333435058594	929401.75	308.3333435058594	1442.75	37309.5	
48.72600173950195	1000.599975585938	939751.5625	209.0909118652344	1676.166625976563	40109.19921875	
49.94400024414063	820.5	941652.	945.2222290039063	1476.	43855.890625	
51.1619987487793	800.4000244140625	941654.6875	258.3333435058594	1692.916625976563	44056.	
52.38100051879883	940.4000244140625	947037.75	250.	1559.583374023438	43408.77734375	
53.5989990234375	860.4000244140625	921512.875	233.3333282470703	1601.166625976563	40409.30078125	
54.81700134277344	955.	916033.75	258.4166564941406	1534.5	42305.77734375	
56.03499984741211	880.2999877929688	908299.125	363.6363525390625	2010.083374023438	43130.22265625	
57.25299835205078	822.5555419921875	924070.6875	209.0909118652344	1859.833374023438	39697.6015625	
58.47100067138672	810.4000244140625	943504.	227.2727203369141	1684.583374023438	39427.	
59.68899917602539	654.8181762695313	940642.25	336.3636474609375	1651.25	41423.8984375	
60.90700149536133	880.5	925755.5625	258.4166564941406	1434.416625976563	42584.	
62.125	720.2999877929688	945716.875	216.6666717529297	1542.833374023438	42873.5546875	
63.34299850463867	910.5	952438.25	250.	1551.083374023438	39797.	
64.56199645996094	670.2999877929688	951682.6875	316.6666564941406	1759.583374023438	44679.77734375	
65.77999877929688	1111.888916015625	929857.3125	372.7272644042969	1576.083374023438	41534.30078125	
66.99800109863281	900.2999877929688	922410.6875	341.6666564941406	1692.916625976563	39265.8984375	
68.21600341796875	791.4545288085938	912166.25	409.1818237304688	1542.833374023438	40390.1015625	
69.43399810791016	980.5	945320.4375	316.6666564941406	1609.5	40328.6015625	
70.65200042724609	850.5	930645.3125	200.	1601.333374023438	39707.69921875	
71.87000274658203	766.888916015625	931140.	218.1818237304688	1417.666625976563	43633.109375	
73.08799743652344	872.9091186523438	957156.4375	254.5454559326172	1567.833374023438	40721.30078125	
74.30599975585938	870.5	944932.875	300.	1684.75	38553.6015625	
75.52500152587891	745.8181762695313	932360.875	175.	1517.75	40520.8984375	
76.74299621582031	933.7777709960938	912197.875	380.1000061035156	1717.833374023438	40228.8984375	
77.96099853515625	940.5	965202.25	216.6666717529297	1559.5	42205.22265625	
79.17900085449219	830.4000244140625	967601.3125	275.	2243.75	42806.77734375	
80.39700317382813	1080.5	912648.4375	266.6666564941406	1567.583374023438	39406.8984375	
81.61499786376953	980.5	938761.75	391.	2302.	40279.80078125	
82.83300018310547	1456.666625976563	950820.4375	345.4545593261719	1684.416625976563	43743.4453125	
84.05100250244141	1156.111083984375	949908.4375	327.2727355957031	1659.333374023438	39616.69921875	
85.26899719238281	890.5	944756.875	400.1000061035156	1667.833374023438	44501.77734375	
86.48699951171875	818.5454711914063	930672.	375.	1617.916625976563	40420.	
87.70600128173828	960.5	949142.25	266.6666564941406	1759.583374023438	43332.66796875	
88.92400360107422	980.5	940939.125	466.8333435058594	2060.	44970.	
90.14199829101563	970.7000122070313	960647.125	266.6666564941406	1651.166625976563	38112.5	
91.36000061035156	933.888916015625	913123.5625	225.0833282470703	1476.	41882.	
92.5780029296875	1100.818237304688	963368.4375	275.	1634.5	40309.8984375	
93.79599761962891	820.4000244140625	955494.6875	250.	1801.416625976563	40821.6015625	
95.01399993896484	483.5833435058594	917344.4375	283.3333435058594	1692.916625976563	39647.5	
96.23200225830078	1312.111083984375	930480.4375	408.3333435058594	1701.25	39918.	
97.44999694824219	950.5	938601.3125	218.1818237304688	1701.25	42527.77734375	
98.66799926757813	878.111083984375	948869.75	240.	1592.75	42573.109375	
99.88700103759766	1000.666687011719	939259.125	745.	1759.75	44345.4453125	
101.1050033569336	689.111083984375	940078.6875	241.6666717529297	2560.666748046875	41051.8984375	
102.322998046875	1030.400024414063	929945.3125	372.7272644042969	1868.	40911.8984375	
103.5410003662109	1225.833374023438	961379.125	283.3333435058594	2268.583251953125	39817.80078125	
104.7590026855469	1060.699951171875	964694.25	363.7272644042969	3503.416748046875	41252.8984375	
105.9769973754883	3624.10009765625	932484.4375	209.0909118652344	2585.666748046875	39256.5	
107.1949996948242	1290.800048828125	953937.75	375.0833435058594	2452.166748046875	42529.	
108.4130020141602	1200.599975585938	952283.125	383.3333435058594	1976.583374023438	39015.	
109.6309967041016	1334.22216796875	943753.3125	533.5	2418.75	38804.6015625	
110.8499984741211	1245.22216796875	954852.4375	391.6666564941406	3069.416748046875	44480.	
112.068000793457	1430.900024414063	935796.875	291.6666564941406	2460.416748046875	44479.5546875	
113.286003112793	1579.	967344.4375	333.3333435058594	2410.416748046875	42940.33203125	
114.5039978027344	1234.22216796875	918798.6875	300.	2126.833251953125	42707.109375	
115.7220001220703	956.	955732.	263.6363525390625	2427.	43756.	
116.9400024414063	1345.333374023438	928352.4375	445.6363525390625	2168.5	44536.33203125	
118.1579971313477	1030.5	914461.3125	408.3333435058594	1918.25	40830.80078125	
119.3759994506836	1000.5	925132.875	318.1818237304688	1751.416625976563	38845.1015625	
120.5940017700195	1100.800048828125	953637.75	308.3333435058594	1618.	42271.77734375	
121.8119964599609	1356.444458007813	908994.6875	280.	2009.916625976563	39376.5	
123.0309982299805	980.5	924985.3125	290.	4658.5	41113.109375	
124.2490005493164	911.5555419921875	916132.4375	266.75	2168.5	38554.6015625	
125.4670028686523	1020.599975585938	914575.125	291.6666564941406	1943.166625976563	44569.109375	
126.6849975585938	1050.699951171875	924408.875	472.7272644042969	1634.583374023438	41803.77734375	
127.9029998779297	873.1818237304688	960224.4375	225.	1926.583374023438	42049.	
129.1210021972656	967.	960349.3125	233.3333282470703	1576.166625976563	43152.77734375	
130.3390045166016	754.9091186523438	932530.25	354.5454406738281	1793.083374023438	38583.3984375	
131.5570068359375	980.5999755859375	911537.75	900.8333129882813	1684.5	43398.109375	
132.7749938964844	989.4444580078125	935356.4375	333.3333435058594	1584.416625976563	44123.109375	
133.9929962158203	1189.555541992188	969096.875	350.	1676.166625976563	44022.4453125	
135.2120056152344	690.2999877929688	960867.5625	316.6666564941406	1834.833374023438	42071.22265625	
136.4299926757813	956.	921073.3125	410.	3587.75	39776.3984375	
137.6479949951172	830.2999877929688	944877.3125	318.1818237304688	1826.416625976563	44458.109375	
138.8659973144531	1067.333374023438	930389.3125	309.0909118652344	1584.583374023438	42261.33203125	
140.0839996337891	922.6666870117188	962336.875	316.6666564941406	1626.25	41882.22265625	
141.302001953125	675.25	945946.25	3305.916748046875	1584.5	43855.	
142.5200042724609	592.	947121.75	383.5	1668.	44401.890625	
143.7380065917969	1156.333374023438	932383.5625	333.3333435058594	1885.	41603.22265625	
144.9559936523438	620.0999755859375	929009.3125	300.	1868.166625976563	39929.3984375	
146.1739959716797	956.	949315.125	363.6363525390625	1709.75	41692.5546875	
147.3930053710938	889.3333129882813	916980.	308.3333435058594	1684.666625976563	42573.4453125	
148.6109924316406	889.4444580078125	914780.4375	454.6363525390625	1567.75	41893.109375	
149.8289947509766	944.888916015625	932068.875	10684.	1601.	42439.4453125	
151.0469970703125	911.5555419921875	925624.	436.4545593261719	1501.083374023438	42706.5546875	
152.2649993896484	600.25	943675.5625	1028.	1659.666625976563	38915.3984375	
153.4830017089844	944.888916015625	916832.875	391.75	1801.333374023438	41647.	
154.7010040283203	873.272705078125	935623.125	1018.818176269531	1743.	42729.33203125	
155.9190063476563	672.9091186523438	896641.75	880.4000244140625	1526.	42539.890625	
157.1369934082031	756.	932465.3125	591.9166870117188	1451.	39718.1015625	
158.3560028076172	655.7777709960938	937068.4375	609.272705078125	1901.5	40039.3984375	
159.5740051269531	830.2999877929688	923360.	375.0833435058594	1559.583374023438	43688.	
160.7920074462891	700.3333129882813	936057.3125	1392.833374023438	1484.333374023438	40600.6015625	
162.0099945068359	1067.333374023438	925574.6875	458.4166564941406	1567.833374023438	43476.890625	
163.2279968261719	844.7777709960938	938127.125	500.	2443.916748046875	43933.	
164.4459991455078	844.7777709960938	902025.3125	390.1000061035156	1751.416625976563	43565.	
165.6640014648438	700.272705078125	934188.875	391.8333435058594	1701.333374023438	43587.4453125	
166.8820037841797	889.4444580078125	885473.3125	300.	1400.916625976563	39517.3984375	
168.1000061035156	978.4444580078125	929167.5625	518.1818237304688	1501.083374023438	39225.6015625	
169.3179931640625	845.	880706.25	309.0909118652344	1559.416625976563	40119.5	
170.5370025634766	845.	910699.5625	550.3333129882813	64296.6875	43443.	
171.7550048828125	911.6666870117188	917972.875	427.4545593261719	1609.583374023438	39727.69921875	
172.9730072021484	1080.699951171875	925574.25	491.0909118652344	1576.083374023438	41982.33203125	
174.1909942626953	744.7777709960938	910934.25	508.5833435058594	1609.666625976563	39536.8984375	
175.4089965820313	1367.666625976563	914268.875	354.6363525390625	1643.	38354.1015625	
176.6269989013672	811.5555419921875	907899.125	336.3636474609375	1384.333374023438	41436.22265625	
177.8450012207031	767.	903400.875	363.6363525390625	1450.916625976563	43040.66796875	
179.0630035400391	1000.599975585938	912208.875	333.3333435058594	1375.916625976563	42495.4453125	
180.281005859375	845.111083984375	917196.	233.3333282470703	1634.416625976563	42875.109375	
181.4989929199219	844.888916015625	925190.25	225.	1434.333374023438	40899.890625	
182.7180023193359	680.2999877929688	906479.125	450.0833435058594	1517.75	42673.4453125	
183.9360046386719	636.727294921875	913496.875	1526.75	1467.666625976563	38754.6015625	
185.1540069580078	870.5	892070.6875	258.3333435058594	1701.333374023438	42741.77734375	
186.3719940185547	755.888916015625	926580.875	383.4166564941406	2260.416748046875	42082.77734375	
187.5899963378906	754.8181762695313	945467.5625	1192.833374023438	2210.333251953125	44569.5546875	
188.8079986572266	867.	943587.125	545.6363525390625	2126.75	44602.66796875	
190.0260009765625	922.7777709960938	926088.	272.8181762695313	2427.083251953125	41569.33203125	
191.2440032958984	710.4000244140625	919187.5625	191.6666717529297	2360.333251953125	41262.69921875	
192.4620056152344	1651.400024414063	946103.125	258.3333435058594	3904.166748046875	38072.69921875	
193.6809997558594	860.4000244140625	948103.5625	275.0833435058594	1976.416625976563	42695.5546875	
194.8990020751953	1321.	910775.125	250.	3103.	42930.4453125	
196.1170043945313	889.3333129882813	931063.125	283.3333435058594	3111.583251953125	42784.66796875	
197.3350067138672	1056.22216796875	956839.5625	283.3333435058594	2560.666748046875	38944.80078125	
198.5529937744141	800.2999877929688	937327.125	725.5	2168.416748046875	42729.33203125	
199.77099609375	989.4444580078125	940614.6875	250.	1793.166625976563	44702.5546875	
200.9889984130859	890.5	938416.4375	325.	1876.333374023438	42852.	
202.2070007324219	790.4000244140625	947227.5625	454.6363525390625	1701.166625976563	40881.69921875	
203.4250030517578	900.2222290039063	934725.75	400.1666564941406	2060.	42585.109375	
204.6430053710938	1010.599975585938	943351.5625	934.	1626.166625976563	43030.109375	
205.8619995117188	878.4444580078125	939481.75	375.	1626.25	43197.890625	
207.0800018310547	1020.799987792969	962228.4375	1055.363647460938	1626.25	39918.3984375	
208.2980041503906	763.9091186523438	953978.25	391.75	1400.916625976563	43621.109375	
209.5160064697266	1089.666625976563	942839.125	600.1818237304688	3479.583251953125	44234.77734375	
210.7339935302734	760.2999877929688	941886.6875	391.	1776.416625976563	39165.30078125	
211.9519958496094	1040.400024414063	939317.75	327.3636474609375	1551.	40379.8984375	
213.1699981689453	970.7000122070313	958974.25	400.0833435058594	1584.5	44714.77734375	
214.3880004882813	1040.599975585938	938243.125	408.4166564941406	1651.25	41825.4453125	
215.6060028076172	920.5999755859375	924053.3125	640.2000122070313	1809.666625976563	42986.	
216.8240051269531	911.5555419921875	931982.6875	466.8333435058594	1559.416625976563	42885.77734375	
218.0429992675781	1045.111083984375	916618.6875	330.1000061035156	1534.5	41257.22265625	
219.2610015869141	1100.699951171875	948633.3125	390.	1517.75	43922.5546875	
220.47900390625	1056.22216796875	972741.3125	258.3333435058594	1442.75	44178.33203125	
221.6970062255859	844.888916015625	921765.75	425.0833435058594	1459.333374023438	42027.5546875	
222.9149932861328	827.727294921875	922422.25	366.75	1592.916625976563	42885.33203125	
224.1329956054688	678.111083984375	943026.6875	445.5454406738281	1442.666625976563	42350.33203125	
225.3509979248047	833.6666870117188	929957.75	450.0833435058594	1409.25	40330.69921875	
226.5690002441406	700.2999877929688	929466.6875	336.3636474609375	1717.833374023438	42784.890625	
227.7870025634766	878.2222290039063	932099.5625	272.8181762695313	1484.333374023438	44101.	
229.0059967041016	580.2000122070313	959971.125	354.6363525390625	1401.	43342.5546875	
230.2239990234375	860.5999755859375	955956.875	300.	1934.833374023438	41925.890625	
231.4420013427734	508.5833435058594	915751.5625	283.3333435058594	1367.583374023438	42762.890625	
232.6600036621094	989.4444580078125	944950.6875	354.5454406738281	1601.	42283.	
233.8780059814453	778.111083984375	930707.125	366.6666564941406	1517.75	40744.4453125	
235.0959930419922	1413.625	935369.3125	325.0833435058594	1534.5	44190.4453125	
236.3139953613281	900.4444580078125	932140.4375	1346.909057617188	1643.	42662.109375	
237.5319976806641	940.5	911618.25	216.6666717529297	1592.75	44557.890625	
238.75	736.8181762695313	933882.6875	372.7272644042969	1609.416625976563	42729.66796875	
239.9680023193359	867.111083984375	938751.5625	490.1000061035156	1642.833374023438	41591.4453125	
241.1869964599609	855.888916015625	935418.6875	530.2000122070313	1509.333374023438	44111.66796875	
242.4049987792969	922.6666870117188	953899.125	500.1000061035156	1626.083374023438	39305.80078125	
243.6230010986328	922.888916015625	935305.3125	260.1000061035156	1384.25	39366.3984375	
244.8410034179688	933.888916015625	940699.125	281.8181762695313	1601.166625976563	40870.19921875	
246.0590057373047	818.6363525390625	942392.4375	341.6666564941406	1484.416625976563	40387.5546875	
247.2769927978516	1022.777770996094	954253.75	341.75	1359.25	39657.1015625	
248.4949951171875	850.5	952050.25	309.1818237304688	1659.5	38122.80078125	
249.7129974365234	900.3333129882813	954604.	409.0909118652344	3053.583251953125	38583.69921875	
250.9309997558594	809.3636474609375	936348.4375	283.3333435058594	1676.083374023438	44223.5546875	
252.1490020751953	889.3333129882813	930091.125	275.	1509.333374023438	43464.77734375	
253.3679962158203	800.4444580078125	936935.5625	336.3636474609375	1567.833374023438	40079.30078125	
254.5859985351563	911.5555419921875	952113.75	166.6666717529297	1659.583374023438	39777.8984375	
255.8040008544922	800.5	947243.5625	381.8181762695313	1609.416625976563	38684.30078125	
257.0220031738281	1100.666625976563	980516.	1284.833374023438	1976.666625976563	41056.22265625	
258.239990234375	870.5999755859375	921047.125	391.	1609.416625976563	42606.22265625	
259.4580078125	750.2999877929688	910153.75	333.3333435058594	1542.666625976563	41859.4453125	
260.6759948730469	691.1818237304688	951340.4375	350.1666564941406	1584.416625976563	39808.30078125	
261.8940124511719	980.5999755859375	930212.	354.5454406738281	1450.833374023438	43743.33203125	
263.1119995117188	1000.555541992188	907516.4375	309.0909118652344	1784.75	43353.890625	
264.3309936523438	800.4444580078125	938769.75	200.	1551.083374023438	43342.22265625	
265.5490112304688	740.5	936891.5625	280.1000061035156	1467.75	39035.3984375	
266.7669982910156	733.7777709960938	920325.75	258.3333435058594	1693.	41580.66796875	
267.9849853515625	1122.888916015625	930199.5625	420.	1484.333374023438	38634.1015625	
269.2030029296875	736.6363525390625	936771.5625	281.8181762695313	1626.166625976563	42193.5546875	
270.4209899902344	870.5999755859375	956910.25	320.1000061035156	1676.166625976563	39808.30078125	
271.6390075683594	970.5	938788.4375	266.6666564941406	1384.333374023438	41637.	
272.8569946289063	880.4000244140625	973321.75	391.0909118652344	1492.75	46041.	
274.0750122070313	890.4000244140625	940057.3125	350.	1551.083374023438	39667.1015625	
275.2929992675781	745.6363525390625	949957.75	290.9090881347656	1542.75	39707.69921875	
276.5119934082031	1000.555541992188	938730.25	227.3636322021484	1417.416625976563	43120.109375	
277.7300109863281	989.3333129882813	957122.6875	375.0833435058594	1442.5	42461.	
278.947998046875	733.75	914792.4375	375.	1542.75	38403.5	
280.1659851074219	920.5	932257.75	300.	1434.5	40889.22265625	
281.3840026855469	878.2222290039063	922444.4375	227.2727203369141	1551.166625976563	38222.80078125	
282.6019897460938	1300.888916015625	958365.3125	345.5454406738281	1684.583374023438	39215.19921875	
283.8200073242188	1011.666687011719	952866.6875	375.0833435058594	1542.75	40200.	
285.0379943847656	690.2000122070313	979737.3125	320.1000061035156	1417.666625976563	42710.5	
286.2560119628906	900.4444580078125	946817.75	290.9090881347656	1417.5	42071.33203125	
287.4739990234375	973.272705078125	953544.875	345.5454406738281	1617.833374023438	41758.5546875	
288.6929931640625	911.5555419921875	969468.4375	227.2727203369141	1392.5	42405.33203125	
289.9110107421875	1070.699951171875	965369.75	309.0909118652344	1392.666625976563	39847.8984375	
291.1289978027344	978.3333129882813	941765.3125	300.	3136.916748046875	41781.5546875	
292.3469848632813	800.5	938593.75	263.6363525390625	1534.333374023438	43030.5546875	
293.5650024414063	1020.599975585938	954213.3125	325.	1626.083374023438	43041.4453125	
294.7829895019531	820.4000244140625	952655.5625	263.6363525390625	1626.333374023438	38363.5	
296.0010070800781	1456.555541992188	967009.3125	358.3333435058594	1375.916625976563	42249.109375	
297.218994140625	790.4000244140625	926311.5625	360.1000061035156	1759.583374023438	39185.6015625	
298.43701171875	1000.599975585938	975284.4375	400.	12552.2724609375	40370.	
299.656005859375	878.3333129882813	958616.4375	300.	1351.	39868.	
300.8739929199219	800.4545288085938	969948.875	336.3636474609375	1426.	44758.77734375	
302.0920104980469	933.7777709960938	968605.3125	208.4166717529297	1626.166625976563	38232.5	
303.3099975585938	878.3333129882813	959772.4375	225.	1601.25	44468.	
304.5280151367188	870.5	965869.75	291.6666564941406	1584.5	39105.8984375	
305.7460021972656	933.888916015625	968841.3125	283.3333435058594	2761.083251953125	41925.3984375	
306.9639892578125	730.2999877929688	957972.	418.1818237304688	1784.833374023438	38272.8984375	
308.1820068359375	1067.22216796875	939041.3125	200.	1526.166625976563	39175.3984375	
309.3999938964844	878.2222290039063	973541.75	309.0909118652344	1525.916625976563	42729.22265625	
310.6180114746094	860.5	969672.	270.1000061035156	1342.5	38694.30078125	
311.8370056152344	650.25	952960.875	250.	1509.333374023438	43531.77734375	
313.0549926757813	1056.111083984375	935343.125	236.3636322021484	1492.583374023438	41825.66796875	
314.2730102539063	830.5	950502.25	375.0833435058594	1667.833374023438	40677.66796875	
315.4909973144531	956.111083984375	960592.875	241.6666717529297	1718.	40175.4453125	
316.7090148925781	870.4000244140625	941506.25	191.6666717529297	1409.25	42383.33203125	
317.927001953125	782.1818237304688	949036.875	372.8181762695313	1501.	40690.69921875	
319.1449890136719	782.1818237304688	961283.5625	336.3636474609375	1534.416625976563	42138.33203125	
320.3630065917969	700.3636474609375	951149.75	308.3333435058594	1534.416625976563	42026.890625	
321.5809936523438	1145.111083984375	951624.4375	372.7272644042969	1567.666625976563	39036.80078125	
322.7990112304688	1234.	957610.6875	272.7272644042969	1517.833374023438	40851.80078125	
324.0180053710938	683.5	950876.	290.9090881347656	1517.75	44369.4453125	
325.2359924316406	1045.	967198.25	418.2727355957031	1300.833374023438	41246.109375	
326.4540100097656	773.1818237304688	912433.75	290.9090881347656	1359.333374023438	39707.6015625	
327.6719970703125	889.4444580078125	946332.	327.2727355957031	1417.583374023438	41675.1015625	
328.8900146484375	967.2222290039063	944538.25	345.4545593261719	1384.416625976563	42840.66796875	
330.1080017089844	850.4000244140625	951941.75	275.	1350.916625976563	38714.5	
331.3259887695313	780.2000122070313	942428.875	300.	1409.416625976563	40650.5	
332.5440063476563	822.7777709960938	963236.4375	266.6666564941406	1768.083374023438	42851.4453125	
333.7619934082031	960.5999755859375	916007.125	283.3333435058594	1542.666625976563	39748.1015625	
334.9800109863281	830.4000244140625	963017.3125	225.	1576.25	37369.80078125	
336.1990051269531	922.7777709960938	964641.75	209.0909118652344	1484.333374023438	43955.77734375	
337.4169921875	890.5999755859375	939096.875	363.6363525390625	1409.25	37881.5	
338.635009765625	1056.	948645.3125	158.3333282470703	1642.75	38140.8984375	
339.8529968261719	536.5454711914063	971460.875	350.1000061035156	1459.5	43844.4453125	
341.0710144042969	709.3636474609375	946260.4375	372.7272644042969	1484.416625976563	43141.66796875	
342.2890014648438	1189.555541992188	953369.3125	233.3333282470703	1384.25	41759.109375	
343.5069885253906	867.111083984375	919102.25	258.4166564941406	1659.5	38303.19921875	
344.7250061035156	900.5	948359.5625	240.	1442.583374023438	42784.77734375	
345.9429931640625	844.7777709960938	946318.25	354.5454406738281	1459.416625976563	43330.5546875	
347.1619873046875	900.5555419921875	957901.75	375.	1709.666625976563	43007.22265625	
348.3800048828125	810.5	937719.125	316.6666564941406	1534.5	42583.22265625	
349.5979919433594	978.4444580078125	987542.25	310.	1526.166625976563	39135.5	
350.8160095214844	744.6666870117188	932037.75	266.6666564941406	1542.833374023438	39277.19921875	
352.0339965820313	910.7000122070313	943517.3125	272.7272644042969	1826.333374023438	39005.19921875	
353.2520141601563	933.888916015625	957529.75	309.0909118652344	1609.5	43532.5546875	
354.4700012207031	633.5	919667.5625	241.6666717529297	1325.916625976563	41915.	
355.68798828125	978.111083984375	913645.75	291.6666564941406	1651.083374023438	40249.6015625	
356.906005859375	820.5	935650.25	325.0833435058594	1459.416625976563	38975.69921875	
358.1239929199219	1011.666687011719	949660.875	275.	1726.25	38162.5	
359.3429870605469	970.5	921263.125	333.3333435058594	1517.666625976563	42561.77734375	
360.5610046386719	922.7777709960938	950253.75	318.2727355957031	1551.25	43665.4453125	
361.7789916992188	700.2999877929688	901680.875	200.	1601.166625976563	40644.5546875	
362.9970092773438	1034.	910164.875	183.3333282470703	1684.583374023438	43309.33203125	
364.2149963378906	700.4000244140625	933449.75	220.	1384.166625976563	43877.5546875	
365.4330139160156	867.2222290039063	915566.6875	354.5454406738281	1500.916625976563	40846.	
366.6510009765625	1067.333374023438	948778.6875	372.7272644042969	1426.	37520.5	
367.8689880371094	780.5999755859375	928440.875	266.6666564941406	1759.75	43320.5546875	
369.0870056152344	790.2999877929688	936428.875	350.	1351.	40031.22265625	
370.3049926757813	700.272705078125	919960.	1042.583374023438	1434.416625976563	42093.4453125	
371.5239868164063	1011.555541992188	927703.5625	200.	1334.166625976563	40979.33203125	
372.7420043945313	730.2999877929688	936859.125	254.5454559326172	1384.166625976563	41480.5546875	
373.9599914550781	580.	916107.5625	327.2727355957031	1284.166625976563	42997.	
375.1780090332031	855.888916015625	931996.875	145.4545440673828	1534.416625976563	40654.890625	
376.39599609375	773.	909564.4375	241.6666717529297	1534.5	41926.77734375	
377.614013671875	666.8333129882813	937784.875	4864.66650390625	1517.666625976563	38784.6015625	
378.8320007324219	830.4000244140625	883744.4375	283.3333435058594	1526.	42462.33203125	
380.0499877929688	1011.666687011719	921460.4375	308.3333435058594	1642.75	41938.77734375	
381.2680053710938	770.2999877929688	906324.	381.8181762695313	1367.583374023438	40711.22265625	
382.4869995117188	1000.666687011719	931317.3125	266.6666564941406	1409.25	42473.4453125	
383.7049865722656	840.5	920152.4375	283.3333435058594	1542.833374023438	38834.5	
384.9230041503906	820.4000244140625	929435.125	245.4545440673828	1426.166625976563	51652.33203125	
386.1409912109375	664.	934096.875	366.6666564941406	3854.75	40699.77734375	
387.3590087890625	889.3333129882813	941388.4375	254.5454559326172	1459.333374023438	41860.	
388.5769958496094	770.2999877929688	920532.4375	370.	1459.416625976563	41023.66796875	
389.7950134277344	678.111083984375	909660.	383.3333435058594	1325.833374023438	40398.5546875	
391.0130004882813	911.5555419921875	951204.875	245.4545440673828	1542.75	42450.5546875	
392.2309875488281	989.5555419921875	941115.5625	363.6363525390625	1384.25	42606.22265625	
393.4490051269531	944.888916015625	929519.5625	575.25	1534.25	38573.6015625	
394.6679992675781	950.5999755859375	902126.25	308.4166564941406	1284.083374023438	38760.109375	
395.885986328125	766.888916015625	912593.75	250.	1350.916625976563	41056.66796875	
397.10400390625	870.4000244140625	917133.75	350.	1375.75	40209.	
398.3219909667969	940.4000244140625	898137.75	236.3636322021484	1642.916625976563	38604.3984375	
399.5400085449219	680.0999755859375	934884.875	281.8181762695313	1484.333374023438	43531.77734375	
400.7579956054688	755.888916015625	912152.875	316.75	1609.416625976563	38785.19921875	
401.9760131835938	700.3333129882813	913304.875	372.7272644042969	1375.916625976563	41536.	
403.1940002441406	755.7777709960938	894797.3125	358.4166564941406	1643.	42004.890625	
404.4119873046875	920.5	933387.5625	318.1818237304688	1551.25	42752.4453125	
405.6300048828125	789.2222290039063	923096.875	325.0833435058594	8799.0830078125	37911.6015625	
406.8489990234375	944.888916015625	921564.	433.5	1751.25	40455.	
408.0669860839844	1167.444458007813	943238.6875	263.6363525390625	1642.833374023438	38152.69921875	
409.2850036621094	800.272705078125	935692.875	200.	1451.	40064.33203125	
410.5029907226563	755.7777709960938	951461.3125	250.	1617.833374023438	41949.22265625	
411.7210083007813	889.3333129882813	945340.4375	316.6666564941406	1434.333374023438	40109.77734375	
412.9389953613281	889.3333129882813	946848.4375	181.8181762695313	1701.166625976563	38975.5	
414.1570129394531	800.4545288085938	926241.75	318.1818237304688	1609.666625976563	41603.4453125	
415.375	1045.111083984375	935192.4375	250.	1284.083374023438	39427.3984375	
416.5929870605469	922.7777709960938	910968.875	308.4166564941406	1484.333374023438	40322.	
417.81201171875	844.7777709960938	918683.125	281.8181762695313	1259.	41013.4453125	
419.0299987792969	830.4000244140625	925915.125	300.0833435058594	1534.333374023438	41535.77734375	
420.2479858398438	934.	933527.5625	250.	1517.75	39397.	
421.4660034179688	654.8181762695313	946974.6875	254.5454559326172	1617.833374023438	42316.890625	
422.6839904785156	780.2999877929688	926221.75	340.	1484.166625976563	38554.3984375	
423.9020080566406	864.	965659.5625	283.3333435058594	1292.583374023438	37931.69921875	
425.1199951171875	989.4444580078125	938620.875	281.8181762695313	1426.083374023438	42271.890625	
426.3380126953125	1000.666687011719	955021.3125	200.	1409.333374023438	37471.	
427.5559997558594	750.4000244140625	929798.6875	291.6666564941406	1375.833374023438	40801.22265625	
428.7739868164063	878.4444580078125	907951.5625	381.8181762695313	1317.666625976563	42350.5546875	
429.9930114746094	727.727294921875	932695.5625	466.8333435058594	1551.166625976563	38313.69921875	
431.2109985351563	990.5999755859375	926186.25	272.7272644042969	1484.333374023438	40455.109375	
432.4289855957031	610.0999755859375	933345.3125	308.4166564941406	1351.	42729.890625	
433.6470031738281	810.2999877929688	955445.3125	375.0833435058594	1709.583374023438	41078.77734375	
434.864990234375	1056.22216796875	913749.75	280.1000061035156	1317.583374023438	40409.77734375	
436.0830078125	754.9091186523438	914439.5625	291.6666564941406	1801.333374023438	41492.890625	
437.3009948730469	867.	932040.4375	580.2000122070313	1417.583374023438	41859.890625	
438.5190124511719	867.2222290039063	941027.5625	500.0909118652344	1509.5	41190.22265625	
439.7369995117188	867.	903252.	318.1818237304688	1651.166625976563	43164.22265625	
440.9549865722656	10534.2001953125	909062.25	475.0833435058594	1517.75	43030.77734375	
442.1740112304688	678.	874602.25	1176.166625976563	1576.083374023438	41815.22265625	
443.3919982910156	811.4444580078125	918395.5625	416.6666564941406	1734.5	41346.	
444.6099853515625	800.4444580078125	923857.3125	425.0833435058594	1651.333374023438	41959.890625	
445.8280029296875	736.727294921875	951548.25	345.5454406738281	1751.416625976563	40766.890625	
447.0459899902344	666.9166870117188	916042.6875	300.	1718.	41849.33203125	
448.2640075683594	790.2999877929688	916093.75	390.9090881347656	1342.5	42239.890625	
449.4819946289063	844.888916015625	913486.6875	308.3333435058594	1701.333374023438	38664.1015625	
450.7000122070313	956.	929006.25	272.7272644042969	1592.666625976563	38072.30078125	
451.9179992675781	920.5999755859375	901396.875	227.2727203369141	1459.416625976563	41301.890625	
453.1369934082031	810.5	910940.	333.3333435058594	1542.75	41157.22265625	
454.3550109863281	800.3636474609375	922299.5625	410.	1442.666625976563	48747.5	
455.572998046875	725.4166870117188	901008.	291.	1425.833374023438	42293.890625	
456.7909851074219	691.1818237304688	927332.4375	258.3333435058594	1451.	41269.33203125	
458.0090026855469	790.5	925258.6875	233.3333282470703	1584.5	38544.1015625	
459.2269897460938	830.4000244140625	912921.75	290.	1651.083374023438	39874.22265625	
460.4450073242188	930.4000244140625	888488.875	345.5454406738281	1617.916625976563	39707.109375	
461.6629943847656	900.5999755859375	913854.25	290.	1576.083374023438	38965.1015625	
462.8810119628906	611.2222290039063	910834.6875	254.5454559326172	1309.25	40689.4453125	
464.0989990234375	740.5	917564.4375	400.1000061035156	1559.416625976563	41235.66796875	
465.3179931640625	830.2999877929688	895611.5625	266.6666564941406	1417.666625976563	38604.69921875	
466.5360107421875	820.4000244140625	905080.	241.6666717529297	1559.333374023438	41324.22265625	
467.7539978027344	810.4000244140625	933882.25	325.	1692.75	41838.4453125	
468.9719848632813	900.5	911067.5625	316.6666564941406	1192.25	40655.109375	
470.1900024414063	867.	930524.875	241.6666717529297	1250.916625976563	38865.3984375	
471.4079895019531	333.4166564941406	914740.875	240.	1492.833374023438	41358.33203125	
472.6260070800781	933.7777709960938	911510.25	241.6666717529297	1759.583374023438	41870.77734375	
473.843994140625	800.3333129882813	884741.3125	281.8181762695313	1350.916625976563	44279.33203125	
475.06201171875	818.727294921875	892011.125	300.	1617.75	36758.	
476.2799987792969	740.2999877929688	887074.6875	309.0909118652344	1342.583374023438	42472.33203125	
477.4989929199219	1000.444458007813	884582.6875	183.3333282470703	1384.333374023438	42405.66796875	
478.7170104980469	911.5555419921875	878008.	477.8888854980469	1342.583374023438	39585.109375	
479.9349975585938	650.2999877929688	946307.125	300.0833435058594	1484.416625976563	40233.5546875	
481.1530151367188	833.7777709960938	915014.25	308.3333435058594	1492.75	37630.5	
482.3710021972656	710.4000244140625	945104.4375	1182.909057617188	1509.416625976563	41368.77734375	
483.5889892578125	333.3333435058594	922945.3125	227.2727203369141	1309.	40956.4453125	
484.8070068359375	800.2999877929688	926020.	309.0909118652344	1542.75	41224.109375	
486.0249938964844	183.3333282470703	902060.	345.4545593261719	1567.75	39647.80078125	
487.2430114746094	718.5454711914063	928788.875	300.	1392.583374023438	41101.66796875	
488.4620056152344	809.3636474609375	927734.6875	400.	1401.	41691.890625	
489.6799926757813	800.4444580078125	930798.6875	250.	1651.166625976563	41915.	
490.8980102539063	750.2999877929688	918994.25	341.6666564941406	1576.166625976563	38162.6015625	
492.1159973144531	940.4000244140625	942279.125	336.3636474609375	1434.25	39035.80078125	
493.3340148925781	663.8181762695313	936337.75	241.6666717529297	1676.333374023438	40376.	
494.552001953125	911.5555419921875	874939.5625	241.6666717529297	1334.166625976563	40231.22265625	
495.7699890136719	780.2999877929688	905103.125	316.6666564941406	1376.166625976563	38222.80078125	
496.9880065917969	800.2000122070313	880154.25	209.0909118652344	1525.916625976563	40276.890625	
498.2059936523438	889.3333129882813	907859.5625	341.75	1384.25	43097.77734375	
499.4240112304688	591.9166870117188	919647.125	241.6666717529297	1592.75	42462.5546875	
500.6430053710938	800.4000244140625	918430.25	245.4545440673828	1384.333374023438	41257.	
501.8609924316406	878.111083984375	914821.75	250.	1242.416625976563	42294.33203125	
503.0790100097656	620.2000122070313	906941.3125	220.	1242.416625976563	37932.30078125	
504.2969970703125	789.2222290039063	944798.6875	300.	1392.583374023438	42674.109375	
505.5150146484375	922.6666870117188	898480.	250.	1501.083374023438	40800.4453125	
506.7330017089844	922.6666870117188	904756.4375	250.	1476.083374023438	42305.	
507.9509887695313	856.111083984375	903496.	354.5454406738281	1401.	41291.5546875	
509.1690063476563	944.888916015625	946158.25	272.7272644042969	1392.583374023438	40220.66796875	
510.3869934082031	744.7777709960938	942032.4375	309.0909118652344	1501.	40989.5546875	
511.6050109863281	850.4000244140625	941543.125	191.6666717529297	1467.666625976563	42216.22265625	
512.823974609375	640.2000122070313	946781.3125	318.1818237304688	1492.666625976563	37490.	
514.0419921875	990.5999755859375	949022.6875	216.6666717529297	3028.666748046875	42193.890625	
515.260009765625	789.3333129882813	930587.125	233.3333282470703	1426.	40443.4453125	
516.47802734375	680.2999877929688	928222.25	270.	1751.416625976563	38674.	
517.6959838867188	690.2999877929688	928752.875	266.6666564941406	1451.083374023438	39997.66796875	
518.9140014648438	791.272705078125	916280.875	216.6666717529297	1459.416625976563	38373.30078125	
520.1320190429688	433.4166564941406	928658.6875	183.3333282470703	1367.666625976563	38834.69921875	
521.3499755859375	680.2999877929688	910233.75	225.	1459.333374023438	38353.8984375	
522.5679931640625	1010.599975585938	920623.125	200.	1459.333374023438	39046.	
523.7860107421875	1017.333312988281	934985.3125	258.3333435058594	1167.25	42350.5546875	
525.0050048828125	750.2999877929688	912326.25	191.6666717529297	1609.416625976563	40488.890625	
526.2230224609375	820.4000244140625	908006.6875	327.2727355957031	1684.583374023438	40822.	
527.4409790039063	758.75	924325.75	200.	1267.416625976563	41268.22265625	
528.6589965820313	610.2000122070313	918738.25	250.	1501.	41369.	
529.8770141601563	889.4444580078125	896256.875	270.	1209.083374023438	42451.109375	
531.094970703125	880.4000244140625	918736.4375	258.3333435058594	1534.666625976563	37941.80078125	
532.31298828125	800.4444580078125	914644.	283.3333435058594	1159.	41580.4453125	
533.531005859375	760.2999877929688	897025.3125	333.3333435058594	1542.75	41446.890625	
534.7490234375	827.727294921875	916136.	300.	3287.166748046875	39317.77734375	
535.968017578125	554.727294921875	922730.25	325.	1442.666625976563	40076.4453125	
537.1859741210938	900.4000244140625	889782.6875	490.2000122070313	1618.	41212.5546875	
538.4039916992188	860.5	892936.4375	460.	1551.166625976563	40432.5546875	
539.6220092773438	730.2999877929688	888535.125	670.2999877929688	1526.166625976563	41870.5546875	
540.8400268554688	867.111083984375	895053.75	563.8181762695313	1292.416625976563	43198.22265625	
542.0579833984375	590.2000122070313	928306.25	510.2999877929688	1567.666625976563	41826.109375	
543.2760009765625	845.	897631.125	341.6666564941406	1384.333374023438	39719.4453125	
544.4940185546875	844.6666870117188	917669.3125	566.9166870117188	1367.416625976563	41191.33203125	
545.7119750976563	990.5999755859375	929721.75	536.5454711914063	1742.916625976563	41469.66796875	
546.9299926757813	950.5	935628.875	420.	1492.916625976563	42048.890625	
548.1489868164063	889.3333129882813	915388.	12574.4169921875	1776.166625976563	40510.4453125	
549.3670043945313	945.	910938.6875	290.9090881347656	1492.75	43677.890625	
550.5850219726563	767.0833129882813	912600.875	575.25	1551.083374023438	41759.4453125	
551.802978515625	733.5555419921875	886104.4375	409.2727355957031	1426.083374023438	36607.6015625	
553.02099609375	1056.22216796875	908071.125	318.1818237304688	1709.666625976563	37260.19921875	
554.239013671875	880.4000244140625	900810.25	372.8181762695313	1334.333374023438	37581.30078125	
555.4569702148438	809.5454711914063	917959.125	425.1666564941406	1509.333374023438	41435.77734375	
556.6749877929688	856.	910750.25	391.	1425.916625976563	41491.109375	
557.8930053710938	722.5555419921875	933649.75	272.7272644042969	1242.5	42695.77734375	
559.1110229492188	978.3333129882813	910863.125	400.	1442.75	41613.890625	
560.3300170898438	682.1818237304688	922223.125	325.	1300.916625976563	42885.66796875	
561.5479736328125	609.272705078125	888480.875	380.1000061035156	1768.166625976563	38062.19921875	
562.7659912109375	800.3333129882813	875364.875	366.6666564941406	1534.583374023438	40600.66796875	
563.9840087890625	890.2999877929688	910884.4375	320.	1359.083374023438	40933.77734375	
565.2020263671875	811.4444580078125	905798.6875	327.2727355957031	1567.833374023438	40299.5546875	
566.4199829101563	744.888916015625	919763.125	327.2727355957031	1759.666625976563	43354.66796875	
567.6380004882813	740.2999877929688	908750.6875	241.6666717529297	1551.166625976563	39886.66796875	
568.8560180664063	856.	912091.5625	330.	1476.083374023438	38526.	
570.073974609375	736.727294921875	888590.6875	354.6363525390625	1434.25	41179.5546875	
571.2930297851563	800.4444580078125	902383.125	341.6666564941406	1384.25	38112.80078125	
572.510986328125	709.4545288085938	918054.25	208.3333282470703	1434.25	40108.77734375	
573.72900390625	956.111083984375	892236.875	272.7272644042969	1492.666625976563	41347.109375	
574.947021484375	667.111083984375	876429.3125	281.8181762695313	1551.083374023438	39953.109375	
576.1649780273438	700.2999877929688	914565.3125	363.6363525390625	1584.416625976563	42539.77734375	
577.3829956054688	591.8333129882813	900956.875	200.	1409.25	41112.33203125	
578.6010131835938	266.75	894760.875	308.3333435058594	1184.	40600.4453125	
579.8189697265625	750.2999877929688	909024.	300.	1526.	38313.6015625	
581.0369873046875	978.3333129882813	913425.75	272.7272644042969	1492.833374023438	37270.1015625	
582.2550048828125	1022.888916015625	916841.75	172.7272796630859	1375.916625976563	39666.69921875	
583.4739990234375	754.8181762695313	882078.6875	418.2727355957031	1375.916625976563	40745.890625	
584.6920166015625	822.5555419921875	916522.25	218.1818237304688	1317.5	39764.	
585.9099731445313	946.	907564.4375	360.	1467.5	41614.66796875	
587.1279907226563	889.4444580078125	898984.4375	275.	1434.5	41135.22265625	
588.3460083007813	1033.888916015625	881008.4375	300.	1300.833374023438	39105.6015625	
589.5640258789063	790.2999877929688	896864.	336.4545593261719	1617.75	40343.33203125	
590.781982421875	818.6363525390625	897775.5625	391.6666564941406	1400.916625976563	40532.77734375	
592.	810.4000244140625	896361.75	290.9090881347656	1592.916625976563	41135.77734375	
593.218017578125	878.2222290039063	912741.3125	233.3333282470703	1534.333374023438	41559.22265625	
594.4359741210938	910.4000244140625	922531.5625	350.	1609.416625976563	39563.66796875	
595.655029296875	700.2999877929688	870339.5625	336.3636474609375	1801.416625976563	39606.5546875	
596.8729858398438	800.2999877929688	898078.25	266.6666564941406	1325.75	37822.19921875	
598.0910034179688	910.5	894635.125	291.	1584.5	42105.66796875	
599.3090209960938	760.4000244140625	894153.75	258.3333435058594	1601.083374023438	40733.109375	
600.5269775390625	566.75	906408.	263.6363525390625	1784.75	41269.5546875	
601.7449951171875	654.6363525390625	895100.	360.1000061035156	1642.916625976563	43019.22265625	
602.9630126953125	670.2999877929688	879771.125	350.	1442.666625976563	41781.890625	
604.1810302734375	790.2000122070313	902947.125	281.8181762695313	1517.833374023438	41569.77734375	
605.3989868164063	755.888916015625	882344.875	327.2727355957031	1375.833374023438	41201.5546875	
606.6179809570313	791.3636474609375	903594.6875	318.1818237304688	1551.25	40466.66796875	
607.8359985351563	700.2222290039063	882948.	241.6666717529297	1442.583374023438	40399.	
609.0540161132813	911.4444580078125	902727.125	254.5454559326172	1400.916625976563	40120.22265625	
610.27197265625	625.25	884995.75	254.5454559326172	1309.166625976563	41235.77734375	
611.489990234375	945.	886474.6875	275.	1467.666625976563	40343.66796875	
612.7080078125	770.2000122070313	875164.	390.	1592.833374023438	41212.33203125	
613.926025390625	633.4444580078125	873868.4375	290.9090881347656	1300.75	40744.4453125	
615.1439819335938	680.4000244140625	885777.3125	427.3636474609375	1617.833374023438	42128.22265625	
616.3619995117188	789.3333129882813	912556.	158.3333282470703	1542.75	37560.8984375	
617.5800170898438	744.6666870117188	901077.75	245.4545440673828	1225.666625976563	36557.3984375	
618.7990112304688	833.6666870117188	880624.4375	220.	1859.833374023438	41559.77734375	
620.0170288085938	944.7777709960938	879077.75	390.	1809.75	39953.4453125	
621.2349853515625	670.2000122070313	885165.75	263.6363525390625	1751.416625976563	41514.109375	
622.4530029296875	536.5454711914063	891238.6875	190.9090881347656	2986.416748046875	41658.66796875	
623.6710205078125	682.0908813476563	911563.5625	381.8181762695313	1659.416625976563	38885.19921875	
624.8889770507813	725.25	938601.5	200.	1784.75	41692.22265625	
626.1069946289063	790.4000244140625	912327.125	236.3636322021484	2326.916748046875	39886.5546875	
627.3250122070313	878.111083984375	908992.875	266.6666564941406	1968.25	39196.109375	
628.5430297851563	955.0908813476563	918895.5625	258.3333435058594	2051.666748046875	39697.	
629.760986328125	730.4000244140625	902650.6875	225.	4146.5	40811.109375	
630.97998046875	889.3333129882813	876118.6875	200.	1784.75	38950.890625	
632.197998046875	800.4444580078125	886926.25	136.3636322021484	2185.25	40544.4453125	
633.416015625	810.4000244140625	888922.25	200.	2577.25	39462.5546875	
634.6339721679688	911.5555419921875	874500.	200.	1960.	35714.8984375	
635.8519897460938	700.1666870117188	876007.5625	250.	2210.166748046875	38682.77734375	
637.0700073242188	911.5555419921875	859322.6875	150.	1768.083374023438	39998.77734375	
638.2880249023438	1111.77783203125	914431.5625	233.3333282470703	2210.166748046875	39585.4453125	
639.5059814453125	1022.777770996094	878940.	272.7272644042969	1968.25	40634.	
640.7239990234375	890.5	926820.	241.6666717529297	3094.75	42830.	
641.9429931640625	856.111083984375	882062.6875	308.3333435058594	1910.54541015625	41381.22265625	
643.1610107421875	840.4000244140625	871800.875	250.	2719.166748046875	40309.5546875	
644.3790283203125	800.4444580078125	867363.125	290.9090881347656	1592.833374023438	41726.66796875	
645.5969848632813	670.4000244140625	882679.125	280.1000061035156	1717.916625976563	39942.109375	
646.8150024414063	900.4000244140625	860206.25	290.	1809.75	41279.66796875	
648.0330200195313	870.5	901135.125	658.75	1801.416625976563	38638.33203125	
649.2509765625	856.	843508.	236.3636322021484	1676.166625976563	39207.109375	
650.468994140625	1175.75	870482.6875	318.2727355957031	1517.833374023438	38772.22265625	
651.68701171875	720.5	896047.5625	309.0909118652344	1701.25	39663.890625	
652.905029296875	780.2999877929688	881273.3125	380.1000061035156	1668.083374023438	39709.4453125	
654.1240234375	760.4000244140625	875252.875	216.6666717529297	1667.833374023438	48735.66796875	
655.3419799804688	690.2999877929688	864140.4375	225.	1592.833374023438	40678.890625	
656.5599975585938	650.2000122070313	850588.4375	236.3636322021484	1584.416625976563	40499.890625	
657.7780151367188	778.2222290039063	874256.875	263.6363525390625	1584.416625976563	39140.77734375	
658.9959716796875	900.5833129882813	841197.75	330.	1726.416625976563	38782.77734375	
660.2139892578125	867.	865830.25	300.	1467.75	41079.66796875	
661.4320068359375	670.2999877929688	897393.3125	270.	1192.416625976563	40399.	
662.6500244140625	750.2999877929688	890957.75	225.	1450.916625976563	39597.77734375	
663.8679809570313	700.2999877929688	896885.3125	345.4545593261719	1284.	40912.109375	
665.0859985351563	583.5833129882813	890615.125	200.	1692.916625976563	41369.66796875	
666.3049926757813	645.6363525390625	894365.75	300.	1384.083374023438	37700.69921875	
667.5230102539063	680.2000122070313	891855.5625	281.8181762695313	1601.166625976563	41859.66796875	
668.7410278320313	658.4166870117188	897707.5625	272.7272644042969	1325.833374023438	40265.66796875	
669.958984375	750.2999877929688	926293.75	436.3636474609375	1451.166625976563	41870.890625	
671.177001953125	500.1000061035156	872991.125	145.4545440673828	1517.75	39619.5546875	
672.39501953125	878.2222290039063	870522.25	436.3636474609375	1392.5	40500.	
673.6129760742188	408.3333435058594	888220.875	270.	1442.666625976563	40254.5546875	
674.8309936523438	1011.777770996094	884245.3125	310.	1501.083374023438	42028.22265625	
676.0490112304688	780.4000244140625	884227.5625	291.6666564941406	1634.5	40354.77734375	
677.2680053710938	591.8333129882813	853704.4375	258.3333435058594	1409.416625976563	40534.5546875	
678.4860229492188	678.	877739.125	309.0909118652344	1626.25	40019.66796875	
679.7039794921875	844.888916015625	898539.5625	166.6666717529297	1584.5	42161.66796875	
680.9219970703125	878.2222290039063	850087.5625	345.4545593261719	1576.083374023438	39730.33203125	
682.1400146484375	620.2000122070313	872296.4375	258.3333435058594	1559.5	37936.33203125	
683.3579711914063	867.2222290039063	835374.6875	290.	1651.25	39641.890625	
684.5759887695313	620.2000122070313	889457.3125	245.4545440673828	1451.	41591.33203125	
685.7940063476563	760.4000244140625	863045.3125	236.3636322021484	1776.416625976563	40655.4453125	
687.0120239257813	800.3333129882813	866247.5625	183.3333282470703	1442.583374023438	40979.	
688.22998046875	840.2999877929688	843749.3125	263.6363525390625	1392.5	41482.109375	
689.448974609375	967.111083984375	867325.3125	250.	1484.333374023438	40210.22265625	
690.6669921875	756.	885275.125	250.	1442.583374023438	40288.33203125	
691.885009765625	720.4000244140625	868595.5625	309.0909118652344	1459.416625976563	41636.890625	
693.10302734375	800.4444580078125	855132.875	175.	1551.083374023438	40088.22265625	
694.3209838867188	400.	889129.3125	190.	1592.833374023438	40768.5546875	
695.5390014648438	860.5	826830.25	390.9090881347656	1350.833374023438	38671.	
696.7570190429688	620.2999877929688	861491.125	216.6666717529297	1793.	40278.109375	
697.9749755859375	618.3636474609375	842108.875	281.8181762695313	1467.666625976563	40310.33203125	
699.1929931640625	730.4000244140625	870236.4375	225.	1325.833374023438	38483.	
700.4110107421875	980.2999877929688	840933.75	283.3333435058594	1509.25	40521.890625	
701.6300048828125	720.2000122070313	893675.5625	241.6666717529297	1517.833374023438	40733.890625	
702.8480224609375	591.1818237304688	849582.25	183.3333282470703	1317.5	39228.77734375	
704.0659790039063	566.6666870117188	866804.	308.3333435058594	1576.25	40901.890625	
705.2839965820313	1000.555541992188	877449.75	336.3636474609375	1550.916625976563	39843.22265625	
706.5020141601563	733.7777709960938	872983.5625	280.	1667.916625976563	40700.66796875	
707.719970703125	820.4000244140625	893191.5625	200.	1476.25	41726.77734375	
708.93798828125	755.888916015625	863389.75	300.	1584.333374023438	41905.109375	
710.156005859375	1010.5	865378.25	270.	1551.166625976563	42484.5546875	
711.3740234375	767.111083984375	879540.875	250.	1317.5	40956.890625	
712.5919799804688	760.5	857914.6875	366.6666564941406	1509.5	42104.77734375	
713.8109741210938	383.4166564941406	872359.125	236.3636322021484	1551.083374023438	40555.33203125	
715.0289916992188	600.0999755859375	868598.25	254.5454559326172	1484.333374023438	39250.66796875	
716.2470092773438	736.727294921875	902658.25	291.6666564941406	1442.833374023438	40210.109375	
717.4650268554688	922.6666870117188	899365.75	682.272705078125	1200.75	41894.	
718.6829833984375	822.5555419921875	887737.75	345.4545593261719	1400.916625976563	40755.890625	
719.9010009765625	325.	888084.875	318.1818237304688	1459.333374023438	39050.77734375	
721.1190185546875	636.727294921875	865658.25	200.	1350.833374023438	39808.890625	
722.3369750976563	764.	868968.4375	200.	1275.833374023438	38749.33203125	
723.5549926757813	844.7777709960938	885149.75	254.5454559326172	1509.333374023438	39776.22265625	
724.7739868164063	911.5555419921875	857291.125	200.	1409.333374023438	41281.	
725.9920043945313	591.	846544.	281.8181762695313	3195.416748046875	38939.77734375	
727.2100219726563	833.7777709960938	882486.6875	183.3333282470703	1384.083374023438	40097.890625	
728.427978515625	672.9091186523438	891858.6875	141.6666717529297	1500.916625976563	39340.66796875	
729.64599609375	740.2999877929688	874188.875	266.6666564941406	1551.083374023438	40322.22265625	
730.864013671875	840.4000244140625	891646.6875	236.3636322021484	1567.833374023438	40878.66796875	
732.0819702148438	767.	898594.25	225.	1467.666625976563	40824.	
733.2999877929688	933.7777709960938	881789.3125	354.5454406738281	1509.5	40299.4453125	
734.5180053710938	583.5	876447.125	340.1000061035156	1434.333374023438	41794.109375	
735.7360229492188	789.2222290039063	903828.875	290.9090881347656	1534.5	41180.109375	
736.9550170898438	789.3333129882813	915911.5625	200.	1492.75	40387.77734375	
738.1729736328125	933.7777709960938	925665.75	220.	1534.333374023438	39864.33203125	
739.3909912109375	922.6666870117188	883715.5625	290.	1467.666625976563	40243.	
740.6090087890625	780.4000244140625	876692.875	390.1000061035156	1534.333374023438	41403.4453125	
741.8270263671875	690.2999877929688	887640.875	260.	1476.	40891.	
743.0449829101563	925.5	894304.875	327.2727355957031	1476.083374023438	40454.33203125	
744.2630004882813	760.2000122070313	888724.4375	308.3333435058594	1417.75	40633.33203125	
745.4810180664063	790.5	878698.25	350.	1684.5	40387.66796875	
746.698974609375	754.8181762695313	867180.	375.0833435058594	1567.75	40800.22265625	
747.9169921875	800.4000244140625	915887.125	350.	1401.	40968.77734375	
749.135986328125	855.7777709960938	899168.875	240.	1559.333374023438	42172.	
750.35400390625	755.888916015625	871920.4375	258.3333435058594	1542.833374023438	41592.	
751.572021484375	767.2222290039063	871743.5625	383.4166564941406	1709.416625976563	40756.4453125	
752.7899780273438	640.2999877929688	880832.4375	200.	1417.583374023438	39496.5546875	
754.0079956054688	800.4000244140625	899615.125	350.	1476.083374023438	39931.109375	
755.2260131835938	844.7777709960938	880444.4375	227.2727203369141	1651.25	41181.66796875	
756.4439697265625	711.4444580078125	879922.6875	4742.4443359375	1601.166625976563	41157.22265625	
757.6619873046875	789.2222290039063	895354.6875	160.	1442.666625976563	40164.77734375	
758.8800048828125	900.4444580078125	882448.4375	260.	1534.5	40142.77734375	
760.0989990234375	654.727294921875	900985.75	354.5454406738281	1500.916625976563	41771.	
761.3170166015625	620.2000122070313	891482.6875	175.	1467.833374023438	39986.109375	
762.5349731445313	790.2999877929688	863656.4375	280.	1492.666625976563	41124.33203125	
763.7529907226563	718.4545288085938	902362.25	400.0909118652344	1659.583374023438	40176.22265625	
764.9710083007813	518.272705078125	890891.5625	1693.5	1292.583374023438	38093.33203125	
766.1890258789063	810.4000244140625	899241.3125	260.	1834.833374023438	39184.66796875	
767.406982421875	641.8333129882813	887461.3125	316.6666564941406	1576.166625976563	40690.	
768.625	767.111083984375	886314.25	245.4545440673828	1492.666625976563	40365.109375	
769.843017578125	650.2000122070313	877851.125	233.3333282470703	1426.	41368.4453125	
771.0609741210938	627.5454711914063	903396.	200.	1426.	39718.77734375	
772.280029296875	911.6666870117188	894542.25	275.	1300.75	40477.22265625	
773.4979858398438	740.2000122070313	898352.875	391.	1409.166625976563	40522.33203125	
774.7160034179688	820.2999877929688	894016.	283.3333435058594	1275.833374023438	39853.5546875	
775.9340209960938	742.0833129882813	885683.5625	254.5454559326172	1501.166625976563	40254.4453125	
777.1519775390625	1245.333374023438	896666.6875	240.	1826.5	41213.66796875	
778.3699951171875	778.2222290039063	879489.3125	220.	1409.416625976563	40064.5546875	
779.5880126953125	790.4000244140625	854471.125	218.1818237304688	1534.333374023438	41002.4453125	
780.8060302734375	630.2000122070313	897575.125	218.1818237304688	1551.083374023438	37229.69921875	
782.0239868164063	820.4000244140625	894396.	272.8181762695313	1517.583374023438	38527.22265625	
783.2420043945313	830.4000244140625	854189.3125	370.	1843.083374023438	39886.33203125	
784.4609985351563	833.7777709960938	898464.875	233.3333282470703	1642.75	39128.	
785.6790161132813	882.272705078125	864712.	272.7272644042969	1442.75	39865.	
786.89697265625	930.5	902044.	372.8181762695313	1334.083374023438	39407.	
788.114990234375	1022.777770996094	885611.125	370.1000061035156	1626.25	41715.4453125	
789.3330078125	911.7777709960938	890893.3125	309.0909118652344	1442.583374023438	38594.	
790.551025390625	980.5	859442.6875	290.9090881347656	1451.166625976563	40287.22265625	
791.7689819335938	811.5555419921875	885915.125	300.	1417.666625976563	39073.	
792.9869995117188	890.5	863580.	318.1818237304688	1476.	38727.77734375	
794.2050170898438	1123.	906853.75	354.6363525390625	1584.583374023438	41603.890625	
795.4240112304688	764.	860086.125	227.2727203369141	1534.416625976563	40856.22265625	
796.6420288085938	833.7777709960938	879665.3125	372.8181762695313	1484.416625976563	41291.77734375	
797.8599853515625	791.272705078125	879948.875	366.6666564941406	1601.083374023438	36065.8984375	
799.0780029296875	400.0833435058594	871510.25	270.	1476.	39586.66796875	
800.2960205078125	820.4000244140625	897677.3125	380.	1400.916625976563	41347.33203125	
801.5139770507813	644.7777709960938	863618.25	318.1818237304688	1325.833374023438	40600.77734375	
802.7319946289063	809.5454711914063	863840.4375	236.3636322021484	1626.166625976563	38626.890625	
803.9500122070313	770.2999877929688	865013.3125	290.9090881347656	1509.416625976563	38894.66796875	
805.1680297851563	878.2222290039063	866345.75	190.	1492.666625976563	39942.5546875	
806.385986328125	800.3333129882813	855978.6875	236.3636322021484	1450.916625976563	38995.33203125	
807.60498046875	830.5	893604.875	354.5454406738281	1267.416625976563	39763.33203125	
808.822998046875	760.2000122070313	871731.5625	360.	1284.083374023438	40532.890625	
810.041015625	716.8333129882813	886582.6875	225.	1734.583374023438	42205.33203125	
811.2589721679688	830.4000244140625	849302.6875	320.	1484.416625976563	40612.109375	
812.4769897460938	767.	902590.25	190.	1467.75	35795.19921875	
813.6950073242188	850.2999877929688	871265.75	220.	1759.666625976563	39006.33203125	
814.9130249023438	754.9091186523438	845700.4375	254.5454559326172	1476.166625976563	40299.	
816.1309814453125	670.2000122070313	889436.	283.3333435058594	1409.416625976563	34370.	
817.3489990234375	720.2999877929688	893803.5625	320.	1309.25	42707.4453125	
818.5670166015625	755.7777709960938	888739.125	350.0833435058594	1467.666625976563	39897.	
819.7860107421875	533.4444580078125	876461.3125	254.5454559326172	1592.916625976563	38292.5546875	
821.0040283203125	750.2999877929688	899956.4375	320.	1601.	39618.77734375	
822.2219848632813	870.2999877929688	868568.	281.8181762695313	1392.666625976563	40857.5546875	
823.4400024414063	967.3333129882813	863224.875	340.	1501.	39931.109375	
824.6580200195313	760.4000244140625	850405.3125	263.6363525390625	3061.583251953125	41202.4453125	
825.8759765625	833.888916015625	873576.	236.3636322021484	1367.5	39319.22265625	
827.093994140625	655.7777709960938	905502.25	230.	1492.666625976563	40054.33203125	
828.31201171875	700.2999877929688	885329.75	372.7272644042969	1643.083374023438	38706.22265625	
829.530029296875	744.888916015625	863605.3125	330.	1451.166625976563	38750.	
830.7490234375	766.888916015625	918676.4375	141.6666717529297	1326.	40154.5546875	
831.9669799804688	566.7777709960938	867220.4375	227.2727203369141	1267.5	41024.33203125	
833.1849975585938	660.2999877929688	902436.4375	181.8181762695313	1501.083374023438	41337.109375	
834.4030151367188	1056.22216796875	871543.125	250.	1426.	38995.	
835.6209716796875	708.5833129882813	875460.4375	370.1000061035156	1517.666625976563	40310.109375	
836.8389892578125	718.3636474609375	872067.5625	283.3333435058594	1592.916625976563	40700.66796875	
838.0570068359375	900.4444580078125	880957.75	290.9090881347656	1367.583374023438	39864.5546875	
839.2750244140625	900.5555419921875	860597.3125	430.1000061035156	1517.833374023438	39898.890625	
840.4929809570313	720.2999877929688	846097.75	336.3636474609375	1467.75	39050.33203125	
841.7109985351563	690.2999877929688	857410.25	333.3333435058594	1617.75	40545.	
842.9299926757813	800.4444580078125	865650.25	281.8181762695313	1425.916625976563	41905.33203125	
844.1480102539063	773.	892231.125	220.1000061035156	1809.833374023438	37468.890625	
845.3660278320313	840.2999877929688	895387.5625	309.0909118652344	1500.833374023438	41425.890625	
846.583984375	744.7777709960938	865097.3125	190.	1484.583374023438	39195.77734375	
847.802001953125	750.2000122070313	879434.6875	254.5454559326172	1359.166625976563	41102.66796875	
849.02001953125	810.5	885356.875	220.	1901.583374023438	39809.66796875	
850.2379760742188	755.888916015625	846268.	354.5454406738281	1642.916625976563	39006.	
851.4559936523438	933.7777709960938	882354.25	300.	1192.333374023438	39207.	
852.6740112304688	566.9166870117188	901910.6875	336.3636474609375	1376.	39887.109375	
853.8920288085938	956.	887989.3125	340.	1367.666625976563	39529.109375	
855.1110229492188	780.2999877929688	880403.125	300.	1542.666625976563	38169.33203125	
856.3289794921875	760.5	908282.6875	310.1000061035156	1234.083374023438	41113.77734375	
857.5469970703125	811.5555419921875	852316.4375	216.6666717529297	1167.333374023438	39831.33203125	
858.7650146484375	682.1818237304688	864468.4375	350.	1292.416625976563	39441.	
859.9829711914063	720.2000122070313	871751.125	208.3333282470703	1401.083374023438	40634.	
861.2009887695313	810.2999877929688	848028.875	281.8181762695313	1267.583374023438	39263.109375	
862.4190063476563	690.2999877929688	872123.3125	290.9090881347656	1534.416625976563	38114.5546875	
863.6370239257813	978.111083984375	872951.5625	263.6363525390625	1526.083374023438	41536.5546875	
864.85498046875	756.	850414.6875	254.5454559326172	1425.916625976563	41393.22265625	
866.072998046875	275.	873456.875	254.5454559326172	1192.416625976563	40745.4453125	
867.2919921875	391.75	888102.6875	300.	1275.833374023438	40031.890625	
868.510009765625	922.6666870117188	879243.125	208.3333282470703	1334.25	39128.77734375	
869.72802734375	630.0999755859375	871120.875	350.	1601.25	40188.22265625	
870.9459838867188	750.2999877929688	885680.	230.	1359.166625976563	40879.	
872.1640014648438	878.2222290039063	867109.3125	170.	1409.333374023438	40042.4453125	
873.3820190429688	778.111083984375	853232.	216.6666717529297	1450.833374023438	40490.109375	
874.5999755859375	878.3333129882813	852596.4375	136.3636322021484	1634.583374023438	40333.33203125	
875.8179931640625	850.5	888757.3125	380.	1450.916625976563	41146.	
877.0360107421875	630.2000122070313	869420.	340.	1350.916625976563	40512.	
878.2550048828125	878.111083984375	870767.125	360.	1476.	40588.4453125	
879.4730224609375	720.2999877929688	880115.5625	236.3636322021484	1576.166625976563	40243.33203125	
880.6909790039063	700.4000244140625	875725.3125	281.8181762695313	1718.166625976563	39864.33203125	
881.9089965820313	750.2999877929688	894769.3125	245.4545440673828	2018.333374023438	39328.4453125	
883.1270141601563	1045.111083984375	862138.25	383.3333435058594	1701.333374023438	39084.66796875	
884.344970703125	778.111083984375	880340.875	263.6363525390625	1267.416625976563	40900.890625	
885.56298828125	545.6363525390625	878601.125	263.6363525390625	1534.5	41894.890625	
886.781005859375	560.2999877929688	877673.3125	336.3636474609375	1567.833374023438	40455.22265625	
887.9990234375	767.	869356.4375	327.2727355957031	1717.916625976563	40064.890625	
889.2169799804688	800.4444580078125	877440.4375	325.0833435058594	1259.083374023438	40689.77734375	
890.4359741210938	554.8181762695313	878025.75	218.1818237304688	1284.25	39006.4453125	
891.6539916992188	778.2222290039063	852633.3125	254.5454559326172	1617.916625976563	38660.33203125	
892.8720092773438	844.888916015625	838292.875	390.	1542.75	39697.66796875	
894.0900268554688	767.	853816.875	372.7272644042969	1401.	39417.66796875	
895.3079833984375	856.	877451.5625	309.0909118652344	1409.333374023438	39072.66796875	
896.5260009765625	208.3333282470703	853698.25	160.	1717.916625976563	40579.4453125	
897.7440185546875	690.2999877929688	865959.5625	183.3333282470703	1300.916625976563	40445.33203125	
898.9619750976563	530.2000122070313	847064.875	225.	1492.666625976563	39710.22265625	
900.1799926757813	690.2999877929688	840385.75	283.4166564941406	1484.25	40856.	
901.3980102539063	920.5	892036.875	345.4545593261719	1409.333374023438	40745.33203125	
902.6170043945313	710.2000122070313	864766.25	241.6666717529297	1492.583374023438	38861.	
903.8350219726563	1122.888916015625	877888.4375	200.	1400.916625976563	40511.33203125	
905.052978515625	867.2222290039063	848058.6875	358.4166564941406	1376.	39408.4453125	
906.27099609375	655.888916015625	868982.25	218.1818237304688	1492.75	40153.4453125	
907.489013671875	730.2999877929688	847984.875	233.3333282470703	1467.75	39976.5546875	
908.7069702148438	867.2222290039063	842081.75	309.0909118652344	1375.833374023438	40555.66796875	
909.9249877929688	618.5454711914063	872809.3125	310.	1567.833374023438	39998.109375	
911.1430053710938	889.3333129882813	869032.875	266.6666564941406	1501.	40867.109375	
912.3610229492188	750.4000244140625	865220.875	318.2727355957031	1542.75	38816.66796875	
913.5800170898438	878.2222290039063	874478.6875	283.3333435058594	1851.5	39307.33203125	
914.7979736328125	670.2999877929688	844257.75	300.	1292.5	39386.	
916.0159912109375	811.3333129882813	865289.3125	300.	1250.75	40622.5546875	
917.2340087890625	760.2999877929688	882667.125	280.	1267.416625976563	39741.77734375	
918.4520263671875	833.7777709960938	858898.25	309.0909118652344	1342.833374023438	39853.5546875	
919.6699829101563	800.3333129882813	892172.875	240.	1342.5	37219.3984375	
920.8880004882813	854.9091186523438	901101.75	245.4545440673828	1559.5	40799.77734375	
922.1060180664063	755.888916015625	902401.75	183.3333282470703	1426.	39954.22265625	
923.323974609375	810.5	894443.5625	316.6666564941406	1384.333374023438	39296.5546875	
924.5419921875	933.888916015625	858574.6875	230.	1434.166625976563	38872.4453125	
925.760986328125	711.4444580078125	874597.3125	163.6363677978516	1643.	40221.4453125	
926.97900390625	822.5555419921875	847229.3125	300.	1384.083374023438	39530.890625	
928.197021484375	878.2222290039063	861860.	260.1000061035156	1492.583374023438	41269.109375	
929.4149780273438	1034.	885576.25	354.5454406738281	1567.75	39597.22265625	
930.6329956054688	754.9091186523438	873436.4375	227.2727203369141	1384.416625976563	41236.	
931.8510131835938	678.	873763.125	333.3333435058594	1501.083374023438	38872.109375	
933.0689697265625	316.6666564941406	868140.875	336.3636474609375	1592.916625976563	41023.4453125	
934.2869873046875	811.5555419921875	903239.5625	310.	1409.333374023438	39396.890625	
935.5050048828125	691.1818237304688	886204.4375	270.	1634.583374023438	39328.890625	
936.7230224609375	570.0999755859375	872254.25	254.5454559326172	1451.	40511.4453125	
937.9420166015625	922.7777709960938	875416.	245.4545440673828	1526.083374023438	39742.	
939.1599731445313	618.3636474609375	861150.6875	410.1000061035156	1367.5	40444.5546875	
940.3779907226563	840.5	852569.3125	258.3333435058594	1559.333374023438	37746.109375	
941.5960083007813	720.2999877929688	883332.4375	216.6666717529297	1259.166625976563	39618.890625	
942.8140258789063	900.4444580078125	895671.5625	327.2727355957031	1567.75	40590.33203125	
944.031982421875	722.5555419921875	868692.4375	225.	1643.	38716.33203125	
945.25	811.4444580078125	885449.3125	354.5454406738281	1501.083374023438	39150.77734375	
946.468017578125	700.2222290039063	877482.6875	216.6666717529297	1601.166625976563	41292.22265625	
947.6859741210938	900.4444580078125	850857.3125	309.0909118652344	1592.75	41203.	
948.905029296875	889.4444580078125	884874.6875	258.3333435058594	1634.666625976563	39274.77734375	
950.1229858398438	810.5	867038.6875	281.8181762695313	1409.416625976563	40956.77734375	
951.3410034179688	840.4000244140625	866755.125	300.	1367.583374023438	41493.	
952.5590209960938	956.111083984375	863643.125	266.6666564941406	1793.083374023438	38615.5546875	
953.7769775390625	744.7777709960938	881236.	250.	1442.666625976563	40955.890625	
954.9949951171875	760.2999877929688	854746.25	241.6666717529297	1309.166625976563	39239.890625	
956.2130126953125	840.4000244140625	881890.6875	300.	1484.25	39519.109375	
957.4310302734375	541.8333129882813	889053.75	336.3636474609375	1376.083374023438	39262.22265625	
958.6489868164063	640.2999877929688	881217.75	318.1818237304688	1425.916625976563	40936.	
959.8670043945313	710.2999877929688	886201.3125	250.	1459.333374023438	40321.66796875	
961.0859985351563	680.2000122070313	861860.	309.0909118652344	1601.166625976563	38872.77734375	
962.3040161132813	670.4000244140625	851145.75	233.3333282470703	1384.166625976563	39675.22265625	
963.52197265625	666.888916015625	862172.	320.	1617.833374023438	39674.77734375	
964.739990234375	540.0999755859375	819848.	318.1818237304688	1275.75	38761.4453125	
965.9580078125	778.2222290039063	881290.25	200.	1242.5	39017.4453125	
967.176025390625	811.4444580078125	851048.4375	358.4166564941406	1209.083374023438	41213.4453125	
968.3939819335938	850.5	840417.3125	281.8181762695313	1467.833374023438	40165.	
969.6119995117188	722.6666870117188	844445.75	275.	1434.333374023438	40133.33203125	
970.8300170898438	640.0999755859375	862918.25	742.25	1684.666625976563	39775.4453125	
972.0479736328125	789.3333129882813	869251.5625	241.6666717529297	1426.	39943.	
973.2670288085938	720.4000244140625	861446.25	290.	1576.	36720.66796875	
974.4849853515625	811.4444580078125	857349.75	272.7272644042969	1492.666625976563	38604.5546875	
