Trace for Mass:	Na23(LR)	Mg25(LR)	Cu63(LR)	Pb208(LR)	Sn118(LR)
Resolution:	Low	Low	Low	Low	Low
					
Time	Intensity	Intensity	Intensity	Intensity	Intensity
[sec]	[cps]	[cps]	[cps]	[cps]	[cps]

1.25	1615947.	2101.75	14945.25	1200.75	933.9166870117188	
2.497999906539917	1037076.	2927.5	14719.9169921875	1175.75	958.75	
3.746000051498413	1052936.	2652.5	14987.	1225.666625976563	1184.083374023438	
4.99399995803833	1048804.	2151.75	15112.1669921875	1334.166625976563	933.6666870117188	
6.243000030517578	1029852.	2527.	15571.25	1284.25	850.4166870117188	
7.491000175476074	1053208.	2577.25	15145.5	1167.333374023438	708.5	
8.73900032043457	1079852.	2877.5	16948.833984375	1275.833374023438	983.8333129882813	
9.987000465393066	1081908.	3528.25	16297.75	1434.416625976563	925.5	
11.23499965667725	1070688.	3002.5	16406.166015625	1467.583374023438	1000.5	
12.48299980163574	1031736.	2977.75	16047.25	1259.	791.8333129882813	
13.73099994659424	1037484.	2452.	15771.6669921875	1409.333374023438	1125.666625976563	
14.97900009155273	1043892.	2977.75	15955.5830078125	1150.666625976563	908.9166870117188	
16.22699928283691	1038172.	2352.	15988.9169921875	1134.	883.6666870117188	
17.47500038146973	1019492.	2126.5	16022.25	1401.083374023438	850.25	
18.72299957275391	1015392.	2852.25	16297.9169921875	1134.083374023438	783.5833129882813	
19.97200012207031	1043452.	3078.	15754.9169921875	1200.833374023438	908.75	
21.21999931335449	1018976.	2777.25	20176.083984375	1083.916625976563	775.1666870117188	
22.46800041198731	1040872.	2452.25	16013.8330078125	1200.833374023438	983.8333129882813	
23.71599960327148	1043312.	2377.25	14845.0830078125	1467.666625976563	883.6666870117188	
24.9640007019043	1137380.	2477.25	16280.9169921875	1167.5	958.9166870117188	
26.21199989318848	1038448.	2827.5	15754.9169921875	1209.	983.9166870117188	
27.45999908447266	1064192.	2927.5	16122.6669921875	1075.666625976563	1034.083374023438	
28.70800018310547	1039204.	2927.75	15429.5	1217.333374023438	925.5833129882813	
29.95599937438965	1060452.	2301.75	16022.6669921875	1250.75	967.25	
31.20400047302246	1047592.	2276.75	15429.5	1259.25	766.9166870117188	
32.45199966430664	1062536.	2502.5	15980.5830078125	1050.666625976563	933.8333129882813	
33.70100021362305	1065888.	2502.	16373.	1300.75	908.6666870117188	
34.94900131225586	1061876.	2202.	15813.4169921875	1125.583374023438	983.9166870117188	
36.19699859619141	1084216.	2902.75	18545.416015625	1275.916625976563	1075.666625976563	
37.44499969482422	1063008.	2377.	16681.666015625	1209.083374023438	1142.416625976563	
38.69300079345703	1055876.	2652.5	15020.5830078125	1225.75	1025.583374023438	
39.94100189208984	1048332.	2502.25	16464.666015625	1200.583374023438	917.	
41.18899917602539	1063704.	2451.75	15563.	1401.083374023438	842.	
42.4370002746582	1072092.	2677.25	16030.6669921875	1125.583374023438	1092.333374023438	
43.68500137329102	1070276.	2977.5	15646.5830078125	1267.583374023438	741.8333129882813	
44.93299865722656	1061304.	2727.25	15446.0830078125	1192.416625976563	1008.916687011719	
46.18099975585938	1056296.	2602.5	15604.75	1133.833374023438	858.6666870117188	
47.43000030517578	1047444.	2227.	16222.75	1200.833374023438	992.25	
48.67800140380859	1048164.	2652.5	15830.25	1267.5	867.	
49.92599868774414	1048120.	2627.25	15212.4169921875	1242.5	841.9166870117188	
51.17399978637695	1033080.	2752.5	15805.3330078125	1167.333374023438	967.25	
52.42200088500977	1041028.	2627.25	15871.8330078125	1142.416625976563	1084.083374023438	
53.66999816894531	1041256.	2426.75	26698.333984375	1250.916625976563	983.8333129882813	
54.91799926757813	1081092.	2777.5	17459.083984375	1325.833374023438	958.8333129882813	
56.16600036621094	1066796.	2802.25	16640.	1259.166625976563	958.9166870117188	
57.41400146484375	1085648.	2452.	17057.666015625	1501.083374023438	1109.	
58.6619987487793	1076632.	2702.25	16172.5830078125	1167.416625976563	1134.083374023438	
59.90999984741211	1056288.	3077.75	16372.9169921875	1092.416625976563	925.4166870117188	
61.15900039672852	1082052.	2251.75	15454.5	1234.25	892.0833129882813	
62.40700149536133	1049368.	2927.75	16047.1669921875	1225.75	1217.416625976563	
63.65499877929688	1037352.	2552.25	15521.25	1217.416625976563	942.1666870117188	
64.90299987792969	1024364.	3228.	16548.5	1375.75	1017.25	
66.1510009765625	1057856.	2251.75	16297.6669921875	1275.833374023438	958.8333129882813	
67.39900207519531	1084168.	2827.5	15329.4169921875	1209.166625976563	867.1666870117188	
68.64700317382813	1044268.	2677.5	25317.75	1042.333374023438	833.6666870117188	
69.89499664306641	1113896.	8161.25	18712.416015625	1476.	767.	
71.14299774169922	1058280.	2902.5	16740.416015625	1517.916625976563	1017.166687011719	
72.39099884033203	1076112.	2151.75	18887.166015625	1083.916625976563	867.0833129882813	
73.63899993896484	1085908.	2427.	16531.583984375	1267.5	1075.666625976563	
74.88800048828125	1070764.	3152.75	17074.166015625	1526.166625976563	1209.083374023438	
76.13600158691406	1732062.	3728.75	18259.666015625	1567.833374023438	1317.5	
77.38400268554688	1094964.	2852.5	16740.166015625	1759.833374023438	1250.916625976563	
78.63200378417969	1086260.	2677.25	18911.166015625	1784.583374023438	1317.583374023438	
79.87999725341797	1098704.	3002.75	17082.833984375	1584.5	1259.166625976563	
81.12799835205078	1070112.	5782.	17366.333984375	1576.166625976563	1359.25	
82.37599945068359	1080296.	2477.	18051.083984375	1526.	1150.666625976563	
83.62400054931641	1082664.	3177.75	20775.5	1409.25	1292.666625976563	
84.87200164794922	1135108.	2877.5	17216.083984375	1259.083374023438	1200.75	
86.12000274658203	1151456.	2577.25	26457.416015625	1376.083374023438	1225.833374023438	
87.36799621582031	1119832.	2527.5	17558.5	1350.833374023438	1033.833374023438	
88.61699676513672	1091004.	2577.	32594.416015625	1217.416625976563	1384.333374023438	
89.86499786376953	1116664.	26307.25	17608.333984375	1334.083374023438	1409.25	
91.11299896240234	1104408.	18368.25	19763.916015625	1442.666625976563	1109.	
92.36100006103516	1075828.	2702.25	16264.25	1392.5	1267.416625976563	
93.60900115966797	1050536.	2727.25	19037.416015625	1525.916625976563	917.1666870117188	
94.85700225830078	1077060.	3203.25	17458.333984375	1417.75	1100.5	
96.10500335693359	1072804.	2777.5	18009.083984375	1359.25	1159.083374023438	
97.35299682617188	1084876.	2802.75	17449.833984375	1726.333374023438	967.0833129882813	
98.60099792480469	1186145.875	6182.	17499.833984375	1334.166625976563	2795.166748046875	
99.8489990234375	1128068.	2477.	39848.33203125	1259.25	917.0833129882813	
101.0970001220703	1144456.	2602.25	19337.666015625	1192.583374023438	942.0833129882813	
102.3460006713867	1117392.	3252.75	26130.666015625	1334.333374023438	908.6666870117188	
103.5940017700195	1088032.	9336.75	16957.083984375	1409.25	925.5	
104.8420028686523	1163360.5	3954.	17166.083984375	1267.416625976563	992.1666870117188	
106.0899963378906	1116944.	7634.	17675.333984375	1442.583374023438	958.8333129882813	
107.3379974365234	1120527.375	9762.25	17500.083984375	1475.916625976563	992.1666870117188	
108.5859985351563	1117952.	11314.5	23104.083984375	1225.833374023438	958.8333129882813	
109.8339996337891	1096472.	9286.	19195.333984375	1259.083374023438	992.1666870117188	
111.0820007324219	1161488.	9987.25	19271.583984375	1217.583374023438	1034.	
112.3300018310547	1055728.	15650.75	16790.25	1375.833374023438	1092.5	
113.5780029296875	1098728.	8585.25	18368.5	1409.416625976563	875.3333129882813	
114.8259963989258	1072224.	9836.5	17074.416015625	1417.583374023438	916.9166870117188	
116.0749969482422	1049276.	7408.25	16197.4169921875	1242.583374023438	942.1666870117188	
117.322998046875	1065744.	11214.25	18067.75	1309.083374023438	983.8333129882813	
118.5709991455078	1066044.	6256.75	18569.333984375	1425.916625976563	766.9166870117188	
119.8190002441406	1070472.	10939.	16439.5	1159.	1108.916625976563	
121.0670013427734	1093092.	10564.	16556.416015625	1083.916625976563	1284.25	
122.3150024414063	1081300.	5205.75	17190.916015625	1375.833374023438	800.25	
123.5630035400391	1126984.25	5505.75	16072.4169921875	1292.583374023438	983.75	
124.8109970092773	1090204.	3603.5	17625.166015625	1434.416625976563	1050.666625976563	
126.0589981079102	1061352.	3953.75	16122.3330078125	1442.583374023438	925.3333129882813	
127.306999206543	1051704.	4429.75	16289.3330078125	1275.916625976563	858.75	
128.5549926757813	1105740.	2527.25	16373.	1125.5	1175.833374023438	
129.8040008544922	1094360.	3803.75	15688.1669921875	1242.583374023438	842.0833129882813	
131.052001953125	1057124.	3728.5	16556.333984375	1217.416625976563	842.0833129882813	
132.3000030517578	1132836.	2427.	15329.1669921875	1250.75	875.3333129882813	
133.5480041503906	1062060.	2752.5	15871.9169921875	1325.75	1075.666625976563	
134.7960052490234	1064392.	2752.25	16373.0830078125	1292.666625976563	975.5	
136.0440063476563	1074176.	2777.5	16807.	1400.916625976563	908.8333129882813	
137.2920074462891	1106488.	2902.5	17533.333984375	1067.166625976563	833.6666870117188	
138.5399932861328	1063648.	2602.25	15629.9169921875	1326.	1033.833374023438	
139.7879943847656	1094988.	3052.75	16506.5	1267.5	883.8333129882813	
141.0359954833984	1073428.	3253.25	15771.75	1492.833374023438	942.1666870117188	
142.2839965820313	1169156.	2602.25	15521.25	1234.083374023438	842.1666870117188	
143.5330047607422	1025944.	2727.5	15947.	983.75	842.25	
144.781005859375	1013436.	2927.75	18253.416015625	1084.	942.1666870117188	
146.0290069580078	1048484.	2377.	15195.8330078125	1192.416625976563	1259.166625976563	
147.2769927978516	1044196.	2927.5	15145.5830078125	1275.75	1042.25	
148.5249938964844	1049416.	2452.	14903.25	983.75	1033.916625976563	
149.7729949951172	1023092.	2802.5	18904.666015625	1267.583374023438	1083.916625976563	
151.02099609375	1075032.	2802.5	15454.5	1259.25	959.	
152.2689971923828	1066072.	2852.5	16230.9169921875	1325.833374023438	1075.5	
153.5169982910156	1061336.	3303.25	16147.4169921875	1584.5	725.25	
154.7649993896484	1084480.	2652.25	15496.0830078125	1334.166625976563	900.4166870117188	
156.0130004882813	1060928.	2577.25	16089.25	1375.833374023438	967.25	
157.2619934082031	1065184.	2226.75	16915.5	1175.75	892.	
158.5099945068359	1046692.	2452.	16030.6669921875	1184.166625976563	850.4166870117188	
159.7579956054688	1084636.	4229.5	15805.25	1276.	800.3333129882813	
161.0059967041016	1055624.	2502.	15980.4169921875	1100.583374023438	900.4166870117188	
162.2539978027344	1082820.	7159.	16038.75	1284.333374023438	917.0833129882813	
163.5019989013672	1045276.	2927.75	16481.416015625	1075.583374023438	992.25	
164.75	1046136.	2702.5	16264.4169921875	1250.75	925.5	
165.9980010986328	1437136.25	2827.5	16740.25	1276.	858.75	
167.2460021972656	1071908.	3127.75	16155.75	1242.333374023438	958.5833129882813	
168.4940032958984	1087992.	2552.	16047.1669921875	1417.75	825.3333129882813	
169.7420043945313	1107588.	2977.75	16807.	967.25	1000.5	
170.9909973144531	1097908.	2852.5	15771.8330078125	1225.75	883.75	
172.2389984130859	1097196.	4730.	16322.8330078125	1150.833374023438	967.0833129882813	
173.4869995117188	1074140.	2326.75	15538.	1267.583374023438	908.8333129882813	
174.7350006103516	1058956.	3653.5	16155.5	1017.333312988281	942.1666870117188	
175.9830017089844	1045935.75	2502.	21132.916015625	1159.166625976563	1042.25	
177.2310028076172	1107863.25	2902.5	19080.583984375	1367.583374023438	825.4166870117188	
178.47900390625	1036148.	2627.	15371.1669921875	1234.166625976563	883.8333129882813	
179.7270050048828	1045676.	2827.5	16731.916015625	1300.833374023438	1008.833312988281	
180.9750061035156	1057832.	2927.75	16030.5	1359.166625976563	925.4166870117188	
182.2230072021484	1072564.	2902.75	16347.75	1384.333374023438	1017.25	
183.4709930419922	1051020.	2702.	15237.4169921875	1359.166625976563	758.5833129882813	
184.7200012207031	1078152.	2677.5	15320.9169921875	1309.166625976563	1000.583312988281	
185.9680023193359	1079840.	2877.5	16949.	1117.166625976563	942.1666870117188	
187.2160034179688	1075068.	2527.	15830.25	1175.75	875.3333129882813	
188.4640045166016	1078944.	2502.	16991.083984375	1175.833374023438	817.25	
189.7120056152344	1068440.	2252.	15997.25	1275.75	942.0833129882813	
190.9600067138672	1030344.	2026.5	15654.75	1134.083374023438	925.4166870117188	
192.2079925537109	1041280.	2552.25	15554.75	1192.25	917.25	
193.4559936523438	1043368.	2727.5	14853.5	1275.666625976563	958.8333129882813	
194.7039947509766	1010584.	2426.75	22997.583984375	1426.	950.5833129882813	
195.9519958496094	1038284.	2802.25	15354.25	1242.416625976563	933.8333129882813	
197.1999969482422	1053156.	2752.5	15905.4169921875	1275.916625976563	950.5	
198.4490051269531	1024296.	2001.5	15095.6669921875	1192.333374023438	942.25	
199.6970062255859	1063612.	2452.25	15537.9169921875	1309.166625976563	833.5833129882813	
200.9450073242188	1053008.	3027.75	16088.8330078125	1092.25	833.5833129882813	
202.1929931640625	1054612.	3102.5	15988.6669921875	1100.583374023438	875.4166870117188	
203.4409942626953	1026784.	2602.25	15963.5830078125	1267.333374023438	1059.	
204.6889953613281	1027196.	2026.5	15696.5	1192.416625976563	1025.5	
205.9369964599609	1037304.	2402.	15788.5830078125	1183.916625976563	808.75	
207.1849975585938	1084852.	3102.75	16673.5	1384.25	867.0833129882813	
208.4329986572266	1042696.	2577.25	15437.5830078125	1159.	1050.666625976563	
209.6809997558594	1051968.	2927.5	15846.9169921875	1426.	1142.416625976563	
210.9290008544922	1047288.	2652.25	15604.9169921875	1401.	1109.	
212.1779937744141	1025656.	3002.75	15972.0830078125	1300.75	850.3333129882813	
213.4259948730469	1053728.	3002.75	16022.1669921875	1134.	933.8333129882813	
214.6739959716797	1100468.	2477.25	14577.75	1167.5	742.	
215.9219970703125	1068236.	2777.5	15871.75	1250.833374023438	975.5	
217.1699981689453	1064080.	2927.75	15988.8330078125	1300.833374023438	933.8333129882813	
218.4179992675781	1045348.	2552.25	15462.75	1300.75	808.5833129882813	
219.6660003662109	1054248.	2652.5	15120.5	942.1666870117188	917.	
220.9140014648438	1060456.	3103.	15604.8330078125	1676.333374023438	1000.5	
222.1620025634766	1021372.	2427.	15654.8330078125	1200.583374023438	867.0833129882813	
223.4100036621094	1071356.	2977.75	16147.25	1059.	1008.833312988281	
224.6580047607422	1040884.	2452.25	15270.75	1367.583374023438	1067.25	
225.9069976806641	1055076.	2251.75	16038.75	1117.416625976563	850.3333129882813	
227.1549987792969	1074256.	2978.	15771.9169921875	1409.25	800.25	
228.4029998779297	1057664.	2627.25	15988.8330078125	1058.916625976563	833.6666870117188	
229.6510009765625	1078136.	2902.5	15613.1669921875	1209.083374023438	1084.	
230.8990020751953	1051720.	3052.75	15872.	1225.833374023438	1108.916625976563	
232.1470031738281	1052728.	2352.	15421.0830078125	1234.166625976563	1008.833312988281	
233.3950042724609	1046116.	2302.	14636.4169921875	1234.083374023438	908.75	
234.6430053710938	1043400.	2402.	15488.	1484.416625976563	1184.	
235.8910064697266	1040464.	2502.25	15120.6669921875	1209.25	1009.083312988281	
237.1390075683594	1026692.	2852.5	14845.0830078125	1342.583374023438	975.5	
238.3869934082031	1059756.	2752.5	15821.8330078125	1276.	983.9166870117188	
239.6360015869141	1075204.	2251.75	15871.9169921875	1117.5	908.75	
240.8840026855469	1101028.	2477.	16105.5830078125	1092.25	858.75	
242.1320037841797	1061900.	2777.5	15195.75	1167.416625976563	1100.75	
243.3800048828125	1083764.	2652.25	15220.75	1317.583374023438	892.1666870117188	
244.6280059814453	1057120.	3227.75	15980.4169921875	975.6666870117188	800.3333129882813	
245.8760070800781	1072216.	2326.75	17709.166015625	1259.166625976563	975.4166870117188	
247.1239929199219	1030436.	3403.25	15521.4169921875	1100.666625976563	867.0833129882813	
248.3719940185547	1087260.	2201.75	15020.4169921875	1284.166625976563	1009.	
249.6199951171875	1049000.	4579.75	15612.9169921875	1250.75	908.75	
250.8679962158203	1058688.	3378.25	15162.4169921875	1284.166625976563	1058.916625976563	
252.1159973144531	1038704.	2852.75	15421.0830078125	1342.666625976563	958.8333129882813	
253.3650054931641	1057936.	2352.	15730.0830078125	1150.75	1050.583374023438	
254.6130065917969	1067224.	3252.75	15087.1669921875	1142.333374023438	783.75	
255.8609924316406	1056096.	2777.5	15062.1669921875	1250.583374023438	900.4166870117188	
257.1090087890625	1059388.	2902.5	15554.5830078125	1142.5	825.25	
258.3569946289063	1045152.	3528.25	15479.5	950.5	808.5833129882813	
259.6050109863281	1060960.	2527.25	16039.0830078125	1175.666625976563	1067.166625976563	
260.8529968261719	1040068.	3328.	16656.666015625	1242.416625976563	992.0833129882813	
262.1010131835938	1053592.	3528.25	15688.3330078125	1167.583374023438	767.	
263.3489990234375	1061036.	2902.25	15320.9169921875	1359.333374023438	792.	
264.5969848632813	1061808.	2527.25	15404.5830078125	1175.666625976563	908.8333129882813	
265.8450012207031	1068116.	9264.25	16047.25	1234.166625976563	817.	
267.093994140625	1074088.	2777.5	15270.8330078125	1150.666625976563	1017.25	
268.3420104980469	1073072.	2552.25	22881.333984375	1217.5	1167.416625976563	
269.5899963378906	1084696.	2602.	15746.75	1125.583374023438	933.9166870117188	
270.8380126953125	1088528.	2727.5	16798.666015625	1067.25	975.5	
272.0859985351563	1067904.	2577.25	15062.	1367.5	967.0833129882813	
273.3340148925781	1073888.	2852.5	16581.5	1334.166625976563	842.0833129882813	
274.5820007324219	1044080.	3053.	15462.8330078125	1050.583374023438	950.4166870117188	
275.8299865722656	1055284.	2752.5	16514.916015625	1159.083374023438	842.	
277.0780029296875	1062352.	2477.25	15922.	1200.833374023438	1075.666625976563	
278.3259887695313	1074112.	2952.5	16506.333984375	1175.75	925.4166870117188	
279.5740051269531	1070768.	3002.75	15437.9169921875	1159.25	1092.25	
280.822998046875	1194692.	2351.75	16974.	1234.083374023438	875.3333129882813	
282.0710144042969	1112104.	2877.5	15897.	1092.25	958.75	
283.3190002441406	1078196.	2677.5	16573.333984375	1334.166625976563	1000.666687011719	
284.5669860839844	1161088.	3803.75	16147.5830078125	1067.333374023438	875.5	
285.8150024414063	1087116.	3128.	15997.1669921875	1142.333374023438	1025.583374023438	
287.06298828125	1087805.375	3102.75	15880.25	1284.25	833.6666870117188	
288.3110046386719	1108328.	3478.25	16138.9169921875	1167.333374023438	767.	
289.5589904785156	1046568.	4354.5	16406.166015625	1059.083374023438	1000.583312988281	
290.8070068359375	1076824.	2977.75	14911.9169921875	1292.416625976563	1058.916625976563	
292.0549926757813	1046964.	2827.5	15730.	1326.	758.5833129882813	
293.3030090332031	1074344.	2502.	15671.5	1159.	1025.666625976563	
294.552001953125	1048664.	2677.5	15922.1669921875	1375.833374023438	758.6666870117188	
295.7999877929688	1072324.	2502.25	14920.1669921875	1192.416625976563	817.0833129882813	
297.0480041503906	1039304.	2452.25	15245.9169921875	1225.75	1175.666625976563	
298.2959899902344	1048432.	2552.25	15930.25	1334.166625976563	1142.416625976563	
299.5440063476563	1032736.	2752.25	15237.4169921875	1000.5	1025.5	
300.7919921875	1045960.	2727.25	16247.5830078125	1209.	808.6666870117188	
302.0400085449219	1043636.	6332.75	15320.9169921875	1075.583374023438	883.8333129882813	
303.2879943847656	1065792.	2802.5	15020.4169921875	1142.5	958.9166870117188	
304.5360107421875	1050037.5	2577.25	15162.3330078125	1192.416625976563	1042.416625976563	
305.7839965820313	1012704.	2202.	14327.5	1117.416625976563	842.0833129882813	
307.0320129394531	1033872.	2301.75	15437.5830078125	1367.416625976563	825.25	
308.281005859375	1020540.	2702.25	15245.8330078125	1067.166625976563	883.75	
309.5289916992188	1035648.	2351.75	15847.1669921875	1100.666625976563	1033.833374023438	
310.7770080566406	1046036.	2677.25	15087.	1300.666625976563	767.	
312.0249938964844	1050240.	2902.5	14820.	1259.	942.1666870117188	
313.2730102539063	1031692.	2602.25	16631.75	1200.666625976563	1000.5	
314.52099609375	1036532.	2351.75	15329.1669921875	1084.	875.4166870117188	
315.7690124511719	1059548.	2126.75	15404.5	1384.333374023438	967.1666870117188	
317.0169982910156	1033760.	3052.75	14819.9169921875	1434.333374023438	891.9166870117188	
318.2650146484375	1041804.	2802.5	16272.75	1175.916625976563	833.6666870117188	
319.5130004882813	1039468.	3002.5	16874.	1651.166625976563	825.3333129882813	
320.760986328125	1040176.	2827.5	15596.25	1351.	1000.583312988281	
322.010009765625	1061372.	3053.	16047.3330078125	1551.	1050.666625976563	
323.2579956054688	1029936.	2252.	15287.5830078125	1451.	1050.583374023438	
324.5060119628906	1071684.	2952.5	17132.666015625	1167.5	958.8333129882813	
325.7539978027344	1042932.	2602.	16481.5	1609.416625976563	883.75	
327.0020141601563	1063328.	2051.75	16581.5	1192.416625976563	908.8333129882813	
328.25	1100128.	2927.75	16815.333984375	1042.166625976563	1009.083312988281	
329.4979858398438	1050948.	3228.	18929.083984375	1484.25	917.1666870117188	
330.7460021972656	1049335.	2802.5	16706.75	1292.5	875.5833129882813	
331.9939880371094	1021384.	2727.75	17692.416015625	1067.25	1050.75	
333.2420043945313	1025272.	2627.5	16064.0830078125	1334.166625976563	1025.583374023438	
334.489990234375	1032828.	2577.25	17550.583984375	1100.583374023438	900.4166870117188	
335.739013671875	1006928.	2276.75	15304.3330078125	1092.333374023438	908.8333129882813	
336.9869995117188	1023952.	2502.25	15329.4169921875	958.75	933.8333129882813	
338.2349853515625	1024508.	1876.25	15563.25	1225.833374023438	1108.916625976563	
339.4830017089844	1037340.	2777.25	15488.	1175.666625976563	875.3333129882813	
340.7309875488281	1108508.75	3353.	14986.8330078125	1200.666625976563	917.0833129882813	
341.97900390625	1007033.9375	2752.5	15037.0830078125	1117.5	908.75	
343.2269897460938	1035604.	8010.75	16013.8330078125	1150.583374023438	975.5833129882813	
344.4750061035156	1075364.	2752.25	16222.9169921875	1350.916625976563	1100.583374023438	
345.7229919433594	1052524.	2302.	17257.833984375	1350.833374023438	1058.916625976563	
346.9710083007813	1035604.	2627.25	15078.9169921875	1267.416625976563	1033.916625976563	
348.218994140625	1041848.	2752.5	16039.	1192.416625976563	892.	
349.4679870605469	1054060.	2827.5	15187.3330078125	1000.5	967.1666870117188	
350.7160034179688	1000844.	3002.75	15137.3330078125	1217.333374023438	942.1666870117188	
351.9639892578125	1021532.	2452.	15454.4169921875	1175.583374023438	1008.916687011719	
353.2120056152344	1011224.	2477.25	14794.8330078125	1125.666625976563	975.4166870117188	
354.4599914550781	1037316.	2852.5	14235.6669921875	1092.333374023438	1050.583374023438	
355.7080078125	1042340.	3178.	15571.25	1142.333374023438	875.4166870117188	
356.9559936523438	1054904.	2652.25	14769.75	1234.	1159.166625976563	
358.2040100097656	1002744.	2677.	14861.5830078125	1267.5	1017.25	
359.4519958496094	1054408.	2427.25	15596.1669921875	1134.083374023438	908.6666870117188	
360.7000122070313	1030520.	2552.	14803.1669921875	1375.916625976563	975.4166870117188	
361.947998046875	1049472.	2051.5	15880.25	1033.916625976563	1000.583312988281	
363.1969909667969	1050112.	2827.75	15195.6669921875	1150.75	1050.583374023438	
364.4450073242188	1045704.	3053.	14552.9169921875	1242.5	1067.333374023438	
365.6929931640625	1046512.	2977.5	15279.1669921875	1242.583374023438	1000.666687011719	
366.9410095214844	1099528.	2502.25	14986.8330078125	1250.75	1033.916625976563	
368.1889953613281	1029800.	2477.	15170.6669921875	1192.416625976563	758.6666870117188	
369.43701171875	1044700.	2627.25	14878.4169921875	1117.5	917.0833129882813	
370.6849975585938	1035376.	2577.25	15521.5830078125	1142.333374023438	858.75	
371.9330139160156	1025500.	2251.5	15587.9169921875	1292.5	925.3333129882813	
373.1809997558594	1014808.	2277.	15947.0830078125	1325.833374023438	1025.666625976563	
374.4289855957031	1044492.	2652.25	15838.5	1167.333374023438	858.75	
375.677001953125	1045112.	2402.	15020.4169921875	1150.75	975.5	
376.9259948730469	1048840.	2952.75	15646.4169921875	1084.083374023438	1067.333374023438	
378.1740112304688	1051216.	2677.25	16030.5	1309.166625976563	933.8333129882813	
379.4219970703125	1023888.	2051.75	15429.4169921875	1134.	841.9166870117188	
380.6700134277344	1069796.	2952.5	15446.25	1134.083374023438	1225.75	
381.9179992675781	1057640.	2552.25	15638.25	1342.583374023438	1033.75	
383.1659851074219	1046284.	2677.25	15346.	1326.	858.8333129882813	
384.4140014648438	1054556.	2477.25	15262.75	1242.416625976563	867.0833129882813	
385.6619873046875	1034148.	2351.75	15012.1669921875	1083.916625976563	883.8333129882813	
386.9100036621094	1028712.	2452.25	14060.3330078125	1050.5	817.	
388.1579895019531	1015196.	2952.75	14928.5830078125	1134.	1067.333374023438	
389.406005859375	1039324.	2502.25	15153.9169921875	1092.166625976563	975.5	
390.6549987792969	1065608.	2377.	16205.8330078125	1209.083374023438	817.0833129882813	
391.9030151367188	1093244.	2652.5	14594.75	1275.833374023438	950.5833129882813	
393.1510009765625	1069436.	2276.75	14744.9169921875	1200.666625976563	883.8333129882813	
394.3989868164063	1053820.	2677.5	15571.3330078125	1100.583374023438	858.75	
395.6470031738281	1137760.75	2226.5	15704.8330078125	1084.166625976563	908.6666870117188	
396.8949890136719	1047596.	2527.	15546.25	1351.083374023438	1000.333312988281	
398.1430053710938	1061912.	2727.25	16105.6669921875	1209.	883.8333129882813	
399.3909912109375	1051968.	2527.	14812.	1008.833312988281	792.	
400.6390075683594	1040872.	2076.75	15270.75	917.25	959.	
401.8869934082031	1011656.	2302.	14511.25	992.1666870117188	1125.666625976563	
403.135009765625	1021416.	2952.5	15371.1669921875	1259.083374023438	1034.	
404.3840026855469	1040448.	2301.75	15446.	1192.416625976563	958.8333129882813	
405.6319885253906	1021244.	3328.25	14936.9169921875	1050.666625976563	1042.166625976563	
406.8800048828125	1055408.	2852.5	16656.666015625	1009.	1184.	
408.1279907226563	1039600.	2402.	15713.3330078125	1167.416625976563	1067.25	
409.3760070800781	1031496.	2877.75	15229.0830078125	1184.166625976563	775.3333129882813	
410.6239929199219	1037568.	2802.25	16230.8330078125	1084.	800.25	
411.8720092773438	1063104.	2627.	15195.5830078125	1184.	967.25	
413.1199951171875	1041352.	2902.5	15387.75	1184.	958.75	
414.3680114746094	1058528.	2702.	15195.6669921875	1192.333374023438	892.	
415.6159973144531	1043320.	2802.5	16022.5830078125	1050.666625976563	858.6666870117188	
416.864013671875	1058232.	2652.25	15404.3330078125	867.0833129882813	783.5833129882813	
418.1130065917969	1040824.	2677.5	15554.75	1042.25	867.	
419.3609924316406	1047308.	2752.5	15387.8330078125	808.6666870117188	975.5	
420.6090087890625	1055412.	2427.	16389.583984375	1075.666625976563	867.1666870117188	
421.8569946289063	1058296.	2827.5	15554.6669921875	1234.	875.25	
423.1050109863281	1035924.	2852.5	16147.5	1125.583374023438	1025.5	
424.3529968261719	1017828.	2702.5	16005.5	1025.416625976563	1000.5	
425.6010131835938	1061092.	2827.5	15579.8330078125	958.75	858.5833129882813	
426.8489990234375	1052592.	3403.25	15963.5	1142.25	925.5	
428.0969848632813	1043256.	2427.	15212.4169921875	1109.	908.6666870117188	
429.3450012207031	1070084.	2326.75	15646.6669921875	1184.166625976563	1125.5	
430.5929870605469	1030080.	2577.25	15003.5830078125	1100.583374023438	1058.833374023438	
431.8420104980469	1015556.	2452.25	14819.9169921875	1150.75	825.3333129882813	
433.0899963378906	1042580.	3002.75	15062.25	1192.416625976563	825.3333129882813	
434.3380126953125	1030068.	2702.25	15337.6669921875	1075.666625976563	783.5833129882813	
435.5859985351563	1040084.	2327.	15270.9169921875	1042.416625976563	825.4166870117188	
436.8340148925781	1022792.	2176.75	14427.4169921875	1359.25	833.5	
438.0820007324219	1046072.	2752.5	15421.3330078125	1075.666625976563	1008.75	
439.3299865722656	1062056.	2377.	15078.8330078125	1359.166625976563	883.75	
440.5780029296875	1061436.	2777.25	15521.3330078125	1225.75	975.4166870117188	
441.8259887695313	1028692.	2402.	16255.9169921875	1175.583374023438	1075.666625976563	
443.0740051269531	1048328.	2727.5	17943.833984375	1117.25	892.0833129882813	
444.3219909667969	1059800.	2702.5	15429.5830078125	1192.5	1083.916625976563	
445.5710144042969	1049696.	2927.75	15437.75	1108.833374023438	892.0833129882813	
446.8190002441406	1028304.	2402.	17259.25	958.9166870117188	933.9166870117188	
448.0669860839844	1038596.	2602.25	15395.8330078125	875.3333129882813	992.1666870117188	
449.3150024414063	1042892.	2251.75	15062.0830078125	1125.666625976563	908.5833129882813	
450.56298828125	1016968.	2877.5	15062.1669921875	1017.416687011719	875.4166870117188	
451.8110046386719	1027064.	2677.25	14611.3330078125	1184.	1058.916625976563	
453.0589904785156	1029436.	2477.25	15312.6669921875	1109.	967.25	
454.3070068359375	1044528.	2602.	15780.0830078125	1292.583374023438	1017.333312988281	
455.5549926757813	1067472.	2452.25	16406.75	1125.833374023438	1092.333374023438	
456.8030090332031	1065884.	3053.	15972.0830078125	1109.083374023438	1050.583374023438	
458.0509948730469	1072796.	2427.	15713.25	1092.5	892.0833129882813	
459.2999877929688	1068912.	2852.25	15429.5	1209.25	958.9166870117188	
460.5480041503906	1053936.	2902.5	16138.9169921875	1142.416625976563	917.1666870117188	
461.7959899902344	1064456.	2527.25	34047.5390625	1084.	842.	
463.0440063476563	1031344.	2502.	15337.6669921875	958.8333129882813	892.0833129882813	
464.2919921875	1037104.	2977.75	15162.25	1084.	942.1666870117188	
465.5400085449219	1059816.	3103.	15137.3330078125	1084.	925.5	
466.7879943847656	1044244.	2727.5	15036.9169921875	1334.083374023438	1034.	
468.0360107421875	1045612.	2652.25	15563.	1083.916625976563	816.8333129882813	
469.2839965820313	1056628.	2752.5	15554.5	1142.25	1084.083374023438	
470.5320129394531	1065564.	2202.	15663.0830078125	1209.083374023438	1192.416625976563	
471.7799987792969	1039760.	2101.75	15587.9169921875	1000.5	875.4166870117188	
473.0289916992188	1053896.	2552.	15446.1669921875	1317.583374023438	933.75	
474.2770080566406	1111184.	2452.25	14569.5	1259.166625976563	883.75	
475.5249938964844	1060732.	2752.25	15204.	1392.583374023438	975.5	
476.7730102539063	1037628.	3027.75	18981.083984375	1167.333374023438	842.	
478.02099609375	1033684.	2301.75	15421.0830078125	1234.166625976563	900.6666870117188	
479.2690124511719	1009144.	2352.	15045.5830078125	1167.333374023438	950.4166870117188	
480.5169982910156	1019592.	2777.5	14202.25	1058.916625976563	942.25	
481.7650146484375	1013620.	2352.	15179.	1084.	983.9166870117188	
483.0130004882813	1015608.	2877.75	15028.75	1175.666625976563	925.5833129882813	
484.260986328125	1013356.	3528.25	14561.25	1317.583374023438	883.6666870117188	
485.5090026855469	1023244.	2251.75	14477.75	1117.25	958.8333129882813	
486.7579956054688	1056980.	2777.25	15813.4169921875	1225.75	1084.	
488.0060119628906	1031524.	2827.5	15062.1669921875	1108.916625976563	1025.666625976563	
489.2539978027344	1022592.	2627.5	14519.5	1033.916625976563	967.1666870117188	
490.5020141601563	987916.	2777.5	14411.	1075.5	1117.333374023438	
491.75	1006892.	2602.25	14594.6669921875	1058.916625976563	816.9166870117188	
492.9979858398438	991708.	2301.75	13709.75	1300.75	1000.583312988281	
494.2460021972656	1027256.	2677.	15371.0830078125	1209.	917.1666870117188	
495.4939880371094	1026160.	2927.5	14970.1669921875	1067.25	892.0833129882813	
496.7420043945313	1000636.	2527.25	15045.3330078125	1117.416625976563	1050.666625976563	
497.989990234375	1006704.	2477.	14753.3330078125	1092.25	1000.583312988281	
499.2380065917969	1034732.	2777.5	14319.0830078125	1159.166625976563	925.4166870117188	
500.4869995117188	1015548.	2501.75	16624.166015625	1167.333374023438	758.5	
501.7349853515625	1025476.	2501.75	15896.9169921875	1267.5	1100.666625976563	
502.9830017089844	1012376.	2427.25	14552.9169921875	1042.25	1083.833374023438	
504.2309875488281	1040260.	2652.	15020.5	1142.416625976563	983.9166870117188	
505.47900390625	1030988.	2802.5	14845.1669921875	1092.083374023438	733.75	
506.7269897460938	1026168.	2427.	15137.3330078125	967.1666870117188	967.1666870117188	
507.9750061035156	1021492.	2427.	15279.0830078125	1167.416625976563	942.25	
509.2229919433594	1055044.	3103.	15571.5	1292.5	992.1666870117188	
510.4710083007813	1042380.	3002.75	15721.6669921875	1083.833374023438	892.	
511.718994140625	1020740.	2627.5	15254.	1109.166625976563	1117.333374023438	
512.9669799804688	1038276.	2527.	15020.3330078125	1075.666625976563	767.	
514.2160034179688	1075656.	2552.	14753.3330078125	1133.916625976563	1033.833374023438	
515.4639892578125	1035516.	2402.	15855.25	1058.916625976563	891.8333129882813	
516.7119750976563	1057212.	2577.25	15287.6669921875	1109.	959.	
517.9600219726563	1058576.	2877.5	15529.5830078125	1209.083374023438	1100.666625976563	
519.2080078125	1046704.	2251.75	16105.75	1184.	833.75	
520.4559936523438	1023024.	2852.5	15254.1669921875	1234.083374023438	908.75	
521.7039794921875	1027712.	2952.5	17994.	1209.	1092.333374023438	
522.9520263671875	1053280.	2477.	15404.25	1033.833374023438	942.1666870117188	
524.2000122070313	1047720.	2352.	15187.3330078125	1025.666625976563	1159.083374023438	
525.447998046875	1036672.	2051.5	15337.4169921875	1008.833312988281	858.6666870117188	
526.6959838867188	1039604.	2351.75	15128.9169921875	942.	850.3333129882813	
527.9450073242188	1032576.	2151.75	14628.	1217.333374023438	841.9166870117188	
529.1929931640625	1027804.	2852.5	15237.3330078125	1075.666625976563	875.3333129882813	
530.4409790039063	1048520.	2552.25	15036.8330078125	908.6666870117188	867.0833129882813	
531.6890258789063	1037304.	2502.	14511.1669921875	925.5833129882813	1042.416625976563	
532.93701171875	1032528.	2276.75	14452.6669921875	1284.083374023438	958.8333129882813	
534.1849975585938	1044228.	2427.25	14961.9169921875	1250.833374023438	1075.583374023438	
535.4329833984375	1048476.	2026.5	14544.75	1108.916625976563	925.5	
536.6810302734375	1043432.	2677.5	15546.3330078125	1242.5	1000.583312988281	
537.9290161132813	1033112.	2877.5	15003.6669921875	1250.833374023438	1000.416687011719	
539.177001953125	1035576.	3127.75	15788.75	1050.5	708.5833129882813	
540.4249877929688	1033928.	2452.25	15053.75	975.5833129882813	800.4166870117188	
541.6740112304688	1050632.	2702.25	15354.5	1117.25	883.6666870117188	
542.9219970703125	1068496.	2452.	16047.3330078125	1125.75	867.	
544.1699829101563	1037532.	2702.25	14669.75	1184.166625976563	908.75	
545.4180297851563	1081852.	2452.25	16231.	1067.166625976563	1259.25	
546.666015625	1036024.	2852.75	15179.0830078125	1159.	1167.25	
547.9140014648438	1015136.	2201.75	14661.5	1217.5	1092.333374023438	
549.1619873046875	998508.	2401.75	15053.9169921875	1167.333374023438	900.4166870117188	
550.4099731445313	1028784.	1601.	14870.1669921875	1033.833374023438	917.0833129882813	
551.6580200195313	1057868.	2376.75	15287.5	1326.083374023438	1075.75	
552.906005859375	1035808.	3077.5	15938.8330078125	1275.833374023438	975.4166870117188	
554.1539916992188	1071600.	2702.25	15729.9169921875	1200.75	958.8333129882813	
555.4030151367188	1063552.	2852.5	15145.75	1284.083374023438	908.75	
556.6510009765625	1037252.	2326.75	14928.4169921875	1192.416625976563	867.	
557.8989868164063	1041808.	2677.25	14844.9169921875	950.5	925.4166870117188	
559.14697265625	1036860.	2777.25	15170.6669921875	1175.833374023438	867.1666870117188	
560.39501953125	1039976.	2677.25	15212.4169921875	1092.166625976563	925.5	
561.6430053710938	1034624.	2977.75	15972.	1184.083374023438	1100.583374023438	
562.8909912109375	1035980.	3152.75	14911.9169921875	1200.75	917.1666870117188	
564.1389770507813	1050576.	2777.5	15446.1669921875	992.1666870117188	791.9166870117188	
565.3870239257813	1046384.	2777.75	14853.4169921875	1175.75	825.4166870117188	
566.635009765625	1045644.	2301.75	15471.0830078125	1109.25	1025.583374023438	
567.8829956054688	1026916.	2252.	14945.1669921875	1084.	983.9166870117188	
569.1320190429688	1031376.	2602.5	15120.8330078125	1059.	1058.916625976563	
570.3800048828125	1061632.	2777.75	15546.3330078125	1259.166625976563	967.25	
571.6279907226563	1037572.	2702.5	15354.0830078125	1125.583374023438	1025.5	
572.8759765625	1011152.	2927.75	14736.6669921875	1184.	817.1666870117188	
574.1240234375	1000620.	2652.25	15279.25	1192.333374023438	942.	
575.3720092773438	997832.	3002.75	15337.5830078125	1125.666625976563	1058.916625976563	
576.6199951171875	1039080.	2477.	15654.8330078125	1309.083374023438	858.75	
577.8679809570313	1013234.125	2452.25	14636.3330078125	950.4166870117188	950.5	
579.1160278320313	1003996.	2727.75	14636.5	1017.333312988281	992.25	
580.364013671875	994408.	2602.25	14886.8330078125	1125.833374023438	817.0833129882813	
581.6119995117188	1001628.	2326.75	15195.6669921875	1067.166625976563	641.8333129882813	
582.8610229492188	997980.	2852.75	15245.75	1075.583374023438	875.4166870117188	
584.1090087890625	996616.	2852.5	14160.5	1034.	1050.666625976563	
585.3569946289063	1025928.	2727.5	14720.	1092.333374023438	917.1666870117188	
586.60498046875	1006768.	2477.	15429.4169921875	1092.416625976563	1134.083374023438	
587.85302734375	1021940.	2427.	14995.3330078125	1017.25	950.5	
589.1010131835938	1025348.	2527.25	14761.5830078125	1142.416625976563	1100.583374023438	
590.3489990234375	1034400.	2302.	14494.6669921875	1325.916625976563	908.8333129882813	
591.5969848632813	1031804.	2402.	15396.	1000.5	900.5	
592.844970703125	1037280.	2527.25	15203.8330078125	892.1666870117188	967.1666870117188	
594.093017578125	1020224.	2577.	15062.	1117.25	900.4166870117188	
595.3410034179688	1013880.	2402.	14344.0830078125	1326.	917.0833129882813	
596.5900268554688	1008544.	2827.25	14803.4169921875	1142.25	975.5833129882813	
597.8380126953125	1033328.	2301.75	14669.8330078125	1192.333374023438	1000.5	
599.0859985351563	1012048.	2627.25	15062.0830078125	1125.833374023438	800.3333129882813	
600.333984375	1027532.	2727.5	15462.75	1192.333374023438	1050.5	
601.5819702148438	1034996.	2402.	14937.	1109.166625976563	1059.	
602.8300170898438	1039316.	2302.	15095.5830078125	1100.75	950.4166870117188	
604.0780029296875	1036444.	2677.5	15471.1669921875	1009.	817.	
605.3259887695313	1053344.	2377.	15404.4169921875	1217.416625976563	1025.5	
606.573974609375	1061568.	2351.75	15529.75	1008.833312988281	833.75	
607.822021484375	1034368.	2427.	14828.3330078125	1050.5	875.5	
609.0700073242188	1028548.	2652.	15730.0830078125	1050.583374023438	1050.666625976563	
610.3189697265625	1034400.	2477.25	15195.9169921875	1167.333374023438	1058.916625976563	
611.5670166015625	1049384.	2752.75	14728.25	1184.	1008.75	
612.8150024414063	1044140.	2527.25	15312.6669921875	1125.666625976563	1000.583312988281	
614.06298828125	1035240.	2902.5	14527.8330078125	1075.583374023438	950.3333129882813	
615.3109741210938	1015236.	3002.5	15805.0830078125	1184.083374023438	1083.916625976563	
616.5590209960938	1030072.	2702.75	15454.4169921875	1300.916625976563	1058.833374023438	
617.8070068359375	1020300.	2777.5	15137.25	1234.083374023438	925.4166870117188	
619.0549926757813	1021052.	2577.25	14803.3330078125	1084.	1125.666625976563	
620.302978515625	1042052.	2026.75	15137.1669921875	1192.333374023438	1008.916687011719	
621.551025390625	1020988.	2477.25	14853.25	1142.166625976563	1033.916625976563	
622.7990112304688	1022140.	1951.5	15078.75	1100.583374023438	850.4166870117188	
624.0479736328125	1028256.	2477.	15387.75	1150.666625976563	883.75	
625.2960205078125	1010720.	2477.25	15446.25	1259.166625976563	1000.583312988281	
626.5440063476563	1029724.	2151.75	14945.3330078125	1225.666625976563	800.5833129882813	
627.7919921875	1011224.	2426.75	14786.5830078125	1058.833374023438	1075.5	
629.0399780273438	1009360.	2802.25	16499.083984375	1267.5	1025.416625976563	
630.2880249023438	1032288.	2677.25	14886.6669921875	992.3333129882813	992.0833129882813	
631.5360107421875	1031860.	2777.5	14978.75	1067.25	691.9166870117188	
632.7839965820313	1027844.	2752.5	14127.	950.3333129882813	908.6666870117188	
634.031982421875	1018316.	2802.25	15045.4169921875	1250.833374023438	908.6666870117188	
635.280029296875	1010088.	2227.	15153.9169921875	1100.75	1084.	
636.5280151367188	1024256.	2702.5	14577.75	1058.75	925.5833129882813	
637.7769775390625	1027748.	2327.	14819.8330078125	1217.333374023438	833.75	
639.0250244140625	1047696.	2327.	15412.6669921875	1100.833374023438	975.5833129882813	
640.2730102539063	1049512.	2527.25	14936.9169921875	983.8333129882813	917.1666870117188	
641.52099609375	1006960.	2752.5	14427.6669921875	967.25	1017.166687011719	
642.7689819335938	1009748.	2727.75	13943.5	1117.166625976563	808.5833129882813	
644.0170288085938	1013700.	2827.75	14018.75	1334.333374023438	791.9166870117188	
645.2650146484375	1021280.	3228.	14769.9169921875	1267.5	850.5	
646.5130004882813	1026868.	2477.	15103.8330078125	1184.	967.25	
647.760986328125	1057484.	3177.75	15504.75	1067.25	883.75	
649.0089721679688	1035164.	2452.	15429.3330078125	1184.083374023438	917.1666870117188	
650.2570190429688	1041540.	2627.25	15379.4169921875	1242.416625976563	1184.083374023438	
651.5059814453125	1036772.	2327.	15479.5830078125	1184.083374023438	908.5833129882813	
652.7540283203125	1040656.	2752.5	15621.5830078125	1050.583374023438	883.9166870117188	
654.0020141601563	1035688.	2577.25	15838.3330078125	1167.416625976563	875.25	
655.25	1040760.	2727.25	14861.5830078125	1092.083374023438	1017.25	
656.4979858398438	995712.	2702.5	15437.8330078125	1125.583374023438	1100.666625976563	
657.7459716796875	1065416.	2652.5	19005.25	1092.333374023438	958.75	
658.9940185546875	1051456.	2377.	15329.25	1242.416625976563	1092.333374023438	
660.2420043945313	1028760.	2577.	15387.8330078125	1250.75	817.	
661.489990234375	1027476.	3353.	15279.1669921875	1075.583374023438	850.3333129882813	
662.7379760742188	1018100.	2802.25	15112.25	1317.583374023438	992.25	
663.9860229492188	1021480.	2877.5	15395.9169921875	1075.666625976563	950.5833129882813	
665.2349853515625	1032728.	2577.25	14594.5	1025.666625976563	1058.916625976563	
666.4829711914063	1040720.	2452.25	15638.0830078125	1000.5	933.8333129882813	
667.7310180664063	1052488.	2652.25	15654.6669921875	1008.916687011719	867.0833129882813	
668.97900390625	1029576.	3127.75	16239.0830078125	1292.416625976563	900.4166870117188	
670.2269897460938	1015804.	2452.	15028.8330078125	1225.666625976563	892.0833129882813	
671.4749755859375	1016952.	2226.75	14878.5	1025.583374023438	867.0833129882813	
672.7230224609375	1027756.	2877.75	15053.8330078125	1217.5	1059.	
673.9710083007813	1017308.	2802.5	14786.6669921875	1059.	908.9166870117188	
675.218994140625	999460.	2677.25	14870.1669921875	1075.583374023438	1000.583312988281	
676.4669799804688	1002284.	2602.25	15371.0830078125	1309.166625976563	1017.25	
677.7150268554688	1010816.	2978.	14719.9169921875	1225.583374023438	950.5833129882813	
678.9639892578125	1013556.	2552.25	14694.9169921875	858.6666870117188	1000.416687011719	
680.2119750976563	1002284.	2827.5	14953.5	1083.916625976563	933.8333129882813	
681.4600219726563	996428.	2902.5	14511.	917.0833129882813	908.6666870117188	
682.7080078125	1033976.	2226.5	15003.75	1184.083374023438	975.5833129882813	
683.9559936523438	1011004.	2627.25	15053.9169921875	1100.583374023438	875.3333129882813	
685.2039794921875	1016228.	2351.75	14744.9169921875	1050.5	808.6666870117188	
686.4520263671875	1027724.	2402.	13809.8330078125	1150.666625976563	1033.916625976563	
687.7000122070313	1010200.	2627.25	15095.4169921875	1150.75	783.5833129882813	
688.947998046875	1040772.	2226.75	15020.25	1342.5	883.9166870117188	
690.1959838867188	1006712.	3278.25	14302.3330078125	1133.833374023438	917.0833129882813	
691.4439697265625	965984.	2477.	14653.0830078125	1050.75	900.5833129882813	
692.6929931640625	1024540.	2727.5	14152.0830078125	992.1666870117188	891.9166870117188	
693.9409790039063	1009384.	2877.75	14661.5	1250.75	1017.166687011719	
695.1890258789063	1018060.	2226.75	14678.1669921875	1059.	933.6666870117188	
696.43701171875	1028532.	2427.	14761.6669921875	1192.583374023438	933.75	
697.6849975585938	1031188.	2427.	15588.1669921875	1134.	975.4166870117188	
698.9329833984375	1019760.	2076.5	14970.25	1075.5	975.4166870117188	
700.1810302734375	1022796.	2677.25	15195.75	1225.666625976563	900.3333129882813	
701.4290161132813	1037336.	2001.5	14961.8330078125	909.	1225.833374023438	
702.677001953125	1024020.	2502.25	14469.4169921875	1259.166625976563	792.	
703.9249877929688	1030056.	2677.25	14995.3330078125	1184.083374023438	1008.833312988281	
705.1729736328125	1045896.	2352.25	15062.0830078125	1083.833374023438	867.0833129882813	
706.4219970703125	1040672.	2277.	15270.75	792.	817.0833129882813	
707.6699829101563	1038112.	2452.	14970.4169921875	1284.25	1075.75	
708.9180297851563	1071096.	2452.	15237.6669921875	1083.75	1008.75	
710.166015625	1077976.	2902.25	14936.9169921875	1134.	1184.083374023438	
711.4140014648438	1041112.	2026.75	14569.5830078125	950.6666870117188	1017.25	
712.6619873046875	1032724.	2802.75	15371.	1092.5	725.25	
713.9099731445313	1030172.	2427.	15120.6669921875	1234.166625976563	858.5833129882813	
715.1580200195313	1066228.	2552.25	15128.8330078125	1292.5	775.25	
716.406005859375	1036808.	2252.	15654.9169921875	1075.583374023438	975.5	
717.6539916992188	1042056.	2151.75	15462.75	1109.083374023438	925.4166870117188	
718.9019775390625	1037552.	2702.5	15396.	1309.083374023438	875.4166870117188	
720.1510009765625	1032612.	2577.25	15195.6669921875	1175.583374023438	842.0833129882813	
721.3989868164063	1034772.	2877.5	14986.9169921875	1150.666625976563	925.4166870117188	
722.64697265625	1040720.	2452.25	15412.6669921875	1317.5	992.1666870117188	
723.89501953125	1011208.	2101.75	14820.25	1025.583374023438	1184.25	
725.1430053710938	1021576.	2276.5	15755.25	1259.166625976563	1075.416625976563	
726.3909912109375	1018880.	2276.75	14686.6669921875	1000.416687011719	892.1666870117188	
727.6389770507813	1027232.	2702.25	15229.	1134.	917.0833129882813	
728.8870239257813	1006456.	2852.25	14803.3330078125	1159.083374023438	1092.416625976563	
730.135009765625	1034508.	2952.75	15813.5830078125	1084.	1092.25	
731.3829956054688	1010652.	3052.75	15529.5830078125	1108.916625976563	892.	
732.6309814453125	1044796.	2402.	14694.75	1108.916625976563	984.	
733.8800048828125	1047444.	2451.75	15137.4169921875	1359.166625976563	925.5	
735.1279907226563	1043448.	3428.5	14861.6669921875	1117.166625976563	1058.916625976563	
736.3759765625	1019600.	2702.5	14987.0830078125	1200.75	958.9166870117188	
737.6240234375	1024524.	2001.5	15354.3330078125	933.9166870117188	958.75	
738.8720092773438	1026880.	2402.25	14494.5	1167.416625976563	925.5833129882813	
740.1199951171875	1028488.	2552.	15254.1669921875	1150.75	1042.166625976563	
741.3679809570313	1016740.	2327.25	15229.25	992.1666870117188	858.6666870117188	
742.6160278320313	1009016.	3053.	14878.5	1092.333374023438	908.75	
743.864013671875	1054152.	2927.75	15755.0830078125	1217.416625976563	750.0833129882813	
745.1119995117188	1033168.	2377.	14694.8330078125	933.8333129882813	883.8333129882813	
746.3599853515625	1054088.	2802.5	15078.9169921875	1359.333374023438	1159.	
747.6090087890625	1050648.	2852.5	15220.8330078125	1192.5	1008.833312988281	
748.8569946289063	1063156.	2852.5	15487.8330078125	1225.666625976563	1092.25	
750.10498046875	1015044.	2702.5	16097.1669921875	1159.083374023438	958.6666870117188	
751.35302734375	1037420.	2827.5	15404.5	1200.583374023438	750.1666870117188	
752.6010131835938	1045468.	3052.75	15421.0830078125	1267.416625976563	900.4166870117188	
753.8489990234375	1013080.	2352.	14912.0830078125	1142.5	1017.25	
755.0969848632813	1050776.	2902.5	15245.75	1142.25	925.5	
756.344970703125	1020892.	2702.25	15346.	1084.083374023438	775.1666870117188	
757.593017578125	1076736.	2952.75	14886.75	1284.25	883.5833129882813	
758.8410034179688	1035640.	2577.25	16080.5830078125	1234.083374023438	1159.	
760.0889892578125	1066444.	2602.25	15721.75	1275.833374023438	1017.166687011719	
761.3380126953125	1078388.	3027.75	16130.5830078125	1175.666625976563	733.6666870117188	
762.5859985351563	1034092.	2327.	14937.	1325.916625976563	967.25	
763.833984375	1019820.	2602.25	15087.0830078125	1125.666625976563	925.5	
765.0819702148438	1029660.	2952.5	14928.5830078125	1000.583312988281	958.9166870117188	
766.3300170898438	1020832.	2552.25	15346.	1125.666625976563	841.9166870117188	
767.5780029296875	1022272.	2677.25	14703.0830078125	1100.5	908.8333129882813	
768.8259887695313	1028888.	3027.75	14018.6669921875	1050.583374023438	875.3333129882813	
770.073974609375	1042492.	2226.75	15663.25	1317.5	850.5	
771.322021484375	1018724.	2752.25	15471.25	1117.416625976563	858.8333129882813	
772.5700073242188	1034336.	3077.75	15279.1669921875	1042.25	1067.416625976563	
773.8179931640625	1025280.	2452.25	14953.6669921875	1217.5	967.0833129882813	
775.0670166015625	1026464.	2952.5	14744.9169921875	1042.25	825.25	
776.3150024414063	1044912.	2602.25	15070.5	1275.75	800.5	
777.56298828125	1034228.	2352.	15387.6669921875	1100.583374023438	917.1666870117188	
778.8109741210938	1020512.	2402.	14886.8330078125	1000.5	900.5	
780.0590209960938	1035196.	2552.25	15037.	1217.416625976563	1058.916625976563	
781.3070068359375	1028416.	2426.75	14469.5830078125	1017.25	958.8333129882813	
782.5549926757813	1030220.	2502.	15379.5830078125	1192.25	908.8333129882813	
783.802978515625	1042580.	2227.	14786.5830078125	1267.416625976563	908.6666870117188	
785.051025390625	1020836.	2352.25	15463.0830078125	1250.75	1017.166687011719	
786.2990112304688	1044668.	2827.5	15053.8330078125	992.1666870117188	967.0833129882813	
787.5469970703125	1007440.	2727.25	15321.	1150.666625976563	908.5833129882813	
788.7960205078125	1021520.	2952.75	14327.5	1142.25	783.5	
790.0440063476563	1006556.	2502.	15905.4169921875	983.8333129882813	850.4166870117188	
791.2919921875	1023208.	2527.	15220.8330078125	1042.083374023438	833.75	
792.5399780273438	1044680.	2377.	14820.	1200.75	1025.666625976563	
793.7880249023438	1023372.	2502.25	15596.3330078125	1117.333374023438	1033.75	
795.0360107421875	1037820.	3503.5	14352.3330078125	1292.333374023438	1042.416625976563	
796.2839965820313	1034540.	2702.5	15805.	1384.166625976563	766.8333129882813	
797.531982421875	1038588.	2377.	15270.6669921875	1075.5	1009.	
798.780029296875	998568.	2777.5	15170.6669921875	1083.916625976563	1075.75	
800.0280151367188	1021708.	2777.5	15112.0830078125	1117.25	967.1666870117188	
801.2760009765625	1034132.	2352.	15178.9169921875	1142.333374023438	925.4166870117188	
802.5250244140625	1046068.	2226.5	16113.8330078125	925.4166870117188	850.5	
803.7730102539063	1048952.	2852.75	15396.1669921875	1125.666625976563	1050.666625976563	
805.02099609375	1060352.	2201.75	15863.5830078125	1183.833374023438	858.6666870117188	
806.2689819335938	1036012.	2927.5	15345.9169921875	983.9166870117188	967.25	
807.5170288085938	1051440.	2502.	14594.6669921875	992.4166870117188	825.3333129882813	
808.7650146484375	1034548.	2977.25	15562.8330078125	975.5	933.8333129882813	
810.0130004882813	1042240.	2752.25	15145.6669921875	1150.75	666.8333129882813	
811.260986328125	1060820.	2226.75	15404.3330078125	1034.	1034.	
812.5089721679688	1017840.	2452.	15321.0830078125	1158.916625976563	883.75	
813.7570190429688	1049984.	2552.25	15087.0830078125	1200.75	950.4166870117188	
815.0050048828125	1044192.	2702.25	14502.9169921875	1025.583374023438	875.4166870117188	
816.2540283203125	1045884.	2527.	14878.4169921875	1134.	825.3333129882813	
817.5020141601563	1020740.	2627.25	15855.0830078125	1067.166625976563	808.75	
818.75	1051640.	2377.	14861.8330078125	1192.5	917.25	
819.9979858398438	1038348.	2452.	14728.	1017.166687011719	992.1666870117188	
821.2459716796875	1018236.	2852.5	15262.5	1017.083312988281	942.	
822.4940185546875	1028016.	2602.	15153.9169921875	1167.416625976563	900.5	
823.7420043945313	1025960.	2477.	14753.25	967.1666870117188	800.5	
824.989990234375	1045100.	2227.	14736.5	958.75	983.9166870117188	
826.2379760742188	1048296.	2276.75	15354.3330078125	1042.25	708.5	
827.4860229492188	1052332.	2277.	15437.5830078125	1275.916625976563	708.5833129882813	
828.7340087890625	1045028.	2552.	15504.5830078125	1042.25	1017.166687011719	
829.9829711914063	1041248.	2602.25	14469.5830078125	1225.75	800.1666870117188	
831.2310180664063	1028784.	2727.25	15729.9169921875	1259.333374023438	850.25	
832.47900390625	1034320.	2802.25	15763.1669921875	1025.583374023438	925.5	
833.7269897460938	1017972.	3028.	14845.0830078125	883.9166870117188	950.5833129882813	
834.9749755859375	1037584.	3127.75	15062.	1059.	883.6666870117188	
836.2230224609375	1045104.	2452.	15462.8330078125	1000.666687011719	1000.583312988281	
837.4710083007813	1055020.	2502.25	14886.8330078125	1067.25	1017.333312988281	
838.718994140625	1043276.	1926.5	15613.0830078125	1008.833312988281	825.3333129882813	
839.9669799804688	1055092.	2727.5	15905.3330078125	1217.5	967.	
841.2150268554688	1044616.	2452.25	15037.1669921875	1209.333374023438	892.0833129882813	
842.4630126953125	1070748.	1976.5	16281.1669921875	1300.833374023438	983.9166870117188	
843.7119750976563	1043304.	2552.25	14886.8330078125	1092.333374023438	1008.833312988281	
844.9600219726563	1033604.	2527.	15003.8330078125	1075.666625976563	992.25	
846.2080078125	1043284.	2251.75	15270.8330078125	1134.	950.5	
847.4559936523438	1051820.	2677.25	15621.4169921875	1192.416625976563	933.9166870117188	
848.7039794921875	1064952.	2652.25	15062.1669921875	950.6666870117188	867.	
849.9520263671875	1060024.	2902.75	16589.916015625	1234.083374023438	725.1666870117188	
851.2000122070313	1055604.	2727.25	15487.9169921875	1250.833374023438	925.4166870117188	
852.447998046875	1056636.	2577.25	16364.5830078125	1225.833374023438	817.0833129882813	
853.6959838867188	1014192.	2977.75	15112.25	1217.416625976563	1075.666625976563	
854.9439697265625	1099001.	2902.75	14853.5	958.8333129882813	892.0833129882813	
856.1920166015625	1030732.	2677.5	14594.6669921875	1208.916625976563	958.6666870117188	
857.4409790039063	1020832.	2852.5	15087.25	1167.416625976563	1008.75	
858.6890258789063	1012120.	4529.75	15220.8330078125	1109.083374023438	1100.583374023438	
859.93701171875	1022836.	2627.25	15454.5	1242.583374023438	792.	
861.1849975585938	1024212.	2952.75	15554.6669921875	983.9166870117188	967.25	
862.4329833984375	995808.	3603.5	15346.0830078125	1017.166687011719	983.8333129882813	
863.6810302734375	1031212.	2126.75	14494.5830078125	1100.75	825.4166870117188	
864.9290161132813	999708.	3077.75	15738.3330078125	1167.583374023438	1225.666625976563	
866.177001953125	1006024.	2051.75	15329.4169921875	1117.416625976563	708.6666870117188	
867.4249877929688	1006824.	2777.25	14978.5	1200.666625976563	1025.583374023438	
868.6729736328125	1004692.	2952.5	15137.1669921875	1217.5	733.6666870117188	
869.9210205078125	1038016.	2577.25	15905.3330078125	1150.75	867.	
871.1699829101563	1023376.	2502.25	14936.8330078125	975.4166870117188	1008.666687011719	
872.4180297851563	1000104.	2902.75	15312.5830078125	1284.166625976563	858.75	
873.666015625	1062476.	2577.	15437.5830078125	1150.75	942.0833129882813	
874.9140014648438	1048320.	3528.25	14911.8330078125	1225.916625976563	1000.666687011719	
876.1619873046875	1049160.	2702.25	15003.6669921875	1050.5	1075.583374023438	
877.4099731445313	1043592.	2702.	14895.1669921875	1100.666625976563	1000.583312988281	
878.6580200195313	1036124.	2702.5	14778.25	1084.	725.25	
879.906005859375	1020408.	2577.25	14770.	1075.666625976563	975.5	
881.1539916992188	1014292.	2627.5	14978.6669921875	1200.75	725.25	
882.4019775390625	1004072.	2302.	14561.25	1234.166625976563	950.4166870117188	
883.6500244140625	1043708.	2777.5	15538.	958.9166870117188	983.9166870117188	
884.8989868164063	1003360.	3153.	15112.25	1058.916625976563	833.5833129882813	
886.14697265625	1022596.	2677.5	14385.9169921875	1200.75	875.5	
887.39501953125	1019640.	2702.25	14611.1669921875	950.5	850.4166870117188	
888.6430053710938	1052868.	3103.	15429.5	1192.25	950.4166870117188	
889.8909912109375	1025532.	2752.	15437.8330078125	1184.166625976563	1184.166625976563	
891.1389770507813	1045608.	2977.75	15604.75	1259.25	1033.916625976563	
892.3870239257813	1041332.	2602.25	15629.8330078125	1092.333374023438	892.0833129882813	
893.635009765625	1061552.	2527.	15646.6669921875	1125.666625976563	933.9166870117188	
894.8829956054688	1059176.	3078.	14836.75	1217.416625976563	1117.333374023438	
896.1309814453125	1054208.	2902.5	15696.5830078125	1075.5	858.6666870117188	
897.3790283203125	1036392.	2452.	15805.	1300.833374023438	958.8333129882813	
898.6279907226563	1044208.	3077.75	14628.0830078125	1167.416625976563	758.6666870117188	
899.8759765625	1048084.	3027.75	15429.4169921875	1050.666625976563	1075.583374023438	
901.1240234375	1064460.	2652.5	16130.5830078125	1133.916625976563	791.9166870117188	
902.3720092773438	1042812.	2552.25	14936.9169921875	1392.666625976563	892.1666870117188	
903.6199951171875	1071644.	2451.75	15103.9169921875	1317.5	1092.5	
904.8679809570313	1071496.	4604.75	15429.4169921875	1326.	1033.833374023438	
906.1160278320313	1044816.	2727.5	14911.75	1092.333374023438	850.4166870117188	
907.364013671875	1060760.	2427.25	15329.1669921875	950.5833129882813	1050.583374023438	
908.6119995117188	1058244.	3303.	15788.3330078125	1050.5	1042.416625976563	
909.8599853515625	1018533.75	2877.5	15354.25	1109.166625976563	933.9166870117188	
911.1079711914063	1043200.	8136.5	14536.0830078125	1300.833374023438	1083.916625976563	
912.3569946289063	1059556.	2502.25	15579.75	950.3333129882813	883.9166870117188	
913.60498046875	1101597.25	2452.	14995.4169921875	1050.583374023438	992.0833129882813	
914.85302734375	1024880.	2602.	15237.4169921875	1050.583374023438	925.5	
916.1010131835938	1008344.	2802.25	15395.75	1042.166625976563	917.0833129882813	
917.3489990234375	1020956.	2952.75	15972.1669921875	1225.75	892.0833129882813	
918.5969848632813	1041344.	2477.	15947.4169921875	950.5833129882813	883.75	
919.844970703125	1033864.	2402.	16983.75	933.75	850.3333129882813	
921.093017578125	997956.	2952.5	14369.25	1184.083374023438	917.0833129882813	
922.3410034179688	1032520.	15407.75	15179.1669921875	1184.166625976563	733.4166870117188	
923.5889892578125	1028808.	2327.	14886.8330078125	1242.416625976563	1142.5	
924.8369750976563	1023848.	2677.5	15162.4169921875	1242.5	1100.583374023438	
926.0859985351563	1033004.	3178.	14694.6669921875	1167.416625976563	925.4166870117188	
927.333984375	1045656.	5832.	15805.1669921875	1125.583374023438	825.25	
928.5819702148438	1046828.	2952.75	15688.3330078125	1109.	1067.166625976563	
929.8300170898438	1050812.	2702.25	15045.5	1125.75	933.75	
931.0780029296875	1033124.	2827.5	15755.0830078125	1084.	917.	
932.3259887695313	1046676.	2727.5	15304.0830078125	1200.833374023438	975.5	
933.573974609375	1064044.	2652.25	16131.	1292.5	825.25	
934.822021484375	1045136.	2627.	15905.25	1309.25	1108.916625976563	
936.0700073242188	1065856.	2727.5	15546.3330078125	1167.333374023438	983.6666870117188	
937.3179931640625	1134650.5	2727.25	15329.4169921875	1092.25	934.	
938.5659790039063	1088477.25	6608.	15554.5830078125	1008.75	1008.833312988281	
939.8150024414063	1076060.	2877.75	16239.25	1117.333374023438	975.5833129882813	
941.06298828125	1085084.	2552.25	16347.8330078125	1092.333374023438	975.5	
942.3109741210938	1054744.	2727.25	15396.1669921875	1067.25	942.25	
943.5590209960938	1057516.	2977.75	15070.4169921875	1067.333374023438	1067.25	
944.8070068359375	1063136.	2252.	16139.0830078125	1184.083374023438	858.6666870117188	
946.0549926757813	1029900.	3628.5	15404.4169921875	1025.5	933.8333129882813	
947.302978515625	1045576.	2702.25	15270.9169921875	1133.916625976563	908.75	
948.551025390625	1038412.	2577.	15671.5830078125	1184.166625976563	808.5	
949.7990112304688	1030784.	3603.5	14936.8330078125	1234.	958.8333129882813	
951.0469970703125	1047188.	3077.75	15170.75	1150.583374023438	958.8333129882813	
952.2949829101563	1070980.	2201.75	15387.75	1317.583374023438	842.0833129882813	
953.5440063476563	1047844.	3052.75	15746.75	1275.666625976563	958.75	
954.7919921875	1061584.	2401.75	15312.6669921875	984.	1042.25	
956.0399780273438	1051388.	3002.5	14936.6669921875	1050.666625976563	925.5	
957.2880249023438	1058228.	2652.25	14878.4169921875	1042.416625976563	950.5	
958.5360107421875	1036620.	2902.5	14928.5	1142.333374023438	791.9166870117188	
959.7839965820313	1073400.	2452.	14836.6669921875	1008.833312988281	950.5	
961.031982421875	1029772.	2277.	15028.6669921875	1459.416625976563	1017.166687011719	
962.280029296875	1011384.	2502.	14444.3330078125	1351.	858.8333129882813	
963.5280151367188	1005708.	3553.5	13935.	900.4166870117188	983.9166870117188	
964.7760009765625	1013748.	3128.	14844.8330078125	1075.75	867.1666870117188	
966.0239868164063	1006392.	2402.25	14243.9169921875	1075.583374023438	1025.5	
967.2730102539063	1007808.	3228.	14352.6669921875	1392.583374023438	816.9166870117188	
968.52099609375	1018660.	4679.75	15095.6669921875	1008.916687011719	725.25	
969.7689819335938	1048076.	2652.	14744.6669921875	1067.25	1075.75	
971.0170288085938	1042240.	2727.5	14970.1669921875	1192.5	983.75	
972.2650146484375	999964.	2602.25	15112.1669921875	967.0833129882813	958.8333129882813	
973.5130004882813	1049468.	2302.	14820.0830078125	1075.583374023438	900.5	
974.760986328125	1007260.	2627.25	14978.6669921875	950.4166870117188	975.5	
976.0089721679688	1029440.	2452.	14302.5	958.75	1059.	
977.2570190429688	1021420.	2802.5	15203.9169921875	1033.916625976563	950.5	
978.5050048828125	1010032.	2802.5	14895.	1025.666625976563	883.75	
979.7529907226563	1030396.	2277.	15162.4169921875	1000.666687011719	791.9166870117188	
981.0020141601563	1023948.	2827.75	15054.	1259.166625976563	975.3333129882813	
982.25	994008.	2377.25	14377.75	1092.25	867.0833129882813	
983.4979858398438	1017200.	2602.25	15154.	1117.416625976563	958.75	
984.7459716796875	1008356.	2702.5	15562.8330078125	1159.166625976563	950.4166870117188	
985.9940185546875	1036280.	2552.25	15212.4169921875	1217.583374023438	1200.75	
987.2420043945313	1037128.	2452.	15095.3330078125	983.9166870117188	741.9166870117188	
988.489990234375	1038424.	2527.	15262.4169921875	1250.916625976563	725.25	
989.7379760742188	1037344.	2677.25	14870.1669921875	1125.75	867.	
990.9860229492188	1045464.	2527.25	15454.5830078125	917.1666870117188	750.3333129882813	
992.2340087890625	1032544.	3027.5	15028.8330078125	1342.583374023438	742.	
993.4819946289063	1042144.	2677.5	15688.1669921875	1225.833374023438	825.25	
994.7310180664063	1043872.	2477.	15262.5	1167.416625976563	1059.	
995.97900390625	1049540.	2527.25	16030.75	983.9166870117188	992.25	
997.2269897460938	1024268.	2927.5	14636.4169921875	875.5	841.9166870117188	
998.4749755859375	1061076.	2402.	15872.	992.25	883.9166870117188	
