Trace for Mass:	Al27(MR)	Si28(MR)	Ca44(MR)	Fe56(MR)	S32(MR)
Resolution:	Medium	Medium	Medium	Medium	Medium
					
Time	Intensity	Intensity	Intensity	Intensity	Intensity
[sec]	[cps]	[cps]	[cps]	[cps]	[cps]

1.22000002861023	1793.083374023438	847690.	116.6666641235352	1409.25	30329.333984375	
2.437999963760376	1659.5	904099.625	233.3333282470703	1334.25	30914.166015625	
3.655999898910523	1133.916625976563	806823.1875	275.	1259.166625976563	30463.583984375	
4.874000072479248	1340.900024414063	739137.1875	200.	1108.833374023438	29853.7265625	
6.092000007629395	1080.699951171875	750096.875	133.3333282470703	1359.333374023438	30637.818359375	
7.309999942779541	800.4000244140625	704069.3125	183.3333282470703	1534.333374023438	30725.5	
8.527999877929688	950.5999755859375	699468.875	218.1818237304688	1175.75	29914.19921875	
9.746999740600586	1030.599975585938	659229.3125	218.1818237304688	1526.166625976563	30876.5	
10.96500015258789	1040.400024414063	624353.75	209.0909118652344	1134.	30987.599609375	
12.18299961090088	875.5	620840.4375	218.1818237304688	1325.916625976563	29062.	
13.40100002288818	1050.699951171875	593661.3125	163.6363677978516	1375.916625976563	28841.80078125	
14.61900043487549	810.2999877929688	583909.75	291.	1300.916625976563	28270.5	
15.83699989318848	763.9091186523438	574694.25	281.8181762695313	1259.166625976563	29173.099609375	
17.05500030517578	880.5	572790.25	181.8181762695313	2152.	27619.30078125	
18.27300071716309	700.25	566133.3125	158.3333282470703	1451.083374023438	27238.	
19.49099922180176	1118.909057617188	556221.75	291.	15046.3330078125	28672.400390625	
20.70899963378906	864.1818237304688	546302.6875	200.	2235.166748046875	28110.30078125	
21.92799949645996	4186.10009765625	550677.3125	158.3333282470703	3094.75	27438.599609375	
23.14599990844727	1612.444458007813	548813.3125	270.	3829.	27569.30078125	
24.36400032043457	26849.75	547634.25	281.8181762695313	4671.83349609375	28090.80078125	
25.58200073242188	2243.916748046875	555777.3125	200.	5264.16650390625	28813.	
26.79999923706055	2210.583251953125	556635.5625	320.	5523.66650390625	28041.400390625	
28.01799964904785	1701.25	547534.6875	190.9090881347656	5523.5	28311.19921875	
29.23600006103516	1230.800048828125	556065.3125	290.9090881347656	3303.666748046875	28432.	
30.45400047302246	1175.75	548423.5625	318.1818237304688	3979.416748046875	27559.30078125	
31.67200088500977	1046.	533577.75	91.66666412353516	6654.08349609375	28451.69921875	
32.89099884033203	892.1666870117188	549798.25	240.	3111.666748046875	28210.5	
34.10900115966797	800.4000244140625	552738.25	141.6666717529297	1384.166625976563	28140.80078125	
35.32699966430664	4231.66650390625	545136.875	191.6666717529297	5485.33349609375	27941.099609375	
36.54499816894531	760.2999877929688	570319.125	270.1000061035156	1684.583374023438	28642.69921875	
37.76300048828125	709.272705078125	547715.5625	280.	43250.296875	28602.30078125	
38.98099899291992	709.272705078125	546674.6875	333.3333435058594	1517.833374023438	28431.900390625	
40.19900131225586	610.2000122070313	541196.4375	191.6666717529297	1551.25	27519.400390625	
41.41699981689453	627.4545288085938	546274.6875	230.	1417.75	27539.19921875	
42.6349983215332	654.8181762695313	541257.75	191.6666717529297	3158.363525390625	28371.5	
43.85300064086914	733.6666870117188	547220.	170.	1642.916625976563	29163.80078125	
45.07199859619141	491.0909118652344	541224.4375	320.	1417.583374023438	28121.400390625	
46.29000091552734	591.8333129882813	550242.25	240.	1267.666625976563	28301.599609375	
47.50799942016602	778.111083984375	550088.4375	108.3333358764648	1367.416625976563	27710.	
48.72600173950195	617.	541651.5625	236.3636322021484	1167.416625976563	27810.099609375	
49.94400024414063	550.25	550227.125	330.	1376.	28652.599609375	
51.1619987487793	642.	543815.125	250.	1142.5	27990.80078125	
52.38000106811523	545.4545288085938	551654.25	100.	1392.583374023438	27519.400390625	
53.59799957275391	591.0908813476563	556486.6875	281.8181762695313	1325.75	27980.900390625	
54.81600189208984	516.8333129882813	545939.125	245.4545440673828	1184.	28522.30078125	
56.03400039672852	518.272705078125	546752.4375	230.	1292.5	27921.099609375	
57.25299835205078	666.7777709960938	548324.	233.3333282470703	1184.083374023438	28081.099609375	
58.47100067138672	730.2000122070313	546903.125	333.4166564941406	1292.75	27479.099609375	
59.68899917602539	663.8181762695313	551341.75	318.1818237304688	1784.833374023438	27790.19921875	
60.90700149536133	563.727294921875	550877.75	116.6666641235352	1542.75	27860.69921875	
62.125	509.2727355957031	553891.5625	158.3333282470703	1375.916625976563	28462.30078125	
63.34299850463867	545.6363525390625	551910.25	281.9090881347656	1375.916625976563	27298.69921875	
64.56099700927734	550.2000122070313	550076.875	272.7272644042969	1401.083374023438	27919.80078125	
65.77899932861328	800.4000244140625	542086.	150.	1542.75	28171.400390625	
66.99700164794922	600.0999755859375	550890.25	409.1818237304688	1300.833374023438	28652.400390625	
68.21600341796875	572.9091186523438	557091.5625	230.	1367.583374023438	28371.5	
69.43399810791016	810.4000244140625	553893.3125	320.	2051.916748046875	29073.099609375	
70.65200042724609	810.2999877929688	554502.25	410.1000061035156	1451.166625976563	27629.69921875	
71.87000274658203	618.1818237304688	554182.6875	141.6666717529297	2769.75	27058.400390625	
73.08799743652344	680.2999877929688	558252.4375	183.3333282470703	1826.25	30679.77734375	
74.30599975585938	566.9166870117188	538261.3125	241.6666717529297	1843.083374023438	28131.599609375	
75.52400207519531	850.4000244140625	553596.4375	270.	2429.54541015625	27810.69921875	
76.74199676513672	436.3636474609375	548325.75	245.4545440673828	1376.	27599.80078125	
77.95999908447266	640.0999755859375	554853.75	190.9090881347656	18490.083984375	28402.099609375	
79.17800140380859	636.5454711914063	557004.	227.2727203369141	1651.416625976563	27619.099609375	
80.39700317382813	889.2222290039063	549370.6875	160.	1484.25	28121.5	
81.61499786376953	650.0999755859375	565976.875	263.6363525390625	1350.916625976563	29074.19921875	
82.83300018310547	600.2000122070313	551472.875	191.6666717529297	1209.166625976563	26637.30078125	
84.05100250244141	666.9166870117188	589080.5625	209.0909118652344	1175.666625976563	28532.	
85.26899719238281	644.5555419921875	560856.4375	254.5454559326172	1417.833374023438	29788.666015625	
86.48699951171875	678.	569759.125	227.3636322021484	1668.	28522.099609375	
87.70500183105469	436.4545593261719	553931.125	340.	1217.333374023438	26897.80078125	
88.92299652099609	640.2000122070313	561367.5625	175.	1167.416625976563	30501.666015625	
90.14099884033203	441.8333435058594	558901.3125	181.8181762695313	1784.916625976563	27569.69921875	
91.35900115966797	1211.77783203125	560839.125	172.7272796630859	1350.916625976563	27289.	
92.5780029296875	580.0999755859375	565804.	200.	1225.75	28372.19921875	
93.79599761962891	654.727294921875	592637.3125	236.3636322021484	1517.666625976563	31916.4453125	
95.01399993896484	600.1818237304688	562958.25	225.	1534.416625976563	28131.599609375	
96.23200225830078	710.2000122070313	561999.5625	318.2727355957031	1459.416625976563	27590.	
97.44999694824219	640.2000122070313	561992.	327.3636474609375	1142.25	27970.400390625	
98.66799926757813	618.3636474609375	567564.	233.3333282470703	2927.833251953125	30646.5546875	
99.88600158691406	690.4000244140625	555513.3125	191.6666717529297	1484.416625976563	28271.19921875	
101.1039962768555	722.4444580078125	589471.5625	518.5454711914063	1384.416625976563	28161.19921875	
102.3219985961914	730.2999877929688	566882.6875	191.6666717529297	1192.5	28652.80078125	
103.5400009155273	627.4545288085938	563744.4375	218.1818237304688	1108.916625976563	28452.400390625	
104.7590026855469	350.0833435058594	589041.	191.6666717529297	1267.5	27338.5	
105.9769973754883	682.	595645.3125	190.9090881347656	1275.833374023438	27499.400390625	
107.1949996948242	500.0833435058594	584239.125	283.3333435058594	1292.666625976563	27629.69921875	
108.4130020141602	756.	563132.4375	141.6666717529297	1793.083374023438	26607.099609375	
109.6309967041016	1170.699951171875	569157.75	363.7272644042969	1718.083374023438	27980.69921875	
110.8489990234375	625.25	606507.9375	230.	1501.	27508.80078125	
112.0670013427734	650.2000122070313	571070.6875	263.6363525390625	1184.	27850.80078125	
113.2850036621094	525.0833129882813	578926.25	283.3333435058594	1726.416625976563	28823.	
114.5029983520508	1022.666687011719	608046.75	290.9090881347656	1459.333374023438	26957.599609375	
115.7220001220703	790.2999877929688	569051.5625	330.	1351.	27439.5	
116.9400024414063	733.6666870117188	677950.125	230.	1359.333374023438	28160.69921875	
118.1579971313477	760.2000122070313	566643.5625	290.	1409.25	28120.900390625	
119.3759994506836	500.1666564941406	577036.	150.	1651.166625976563	28201.80078125	
120.5940017700195	720.2000122070313	591958.6875	318.1818237304688	1284.25	28311.69921875	
121.8119964599609	1768.111083984375	604513.75	263.6363525390625	3704.10009765625	28542.599609375	
123.0299987792969	744.7777709960938	583198.6875	290.9090881347656	1734.583374023438	28071.599609375	
124.2480010986328	582.	585385.3125	200.	1592.916625976563	28011.30078125	
125.4660034179688	770.4000244140625	612266.5625	181.8181762695313	1734.5	28231.5	
126.6839981079102	491.	581539.125	163.6363677978516	1551.083374023438	28001.400390625	
127.9029998779297	660.2000122070313	604374.6875	166.6666717529297	1192.333374023438	27960.69921875	
129.1210021972656	736.6363525390625	631851.5625	227.2727203369141	1726.333374023438	28091.19921875	
130.3390045166016	867.111083984375	603133.75	270.	1442.583374023438	27179.	
131.5570068359375	733.5833129882813	595920.	309.1818237304688	1367.583374023438	29194.5	
132.7749938964844	700.272705078125	629878.25	260.	2185.666748046875	27689.69921875	
133.9929962158203	1000.666687011719	597369.75	225.	1509.416625976563	28281.69921875	
135.2109985351563	825.5833129882813	585499.5625	450.1666564941406	1392.5	28091.400390625	
136.4290008544922	840.2999877929688	588855.5625	309.0909118652344	1350.916625976563	28703.099609375	
137.6470031738281	845.	594482.25	283.3333435058594	1868.083374023438	28090.80078125	
138.8650054931641	600.1666870117188	611012.875	318.1818237304688	1292.583374023438	26326.099609375	
140.0839996337891	760.2000122070313	638853.3125	236.3636322021484	1601.166625976563	27870.30078125	
141.302001953125	580.0999755859375	591232.	300.	2043.5	27790.099609375	
142.5200042724609	600.25	598082.25	290.	1567.75	28442.	
143.7380065917969	840.4000244140625	601183.5625	200.	1350.916625976563	27839.69921875	
144.9559936523438	791.272705078125	569486.25	300.	1559.333374023438	28582.80078125	
146.1739959716797	636.6363525390625	601912.	300.	1550.916625976563	27519.599609375	
147.3919982910156	650.25	590211.125	200.	1484.333374023438	28191.30078125	
148.6100006103516	375.	585900.4375	300.0909118652344	1309.166625976563	26877.599609375	
149.8280029296875	1111.77783203125	594141.3125	300.	4306.25	28091.599609375	
151.0469970703125	773.1818237304688	627128.25	410.1000061035156	1592.75	28803.099609375	
152.2649993896484	860.4000244140625	608289.3125	225.	1467.5	30445.5546875	
153.4830017089844	700.25	603816.4375	150.	1501.083374023438	27018.5	
154.7010040283203	840.4000244140625	599738.6875	400.0833435058594	1534.416625976563	27719.900390625	
155.9190063476563	791.3636474609375	646751.875	245.4545440673828	1559.583374023438	28852.5	
157.1369934082031	909.5454711914063	608275.5625	333.4166564941406	1851.416625976563	28552.30078125	
158.3549957275391	722.3333129882813	623952.375	200.	2176.833251953125	28411.5	
159.572998046875	610.0999755859375	608871.125	409.1818237304688	1843.083374023438	28452.099609375	
160.7910003662109	725.3333129882813	644806.5	281.8181762695313	1559.333374023438	27429.5	
162.0090026855469	873.0908813476563	608478.6875	225.	1901.416625976563	28171.5	
163.2279968261719	510.1000061035156	630036.	280.	21621.833984375	28261.80078125	
164.4459991455078	740.2000122070313	583038.6875	236.3636322021484	2343.666748046875	28301.69921875	
165.6640014648438	673.	629351.5625	283.3333435058594	1784.583374023438	28181.599609375	
166.8820037841797	1261.	580492.4375	383.4166564941406	1659.666625976563	27249.	
168.1000061035156	550.0999755859375	607097.3125	188.8888854980469	1909.833374023438	28722.099609375	
169.3179931640625	3471.333251953125	632791.125	363.6363525390625	1509.416625976563	27209.099609375	
170.5359954833984	3330.166748046875	678419.6875	418.3636474609375	5700.41650390625	27108.30078125	
171.7539978027344	770.5	621071.125	218.1818237304688	1626.083374023438	28722.900390625	
172.9720001220703	808.8333129882813	645630.625	363.6363525390625	1559.5	28783.400390625	
174.1900024414063	730.2999877929688	636369.75	400.0909118652344	2238.363525390625	27709.900390625	
175.4089965820313	516.9166870117188	667638.6875	391.75	2085.	30136.19921875	
176.6269989013672	4964.85693359375	632872.4375	327.2727355957031	64849.14453125	28231.30078125	
177.8450012207031	641.8333129882813	629013.3125	409.0909118652344	1943.333374023438	28221.80078125	
179.0630035400391	1801.666625976563	636788.875	383.5	2368.75	28963.30078125	
180.281005859375	980.7000122070313	627632.875	241.6666717529297	2820.9091796875	28211.69921875	
181.4989929199219	1140.800048828125	652249.3125	620.2000122070313	4071.75	27869.900390625	
182.7169952392578	1851.599975585938	639031.5625	291.6666564941406	3011.083251953125	28582.599609375	
183.9349975585938	625.1666870117188	696753.5625	427.3636474609375	1976.5	26128.544921875	
185.1529998779297	800.5	727902.25	409.1818237304688	4305.	28732.599609375	
186.3719940185547	773.	639604.	372.7272644042969	2910.916748046875	28721.900390625	
187.5899963378906	1245.22216796875	655423.5625	472.9090881347656	5014.41650390625	27709.80078125	
188.8079986572266	950.5999755859375	663814.25	391.	7038.	29243.80078125	
190.0260009765625	840.4000244140625	664452.4375	518.272705078125	5691.5	29123.69921875	
191.2440032958984	990.5999755859375	656872.	436.4545593261719	7758.41650390625	29274.69921875	
192.4620056152344	300.0833435058594	657505.3125	183.4166717529297	2026.583374023438	29645.80078125	
193.6799926757813	1634.555541992188	620493.3125	341.75	1943.166625976563	28571.900390625	
194.8979949951172	990.5999755859375	677688.25	425.0833435058594	3144.916748046875	29555.5	
196.1159973144531	1100.666625976563	630482.6875	410.	2602.25	30557.22265625	
197.3339996337891	1130.699951171875	683450.875	308.3333435058594	1843.083374023438	27940.69921875	
198.5529937744141	780.5	625859.5625	254.5454559326172	2060.083251953125	29184.400390625	
199.77099609375	541.75	611062.6875	366.75	1784.583374023438	28031.30078125	
200.9889984130859	1210.800048828125	638959.125	400.	2518.833251953125	27319.	
202.2070007324219	836.8181762695313	626227.125	290.9090881347656	2460.583251953125	28762.599609375	
203.4250030517578	754.9091186523438	597839.5625	333.3333435058594	1776.333374023438	29043.80078125	
204.6430053710938	1170.699951171875	633006.8125	263.6363525390625	1451.	27590.19921875	
205.8609924316406	709.4545288085938	620130.25	263.6363525390625	3561.833251953125	27900.099609375	
207.0789947509766	1000.666687011719	647987.125	491.0909118652344	2168.333251953125	28421.599609375	
208.2969970703125	1611.300048828125	619960.875	380.	2310.5	28232.099609375	
209.5149993896484	1190.900024414063	630325.3125	320.	2285.5	29073.80078125	
210.7339935302734	836.9091186523438	635198.25	418.2727355957031	2076.75	29434.80078125	
211.9519958496094	1292.916625976563	624838.8125	500.1818237304688	2110.083251953125	28482.	
213.1699981689453	1237.272705078125	643685.	558.5833129882813	1859.916625976563	28822.900390625	
214.3880004882813	1601.333374023438	599586.25	436.4545593261719	1818.083374023438	27799.80078125	
215.6060028076172	1228.090942382813	647004.	673.	2009.916625976563	32563.	
216.8240051269531	1756.090942382813	712772.375	408.3333435058594	2452.083251953125	28842.599609375	
218.0420074462891	1100.888916015625	596693.3125	291.6666564941406	1859.75	29524.599609375	
219.2599945068359	1701.54541015625	603950.25	460.1000061035156	6703.45458984375	28181.69921875	
220.4779968261719	736.8181762695313	602772.	430.	4742.45458984375	28682.30078125	
221.6970062255859	475.0833435058594	624507.5625	608.5	2961.083251953125	28511.900390625	
222.9149932861328	1467.916625976563	614585.75	472.8181762695313	8513.4169921875	28542.599609375	
224.1329956054688	2612.0908203125	647159.5625	381.9090881347656	1985.	28271.80078125	
225.3509979248047	1421.	618884.	500.0909118652344	1843.083374023438	29344.30078125	
226.5690002441406	1108.916625976563	615104.875	500.0833435058594	2109.916748046875	29714.69921875	
227.7870025634766	2010.166625976563	670590.9375	627.5454711914063	3645.25	28532.5	
229.0050048828125	1719.636352539063	633504.4375	682.0908813476563	3036.25	28131.	
230.2230072021484	1280.900024414063	633952.875	1055.181762695313	6344.27294921875	32407.5546875	
231.4409942626953	2135.166748046875	632001.3125	1701.272705078125	11198.	27910.69921875	
232.6589965820313	4159.	609361.3125	3914.5	13853.8330078125	29775.599609375	
233.8780059814453	9173.7998046875	680357.25	5967.10009765625	19000.166015625	28362.	
235.0959930419922	7531.77783203125	751598.625	3421.636474609375	15388.5830078125	29866.099609375	
236.3139953613281	5078.181640625	652269.3125	2857.181884765625	22156.166015625	30708.099609375	
237.5319976806641	7509.33349609375	741640.1875	3958.45458984375	24424.75	28742.599609375	
238.75	7868.66650390625	642573.5	3653.5	25828.083984375	32161.888671875	
239.9680023193359	3336.583251953125	642843.5625	2535.5	11975.	29074.	
241.1860046386719	2986.833251953125	628776.4375	2944.5	12819.181640625	29575.599609375	
242.4040069580078	4113.27294921875	634986.6875	2802.5	10063.75	29173.30078125	
243.6219940185547	4460.4443359375	617919.125	2368.833251953125	9111.4169921875	28702.400390625	
244.8399963378906	9720.7275390625	792872.625	1783.363647460938	56006.05859375	31801.599609375	
246.0590057373047	3854.	640517.75	1776.333374023438	9187.3330078125	29213.80078125	
247.2769927978516	1718.25	651888.4375	1501.099975585938	8587.8330078125	29174.599609375	
248.4949951171875	1709.666625976563	597893.75	1291.909057617188	7584.66650390625	28261.900390625	
249.7129974365234	1993.333374023438	629925.875	1761.5	5456.08349609375	28632.900390625	
250.9309997558594	2385.583251953125	604418.6875	1120.699951171875	8595.9169921875	27860.30078125	
252.1490020751953	1400.909057617188	612134.125	827.727294921875	39968.5625	29595.099609375	
253.3670043945313	1791.400024414063	632354.6875	791.1818237304688	4104.25	29625.30078125	
254.5850067138672	1959.916625976563	593805.75	1011.666687011719	6526.	28482.	
255.8029937744141	867.0833129882813	589274.25	754.9091186523438	3119.416748046875	27959.900390625	
257.0220031738281	992.3333129882813	612091.125	770.4000244140625	5388.36376953125	27870.5	
258.239990234375	3192.5556640625	594108.875	508.5	4238.	28973.599609375	
259.4580078125	1761.5	637420.4375	1371.099975585938	6325.	28141.099609375	
260.6759948730469	1159.166625976563	645727.5625	900.4545288085938	7025.	28000.80078125	
261.8940124511719	32649.986328125	664265.6875	758.5833129882813	8461.3330078125	28031.400390625	
263.1119995117188	6557.39990234375	615946.25	809.5454711914063	19177.333984375	39275.66796875	
264.3299865722656	10097.400390625	639765.8125	827.727294921875	11507.9169921875	28371.19921875	
265.5480041503906	6678.5	650576.875	950.5833129882813	12044.6669921875	28621.599609375	
266.7659912109375	10268.7275390625	617511.125	800.4000244140625	9930.8330078125	30327.19921875	
267.9840087890625	5195.60009765625	643391.375	608.5833129882813	16738.181640625	28993.599609375	
269.2030029296875	9648.2998046875	625343.5625	591.	10054.5	29264.099609375	
270.4209899902344	4985.2001953125	728095.5625	1137.090942382813	14617.0830078125	28913.69921875	
271.6390075683594	12175.9169921875	633459.5625	783.75	13936.9169921875	28502.099609375	
272.8569946289063	12876.22265625	647232.875	1237.181762695313	24850.583984375	29655.400390625	
274.0750122070313	6498.	742986.0625	692.	16595.333984375	29123.5	
275.2929992675781	4329.66650390625	643622.6875	1511.	16138.7275390625	31783.22265625	
276.510986328125	2251.833251953125	693984.375	1050.666625976563	9846.8330078125	28722.599609375	
277.72900390625	73896.234375	633511.125	855.	7485.41650390625	30201.	
278.9469909667969	2720.166748046875	638948.4375	827.727294921875	9067.818359375	29705.19921875	
280.1650085449219	6130.89990234375	627214.6875	618.3636474609375	8830.	28331.599609375	
281.3840026855469	9145.77734375	630540.	950.5833129882813	8845.1669921875	27780.30078125	
282.6019897460938	6638.39990234375	703715.25	800.2999877929688	26387.25	27870.19921875	
283.8200073242188	3604.166748046875	610880.4375	541.9166870117188	7700.83349609375	30287.400390625	
285.0379943847656	3529.	639032.875	463.7272644042969	11056.9091796875	29274.80078125	
286.2560119628906	4792.41650390625	632136.875	575.25	4997.16650390625	30047.19921875	
287.4739990234375	1641.300048828125	666372.0625	645.6363525390625	5648.	29474.80078125	
288.6919860839844	3613.181884765625	611565.3125	800.4000244140625	6665.91650390625	30312.	
289.9100036621094	983.8333129882813	622808.	1781.699951171875	11288.63671875	26888.	
291.1279907226563	1801.272705078125	628526.5625	700.2999877929688	8717.25	29424.30078125	
292.3469848632813	1601.272705078125	634084.	2242.5	5840.75	32607.888671875	
293.5650024414063	6532.	634610.25	545.5454711914063	7393.41650390625	28432.19921875	
294.7829895019531	1367.666625976563	610908.4375	4672.45458984375	3678.5	26988.30078125	
296.0010070800781	875.5	590853.75	483.5	5030.5	32062.111328125	
297.218994140625	4164.89990234375	605825.75	500.	6157.25	28763.099609375	
298.43701171875	900.4166870117188	591984.4375	1219.181762695313	13895.599609375	29715.900390625	
299.6549987792969	1250.833374023438	624485.5625	675.1666870117188	20460.30078125	28121.099609375	
300.8729858398438	1467.666625976563	630687.5625	1961.699951171875	8521.5830078125	30107.19921875	
302.0910034179688	5056.	627119.125	1201.	12145.36328125	29515.5	
303.3089904785156	1517.833374023438	642788.	1082.54541015625	19264.166015625	29675.5	
304.5280151367188	1801.400024414063	649708.	891.272705078125	9796.3330078125	28943.30078125	
305.7460021972656	2041.699951171875	618992.	864.0908813476563	14423.5830078125	30768.099609375	
306.9639892578125	1791.5	618526.25	1218.909057617188	19925.	29394.5	
308.1820068359375	2338.363525390625	603256.4375	700.1666870117188	11161.5830078125	28582.599609375	
309.3999938964844	1801.272705078125	600380.875	1634.666625976563	6132.08349609375	27860.599609375	
310.6180114746094	1251.083374023438	611897.75	545.6363525390625	10412.818359375	31360.599609375	
311.8359985351563	918.727294921875	651073.875	566.8333129882813	5481.25	31372.5	
313.0539855957031	558.5833129882813	585563.5625	650.2999877929688	2944.416748046875	33946.66796875	
314.2720031738281	52822.03515625	625561.25	627.5454711914063	9553.63671875	31504.888671875	
315.489990234375	1751.75	595422.6875	800.272705078125	4688.25	27790.19921875	
316.7090148925781	4315.39990234375	613898.6875	1075.666625976563	6307.33349609375	31236.77734375	
317.927001953125	1075.75	632036.4375	1159.166625976563	8454.4169921875	31370.5546875	
319.1449890136719	1220.800048828125	589653.75	563.727294921875	13545.099609375	28853.	
320.3630065917969	3036.666748046875	657909.	740.2000122070313	98412.1640625	29885.80078125	
321.5809936523438	3178.25	782401.	1346.45458984375	5614.41650390625	28973.400390625	
322.7990112304688	1137.090942382813	627978.9375	1376.166625976563	12582.8330078125	28492.099609375	
324.0169982910156	4784.5	680683.125	1070.699951171875	5397.66650390625	29605.099609375	
325.2349853515625	3113.199951171875	614206.25	618.3636474609375	7292.5	28833.	
326.4530029296875	908.9166870117188	617519.125	860.5	4087.416748046875	33154.	
327.6709899902344	1009.083312988281	594680.4375	2102.25	9906.5830078125	30377.80078125	
328.8900146484375	1264.45458984375	607726.6875	1128.	4947.08349609375	27910.69921875	
330.1080017089844	1701.363647460938	587718.25	608.5	6925.41650390625	27870.69921875	
331.3259887695313	1771.400024414063	653334.	470.1000061035156	2977.666748046875	28362.30078125	
332.5440063476563	983.75	591519.125	682.272705078125	2652.333251953125	29525.30078125	
333.7619934082031	1551.25	614033.75	425.	4222.72705078125	28392.19921875	
334.9800109863281	1109.818237304688	579353.3125	790.4000244140625	3153.166748046875	31392.888671875	
336.197998046875	1230.800048828125	619576.875	770.2999877929688	6032.41650390625	27740.599609375	
337.4159851074219	691.8333129882813	589854.25	581.9091186523438	304268.03125	27630.400390625	
338.6340026855469	1392.75	587526.25	590.0999755859375	3103.083251953125	30055.666015625	
339.8529968261719	1273.54541015625	605683.5625	527.4545288085938	4705.16650390625	29495.5	
341.0710144042969	2370.	575208.4375	636.5454711914063	3353.	28472.19921875	
342.2890014648438	12763.	572895.5625	658.6666870117188	3895.75	29555.099609375	
343.5069885253906	1473.909057617188	622399.6875	1421.199951171875	3086.25	28813.400390625	
344.7250061035156	1284.416625976563	566454.6875	750.3333129882813	3820.666748046875	27339.30078125	
345.9429931640625	1741.199951171875	567841.75	791.1818237304688	10555.	27218.5	
347.1610107421875	1280.900024414063	600234.6875	560.0999755859375	5340.	29599.111328125	
348.3789978027344	2332.39990234375	582392.875	400.0833435058594	4997.25	27830.80078125	
349.5969848632813	833.6666870117188	563488.4375	463.7272644042969	52865.0625	28351.80078125	
350.8150024414063	3588.666748046875	871085.75	450.1000061035156	4313.	28301.69921875	
352.0339965820313	1421.199951171875	586361.75	618.5454711914063	2635.5	29063.69921875	
353.2520141601563	1731.300048828125	575085.75	472.8181762695313	3036.25	28351.400390625	
354.4700012207031	9536.63671875	577097.5	770.2999877929688	2986.083251953125	27248.900390625	
355.68798828125	4173.33349609375	592330.25	441.75	2126.75	27910.599609375	
356.906005859375	3364.10009765625	549909.75	642.0833129882813	3854.666748046875	28532.5	
358.1239929199219	1571.199951171875	562353.75	491.0909118652344	7838.83349609375	28653.099609375	
359.3420104980469	1378.666625976563	553151.125	1100.818237304688	3562.	30913.666015625	
360.5599975585938	1190.699951171875	562480.4375	640.2000122070313	15089.4541015625	29214.19921875	
361.7780151367188	4531.625	560011.5625	591.1818237304688	6369.66650390625	28903.400390625	
362.9960021972656	975.6666870117188	560966.6875	400.1000061035156	2969.416748046875	29184.30078125	
364.2149963378906	550.25	550899.75	291.6666564941406	2402.	27438.599609375	
365.4330139160156	1137.090942382813	544169.75	450.1000061035156	2151.75	27650.5	
366.6510009765625	909.4545288085938	570774.25	481.9090881347656	1951.583374023438	28261.900390625	
367.8689880371094	850.4000244140625	560403.5625	350.	2126.916748046875	29385.099609375	
369.0870056152344	692.	553007.5625	472.8181762695313	1918.166625976563	27860.599609375	
370.3049926757813	800.3636474609375	539344.4375	541.9166870117188	1551.166625976563	30267.666015625	
371.5230102539063	708.5833129882813	545441.75	309.0909118652344	4455.75	29510.111328125	
372.7409973144531	809.5454711914063	557292.	466.75	1617.833374023438	28653.099609375	
373.9590148925781	700.2999877929688	551549.3125	425.	1609.416625976563	28312.	
375.1780090332031	882.272705078125	556463.5625	445.5454406738281	2110.166748046875	27860.69921875	
376.39599609375	590.0999755859375	552329.3125	358.4166564941406	2251.833251953125	28392.5	
377.614013671875	550.2000122070313	553733.3125	350.0833435058594	3503.916748046875	28401.900390625	
378.8320007324219	1190.699951171875	565863.5625	370.1000061035156	2151.833251953125	26898.5	
380.0499877929688	675.25	536214.6875	680.5	4914.66650390625	27900.900390625	
381.2680053710938	1476.416625976563	555634.6875	1491.400024414063	1742.916625976563	27820.400390625	
382.4859924316406	527.3636474609375	555572.875	441.75	1743.	28081.30078125	
383.7040100097656	633.5833129882813	541649.3125	218.1818237304688	2068.5	27550.	
384.9219970703125	610.0999755859375	549924.4375	308.3333435058594	1951.5	27569.5	
386.1400146484375	680.4000244140625	537586.25	381.9090881347656	3340.363525390625	27088.30078125	
387.3590087890625	767.	545675.5625	275.	1425.916625976563	30178.5546875	
388.5769958496094	750.2999877929688	549853.3125	150.	1893.333374023438	27659.80078125	
389.7950134277344	930.5	540927.5625	358.3333435058594	1909.833374023438	27489.80078125	
391.0130004882813	1110.599975585938	550966.25	550.25	1884.75	30234.5546875	
392.2309875488281	1160.599975585938	542392.875	310.	1959.833374023438	28843.5	
393.4490051269531	1180.599975585938	545400.4375	563.8181762695313	2126.833251953125	30167.4453125	
394.6669921875	1476.083374023438	542832.875	391.	2811.818115234375	28381.19921875	
395.885009765625	1230.800048828125	539284.4375	263.6363525390625	1425.916625976563	27469.80078125	
397.1029968261719	900.4545288085938	548670.25	363.7272644042969	1726.416625976563	28302.099609375	
398.3210144042969	900.3636474609375	540510.4375	341.6666564941406	3879.916748046875	26948.099609375	
399.5400085449219	1042.25	554048.875	354.6363525390625	1626.166625976563	27560.19921875	
400.7579956054688	958.9166870117188	544018.6875	508.5	2118.416748046875	27589.900390625	
401.9760131835938	900.4166870117188	540606.25	636.6363525390625	2911.25	27138.900390625	
403.1940002441406	933.75	541700.875	725.4166870117188	3211.333251953125	28819.333984375	
404.4119873046875	1180.699951171875	531459.125	742.	3445.	30691.111328125	
405.6300048828125	1300.818237304688	528557.75	1260.699951171875	3036.25	30044.888671875	
406.8479919433594	1471.199951171875	537122.25	1291.54541015625	7402.	27991.	
408.0660095214844	1381.	535129.75	991.4545288085938	2643.916748046875	29376.4453125	
409.2839965820313	1009.	537850.25	900.4545288085938	3194.666748046875	30490.4453125	
410.5029907226563	708.6666870117188	538808.875	1155.272705078125	3787.25	29075.4453125	
411.7210083007813	1355.272705078125	545136.875	1184.083374023438	3762.166748046875	27409.30078125	
412.9389953613281	2343.833251953125	536901.3125	1300.800048828125	4462.91650390625	27670.19921875	
414.1570129394531	1551.099975585938	549003.125	1537.54541015625	3970.5	27369.900390625	
415.375	2151.800048828125	547768.875	1361.	4054.083251953125	28181.5	
416.5929870605469	2220.	542312.4375	1564.636352539063	4730.41650390625	27289.400390625	
417.8110046386719	1509.333374023438	551072.875	1230.699951171875	5481.25	28011.30078125	
419.0289916992188	9740.0830078125	540747.5625	1150.699951171875	3378.166748046875	27660.69921875	
420.2470092773438	1351.	540590.25	982.4545288085938	8704.7998046875	26607.599609375	
421.4649963378906	1410.181762695313	556084.4375	883.75	2810.833251953125	28422.19921875	
422.6839904785156	1255.363647460938	531420.	964.1818237304688	2860.916748046875	27971.19921875	
423.9020080566406	958.9166870117188	540949.3125	809.5454711914063	2351.833251953125	28041.30078125	
425.1199951171875	942.1666870117188	546485.75	660.2000122070313	2418.5	27008.80078125	
426.3380126953125	1345.333374023438	540878.25	1255.363647460938	2185.083251953125	27129.	
427.5559997558594	1128.	542127.125	855.0908813476563	2260.25	28361.599609375	
428.7739868164063	900.5999755859375	546727.125	525.0833129882813	3278.416748046875	26988.80078125	
429.9920043945313	1067.22216796875	552105.125	582.	1893.083374023438	29043.599609375	
431.2099914550781	741.9166870117188	556061.3125	630.2999877929688	2068.416748046875	30457.	
432.4280090332031	870.4000244140625	551396.	545.6363525390625	1884.833374023438	28702.900390625	
433.64599609375	930.4000244140625	546886.6875	500.	2218.666748046875	28100.900390625	
434.864990234375	770.2999877929688	545288.4375	500.0909118652344	3554.75	28774.666015625	
436.0830078125	927.8181762695313	539459.125	400.	1792.916625976563	27629.900390625	
437.3009948730469	708.6666870117188	542200.4375	942.3333129882813	1693.	26737.900390625	
438.5190124511719	630.2000122070313	535651.125	618.4545288085938	1534.416625976563	28051.	
439.7369995117188	672.9091186523438	550148.	673.	4639.58349609375	29743.888671875	
440.9549865722656	760.4000244140625	543963.3125	383.3333435058594	2819.5	27720.19921875	
442.1730041503906	1040.599975585938	539588.875	283.3333435058594	2477.166748046875	26938.19921875	
443.3909912109375	700.272705078125	544636.	366.6666564941406	2277.083251953125	27840.599609375	
444.6090087890625	1191.727294921875	546031.5625	450.1666564941406	2260.25	30557.111328125	
445.8280029296875	1060.599975585938	543504.875	580.2000122070313	5562.	29242.5546875	
447.0459899902344	1935.111083984375	539705.75	554.8181762695313	2143.583251953125	27710.19921875	
448.2640075683594	1551.099975585938	543520.	764.	3694.54541015625	27028.599609375	
449.4819946289063	750.3333129882813	550275.5625	200.	2535.75	29144.	
450.7000122070313	2594.5	544504.	363.6363525390625	1509.5	27900.900390625	
451.9179992675781	558.5833129882813	543596.4375	236.3636322021484	1743.	26627.5	
453.135986328125	727.6363525390625	541884.875	175.	3440.0908203125	28128.22265625	
454.35400390625	840.4000244140625	541548.4375	300.	1968.166625976563	28429.4453125	
455.5719909667969	2436.	542433.75	1130.900024414063	13617.5	28161.69921875	
456.7900085449219	870.5	548165.5625	341.8333435058594	2076.583251953125	27278.30078125	
458.0090026855469	566.8333129882813	541228.	300.0909118652344	1884.916625976563	26797.5	
459.2269897460938	775.3333129882813	536445.75	372.9090881347656	1793.083374023438	27580.	
460.4450073242188	4141.33349609375	536609.5625	420.	1634.416625976563	28942.900390625	
461.6629943847656	583.5833129882813	540216.4375	172.7272796630859	2677.416748046875	27258.900390625	
462.8810119628906	880.4000244140625	539895.5625	567.111083984375	1659.5	28808.22265625	
464.0989990234375	527.3636474609375	549637.3125	218.1818237304688	2635.833251953125	27018.900390625	
465.3169860839844	216.6666717529297	544344.4375	266.6666564941406	2226.916748046875	28106.111328125	
466.5350036621094	1645.77783203125	540422.6875	281.8181762695313	2477.166748046875	28897.111328125	
467.7529907226563	566.9166870117188	534152.875	290.9090881347656	3228.083251953125	28181.099609375	
468.9710083007813	900.4545288085938	542862.6875	190.	3044.583251953125	27269.099609375	
470.1900024414063	1310.900024414063	538176.	318.1818237304688	2994.583251953125	29888.77734375	
471.4079895019531	1230.800048828125	532124.4375	209.0909118652344	3303.	27700.400390625	
472.6260070800781	1300.727294921875	546110.6875	218.1818237304688	4462.83349609375	29431.77734375	
473.843994140625	2491.22216796875	553460.875	350.1000061035156	3403.333251953125	26728.	
475.06201171875	1941.5	534708.875	227.2727203369141	5351.27294921875	27319.400390625	
476.2799987792969	2939.0908203125	540813.75	210.	4387.83349609375	27149.	
477.4979858398438	4227.22216796875	524979.3125	283.3333435058594	4488.	27991.	
478.7160034179688	2061.699951171875	543073.3125	281.8181762695313	5097.08349609375	27299.30078125	
479.9339904785156	1931.400024414063	537659.75	245.4545440673828	5581.16650390625	26677.400390625	
481.1530151367188	2539.	546787.125	200.	3753.833251953125	27108.80078125	
482.3710021972656	1509.416625976563	535064.875	154.5454559326172	4880.25	29777.4453125	
483.5889892578125	1492.833374023438	538911.5625	341.6666564941406	3394.916748046875	27710.400390625	
484.8070068359375	2121.699951171875	532303.5625	200.	48523.51171875	29521.111328125	
486.0249938964844	2251.89990234375	539932.4375	166.6666717529297	3461.5	26898.599609375	
487.2430114746094	1831.400024414063	536184.	275.	4129.25	30078.111328125	
488.4609985351563	1609.416625976563	546776.875	281.8181762695313	2769.083251953125	30145.	
489.6789855957031	1440.900024414063	535617.3125	263.6363525390625	3678.916748046875	28331.599609375	
490.8970031738281	2902.666748046875	540117.3125	275.	4596.5	27309.400390625	
492.114990234375	1192.5	533407.5625	370.	2660.75	29955.666015625	
493.3340148925781	1531.199951171875	543596.875	236.3636322021484	2502.166748046875	28542.5	
494.552001953125	1018.727294921875	534663.125	275.	3270.	27038.69921875	
495.7699890136719	1170.800048828125	540250.25	125.	2018.25	27940.80078125	
496.9880065917969	1170.699951171875	547685.3125	345.4545593261719	1868.083374023438	28522.69921875	
498.2059936523438	1956.181762695313	549219.125	227.2727203369141	2143.5	29665.77734375	
499.4240112304688	725.0833129882813	542056.	183.3333282470703	2068.25	31259.	
500.6419982910156	1683.181762695313	547353.3125	283.3333435058594	1868.083374023438	30200.666015625	
501.8599853515625	1356.555541992188	551808.25	100.	1976.583374023438	27058.900390625	
503.0780029296875	870.2000122070313	558007.5625	290.9090881347656	1584.666625976563	27739.80078125	
504.2959899902344	1100.699951171875	544101.3125	108.3333358764648	1809.75	31326.22265625	
505.5150146484375	830.4000244140625	552876.	270.	1617.833374023438	27189.5	
506.7330017089844	740.5	556364.	218.1818237304688	2969.666748046875	27159.400390625	
507.9509887695313	730.2999877929688	550563.5625	258.3333435058594	1517.75	27510.19921875	
509.1690063476563	745.8181762695313	553448.875	300.	1693.	28492.19921875	
510.3869934082031	790.4000244140625	535695.5625	190.	2026.583374023438	30033.666015625	
511.6050109863281	583.5	522975.5625	200.	1559.5	26467.	
512.822998046875	550.2000122070313	537208.875	180.	2836.25	26818.30078125	
514.041015625	475.0833435058594	540765.3125	260.1000061035156	1851.416625976563	30211.5546875	
515.2589721679688	750.3333129882813	531114.6875	181.8181762695313	1634.583374023438	28352.099609375	
516.4769897460938	791.1818237304688	540348.	191.6666717529297	1567.75	26667.5	
517.6959838867188	1090.699951171875	536269.75	300.	1876.583374023438	30144.77734375	
518.9140014648438	650.2000122070313	536171.125	258.3333435058594	1526.083374023438	27098.400390625	
520.1320190429688	1190.699951171875	547352.4375	209.0909118652344	2226.916748046875	29810.77734375	
521.3499755859375	1045.	542948.4375	200.	1843.083374023438	29599.111328125	
522.5679931640625	700.0999755859375	543845.75	158.3333282470703	1492.75	27129.	
523.7860107421875	880.5	520988.4375	433.4166564941406	1601.083374023438	29721.77734375	
525.0040283203125	744.888916015625	531286.6875	272.7272644042969	1576.083374023438	27880.900390625	
526.2219848632813	650.2999877929688	537076.4375	245.4545440673828	1909.833374023438	26968.5	
527.4400024414063	978.2222290039063	545626.25	225.	2043.416625976563	27118.19921875	
528.6589965820313	800.4000244140625	556154.6875	300.	1851.416625976563	26306.80078125	
529.8770141601563	1371.	541401.75	236.3636322021484	3294.833251953125	27469.19921875	
531.094970703125	1284.166625976563	537999.5625	275.	2969.583251953125	28607.77734375	
532.31298828125	1809.666625976563	547626.25	310.	3303.25	27659.900390625	
533.531005859375	2147.363525390625	554320.	236.3636322021484	3253.25	26447.5	
534.7490234375	2224.111083984375	542204.4375	150.	3370.166748046875	27248.80078125	
535.9669799804688	2482.10009765625	546043.5625	309.0909118652344	3286.333251953125	28041.30078125	
537.1849975585938	3654.	551567.125	208.3333282470703	3011.166748046875	27810.400390625	
538.4030151367188	3127.916748046875	548463.5625	360.	3002.75	28632.5	
539.6209716796875	2301.916748046875	546750.	240.	3128.083251953125	27149.19921875	
540.8400268554688	2372.	548364.875	275.0833435058594	5097.0908203125	27861.	
542.0579833984375	2852.699951171875	559936.875	391.	2201.75	26266.599609375	
543.2760009765625	1831.5	541483.5625	363.7272644042969	3561.916748046875	27209.	
544.4940185546875	1831.5	547140.875	158.3333282470703	2510.666748046875	26216.099609375	
545.7119750976563	1092.25	546724.875	208.3333282470703	4068.727294921875	27439.30078125	
546.9299926757813	1621.300048828125	544220.4375	270.	2085.166748046875	27970.80078125	
548.1480102539063	475.1666564941406	533200.875	200.	2911.333251953125	26246.80078125	
549.3660278320313	1120.599975585938	541972.	236.3636322021484	1743.25	26497.	
550.583984375	1656.888916015625	544160.875	281.8181762695313	3637.166748046875	28161.69921875	
551.802001953125	754.9091186523438	547761.3125	533.75	6935.91650390625	26868.	
553.02099609375	1591.300048828125	537562.6875	100.	4129.5	26908.099609375	
554.239013671875	1150.800048828125	540277.75	454.7272644042969	2652.5	27699.69921875	
555.4569702148438	1122.888916015625	546104.875	241.6666717529297	2118.333251953125	30234.4453125	
556.6749877929688	1200.699951171875	550198.25	340.	2243.5	28432.30078125	
557.8930053710938	1190.800048828125	539316.875	370.1000061035156	2427.083251953125	27820.400390625	
559.1110229492188	720.4000244140625	537567.5625	308.3333435058594	2977.916748046875	28362.599609375	
560.3289794921875	754.8181762695313	537904.4375	327.2727355957031	3052.916748046875	27900.69921875	
561.5469970703125	641.9166870117188	545850.6875	225.	3696.166748046875	27018.30078125	
562.7650146484375	760.2999877929688	535245.3125	208.3333282470703	2360.25	28061.5	
563.9840087890625	600.25	533092.875	350.	5188.818359375	25986.30078125	
565.2020263671875	467.	535148.875	266.6666564941406	2135.166748046875	27970.599609375	
566.4199829101563	882.1818237304688	549439.5625	336.3636474609375	2910.916748046875	30568.4453125	
567.6380004882813	870.4000244140625	524611.125	233.4166717529297	2544.	27560.099609375	
568.8560180664063	854.9091186523438	537913.3125	300.	2418.75	27169.30078125	
570.073974609375	1209.818237304688	531099.5625	391.	3370.166748046875	30267.888671875	
571.2919921875	836.8181762695313	547189.3125	245.4545440673828	2560.583251953125	27419.5	
572.510009765625	866.9166870117188	551336.875	280.	3728.583251953125	28452.30078125	
573.72802734375	1421.099975585938	544580.	227.2727203369141	2568.916748046875	28908.666015625	
574.9459838867188	1134.	550444.875	340.	1868.25	27850.5	
576.1649780273438	1000.555541992188	547478.6875	300.	2844.25	27600.099609375	
577.3829956054688	566.8333129882813	548242.6875	263.6363525390625	1784.666625976563	26236.599609375	
578.6010131835938	1000.555541992188	533940.875	381.9090881347656	2502.083251953125	30368.5546875	
579.8189697265625	1122.888916015625	528015.125	327.2727355957031	2535.5	28593.30078125	
581.0369873046875	2712.25	524998.25	345.4545593261719	1918.25	28161.900390625	
582.2550048828125	740.2999877929688	537717.3125	480.2999877929688	1617.75	27660.30078125	
583.4730224609375	910.5999755859375	560402.6875	427.3636474609375	1692.916625976563	30211.666015625	
584.6909790039063	2042.	553409.3125	691.1818237304688	2018.5	26978.5	
585.9089965820313	840.2999877929688	536264.	336.3636474609375	3479.	26316.80078125	
587.1270141601563	967.2222290039063	550667.5625	266.6666564941406	2010.	28111.19921875	
588.3460083007813	1993.333374023438	551835.125	430.1000061035156	79257.2109375	30768.77734375	
589.5640258789063	2575.181884765625	547691.125	650.3333129882813	5448.25	27850.400390625	
590.781982421875	4183.4443359375	553286.25	463.8181762695313	9430.3330078125	27439.099609375	
592.	2001.45458984375	551902.	680.2999877929688	218675.3125	29073.80078125	
593.218017578125	6252.	569221.75	830.4000244140625	9607.6669921875	27770.400390625	
594.4359741210938	9228.5830078125	587878.6875	1255.363647460938	86505.2734375	28412.599609375	
595.6539916992188	125235.5546875	713793.625	1200.727294921875	168768.71875	30145.111328125	
596.8720092773438	189044.	712297.75	1874.272705078125	258405.5	28262.30078125	
598.0900268554688	188272.359375	995396.125	2511.363525390625	692366.1875	28853.400390625	
599.3090209960938	351505.28125	1141161.25	2565.9091796875	301373.65625	32061.888671875	
600.5269775390625	321181.9375	1264105.875	1892.45458984375	298472.5	40684.5546875	
601.7449951171875	301070.5	901372.5	2484.0908203125	369523.9375	27489.69921875	
602.9630126953125	362641.28125	873777.5	1693.	286928.90625	29966.5546875	
604.1810302734375	438485.8125	1122120.875	2247.45458984375	266987.90625	27620.	
605.3989868164063	225852.3125	977521.125	2191.800048828125	160568.921875	28141.69921875	
606.6170043945313	163082.265625	867634.25	1537.45458984375	153531.171875	28741.333984375	
607.8350219726563	162867.265625	713372.	1300.818237304688	125727.1640625	27981.	
609.052978515625	94001.2734375	680228.4375	942.1666870117188	98461.8359375	28532.69921875	
610.27099609375	140067.484375	667966.6875	967.25	153221.71875	29621.111328125	
611.489990234375	129628.4609375	638548.4375	1446.54541015625	95177.0078125	27178.900390625	
612.7080078125	72751.09375	1028676.4375	745.8181762695313	106213.1328125	27409.099609375	
613.926025390625	58160.5	618241.75	600.25	51216.58203125	30267.22265625	
615.1439819335938	48625.	739559.8125	867.1666870117188	68943.5859375	27580.	
616.3619995117188	44378.	577282.6875	516.8333129882813	58838.5	27630.	
617.5800170898438	30475.908203125	602851.875	500.1666564941406	62044.0859375	28131.69921875	
618.7979736328125	13393.81640625	574485.3125	581.9091186523438	35527.33203125	29677.	
620.0159912109375	88155.40625	607401.125	416.75	27995.416015625	27449.400390625	
621.2340087890625	27331.19921875	600472.	441.75	25534.5	26717.69921875	
622.4520263671875	59960.25	548151.125	580.0999755859375	22361.833984375	25705.	
623.6710205078125	54303.63671875	559407.5625	550.2999877929688	41393.83203125	26497.	
624.8889770507813	13829.	566372.4375	1601.75	25987.083984375	27519.599609375	
626.1069946289063	19412.4453125	566449.75	509.2727355957031	21597.455078125	28622.900390625	
627.3250122070313	14169.5458984375	564216.4375	500.1818237304688	11448.3330078125	27750.599609375	
628.5430297851563	19370.166015625	562418.25	250.	16749.916015625	27339.5	
629.760986328125	15362.8330078125	556418.25	350.	23858.583984375	29565.5546875	
630.97900390625	7408.7998046875	545988.4375	327.2727355957031	16616.833984375	29175.77734375	
632.197021484375	10726.7001953125	558779.5625	354.5454406738281	13135.9169921875	27900.900390625	
633.4149780273438	7252.5	554946.6875	270.	7433.83349609375	27600.19921875	
634.6339721679688	20006.2734375	552796.	370.	6473.91650390625	28311.80078125	
635.8519897460938	4179.66650390625	542080.	400.0833435058594	6766.33349609375	27680.19921875	
637.0700073242188	27194.19921875	543357.3125	336.3636474609375	15787.2724609375	30847.22265625	
638.2880249023438	4464.60009765625	548320.4375	420.2000122070313	12066.36328125	27629.900390625	
639.5059814453125	5774.33349609375	571183.5625	316.6666564941406	9484.75	27339.19921875	
640.7239990234375	4413.72705078125	558321.3125	208.3333282470703	48352.29296875	28161.19921875	
641.9420166015625	6371.75	552406.6875	290.9090881347656	6500.5	27770.69921875	
643.1599731445313	1584.75	550438.25	450.1000061035156	4287.75	27550.099609375	
644.3779907226563	2276.833251953125	529059.5625	241.6666717529297	6283.16650390625	27128.400390625	
645.5960083007813	2532.300048828125	556704.4375	390.1000061035156	3261.333251953125	27620.	
646.8150024414063	2848.0908203125	541129.75	400.	5381.16650390625	27179.	
648.0330200195313	491.8333435058594	553443.5625	218.1818237304688	2994.5	30066.888671875	
649.2509765625	31215.404296875	544306.25	300.0833435058594	2769.166748046875	27469.5	
650.468994140625	1273.636352539063	540401.75	441.8333435058594	2527.166748046875	27289.	
651.68701171875	1173.272705078125	546845.75	372.7272644042969	3419.916748046875	29103.80078125	
652.905029296875	1392.833374023438	556960.	290.9090881347656	60080.68359375	28741.333984375	
654.1229858398438	2012.888916015625	558022.25	333.3333435058594	6417.33349609375	27249.	
655.3410034179688	1000.545471191406	544398.25	390.9090881347656	5723.75	30034.111328125	
656.5590209960938	1451.099975585938	539126.6875	272.8181762695313	6849.60009765625	27068.80078125	
657.7769775390625	2602.89990234375	539819.125	290.9090881347656	13583.	29154.	
658.9959716796875	600.3333129882813	547779.5625	525.3333129882813	11814.9169921875	26275.181640625	
660.2139892578125	1923.888916015625	536049.75	358.4166564941406	5224.72705078125	27460.	
661.4320068359375	758.5833129882813	549749.3125	241.6666717529297	3353.666748046875	28111.599609375	
662.6500244140625	1267.555541992188	542563.5625	216.6666717529297	4856.08349609375	30590.666015625	
663.8679809570313	1956.45458984375	538969.3125	209.0909118652344	2160.166748046875	29220.333984375	
665.0859985351563	1290.900024414063	552765.75	158.3333282470703	2285.25	29331.888671875	
666.3040161132813	783.75	545008.875	466.8333435058594	4522.41650390625	27951.099609375	
667.52197265625	2112.	548900.875	183.3333282470703	6445.66650390625	27620.19921875	
668.739990234375	1030.599975585938	549147.5625	350.	2786.25	27770.099609375	
669.958984375	933.8333129882813	528676.875	177.7777709960938	3667.636474609375	27459.599609375	
671.177001953125	984.	542238.25	300.1000061035156	2852.583251953125	27269.099609375	
672.39501953125	1380.900024414063	540667.125	290.	2969.583251953125	28496.22265625	
673.6129760742188	1125.916625976563	545210.6875	320.	3436.75	27940.599609375	
674.8309936523438	491.75	543294.25	283.3333435058594	2452.166748046875	28572.69921875	
676.0490112304688	673.	557850.6875	218.1818237304688	10818.900390625	27079.	
677.2670288085938	990.5999755859375	562431.125	308.3333435058594	3136.416748046875	27149.	
678.4849853515625	1040.599975585938	543168.	240.	2460.666748046875	27529.30078125	
679.7030029296875	2090.5556640625	546449.75	133.3333282470703	2944.666748046875	27109.19921875	
680.9210205078125	775.25	557108.	325.	2193.5	28150.900390625	
682.1400146484375	1801.5	551217.75	290.9090881347656	4148.08349609375	28000.80078125	
683.3579711914063	1080.599975585938	560232.4375	272.7272644042969	2151.916748046875	27930.900390625	
684.5759887695313	1080.599975585938	551284.4375	409.1818237304688	2018.333374023438	30233.888671875	
685.7940063476563	2011.090942382813	554087.125	154.5454559326172	1809.583374023438	27289.69921875	
687.0120239257813	840.5	550267.5625	427.3636474609375	2185.166748046875	26637.80078125	
688.22998046875	1225.833374023438	554830.6875	236.3636322021484	1834.916625976563	27790.30078125	
689.447998046875	1213.5	556957.3125	300.	1350.75	26657.80078125	
690.666015625	722.5555419921875	556983.5625	327.2727355957031	3587.583251953125	28020.900390625	
691.8839721679688	1055.181762695313	550527.5625	350.	2176.75	27128.599609375	
693.1019897460938	1109.727294921875	550843.125	354.6363525390625	1768.	27008.400390625	
694.3209838867188	1801.5	562876.4375	236.3636322021484	1551.166625976563	28060.80078125	
695.5390014648438	1211.	564635.125	341.75	2902.833251953125	27509.599609375	
696.7570190429688	2127.416748046875	550784.4375	430.1000061035156	3604.416748046875	26577.5	
697.9749755859375	773.0908813476563	545816.	508.6666564941406	1259.166625976563	26778.19921875	
699.1929931640625	1234.416625976563	551937.3125	336.3636474609375	1701.083374023438	30055.888671875	
700.4110107421875	175.	556529.3125	170.	1984.833374023438	27078.900390625	
701.6290283203125	989.3333129882813	553636.	263.6363525390625	2393.666748046875	27239.19921875	
702.8469848632813	770.2999877929688	550772.25	300.	1776.416625976563	27861.	
704.0650024414063	1000.555541992188	539759.5625	320.	1509.416625976563	29688.111328125	
705.2830200195313	2720.583251953125	556329.3125	200.	2235.25	28521.599609375	
706.5020141601563	1011.777770996094	552836.6875	320.	2844.333251953125	27841.19921875	
707.719970703125	720.2999877929688	551292.875	163.6363677978516	1834.583374023438	27550.19921875	
708.93798828125	840.2999877929688	555327.5625	145.4545440673828	2093.25	29131.111328125	
710.156005859375	760.4000244140625	539115.5625	227.2727203369141	1993.166625976563	27178.599609375	
711.3740234375	1210.900024414063	550066.6875	291.6666564941406	1626.166625976563	28512.30078125	
712.5919799804688	733.6666870117188	564019.5625	350.0833435058594	1809.666625976563	27599.80078125	
713.8099975585938	600.	551220.4375	200.	1542.75	26858.	
715.0280151367188	810.2999877929688	546859.125	216.6666717529297	2627.75	28241.900390625	
716.2459716796875	836.8181762695313	554956.875	316.8333435058594	2156.45458984375	27800.	
717.4650268554688	758.8333129882813	558702.25	472.9090881347656	1934.916625976563	27088.900390625	
718.6829833984375	758.5833129882813	561617.3125	291.6666564941406	2110.083251953125	27429.599609375	
719.9010009765625	1022.666687011719	546885.75	283.3333435058594	1851.333374023438	26647.5	
721.1190185546875	1601.333374023438	551023.125	300.	2210.166748046875	27590.099609375	
722.3369750976563	760.2999877929688	562747.125	233.3333282470703	2101.916748046875	27670.30078125	
723.5549926757813	1230.800048828125	560752.875	363.6363525390625	2627.333251953125	27329.19921875	
724.7730102539063	1409.416625976563	547282.6875	450.2999877929688	4835.7001953125	27990.599609375	
725.9910278320313	1111.888916015625	544193.3125	327.3636474609375	2226.916748046875	27489.69921875	
727.208984375	1250.800048828125	541570.25	345.4545593261719	2360.416748046875	27730.	
728.427001953125	1009.	541388.	216.6666717529297	2569.083251953125	26928.	
729.64599609375	942.1666870117188	540165.75	354.6363525390625	2527.333251953125	28001.19921875	
730.864013671875	1020.599975585938	548749.3125	375.	2685.75	29320.888671875	
732.0819702148438	867.0833129882813	556105.3125	333.3333435058594	7364.2001953125	27158.400390625	
733.2999877929688	1260.800048828125	559820.4375	250.	2260.166748046875	27700.30078125	
734.5180053710938	1067.166625976563	549451.125	266.6666564941406	2427.083251953125	27690.19921875	
735.7360229492188	783.5833129882813	559608.875	381.9090881347656	2152.333251953125	30212.111328125	
736.9539794921875	1291.818237304688	557240.	310.	2235.166748046875	28011.	
738.1719970703125	1027.818237304688	548381.75	475.0833435058594	2635.666748046875	27138.80078125	
739.3900146484375	633.5	550785.75	266.6666564941406	3695.583251953125	28672.099609375	
740.6079711914063	2051.916748046875	563858.6875	233.3333282470703	3449.	28572.599609375	
741.8270263671875	955.	558063.5625	191.6666717529297	2110.083251953125	30791.111328125	
743.0449829101563	940.5999755859375	554332.	363.7272644042969	3596.	27549.80078125	
744.2630004882813	900.6363525390625	552378.25	275.	3261.5	27750.099609375	
745.4810180664063	1011.777770996094	561820.	390.	3253.166748046875	27238.599609375	
746.698974609375	1545.555541992188	563424.	445.6363525390625	2752.666748046875	30356.77734375	
747.9169921875	2114.25	561021.75	336.3636474609375	6626.66650390625	28923.900390625	
749.135009765625	920.5	559237.3125	263.6363525390625	2811.	27619.900390625	
750.35302734375	1191.636352539063	559827.125	290.9090881347656	4205.25	28572.099609375	
751.5709838867188	763.9091186523438	550712.4375	300.	2769.416748046875	28211.19921875	
752.7899780273438	900.4545288085938	551644.4375	250.	5700.83349609375	27780.19921875	
754.0079956054688	1000.5	551748.4375	372.7272644042969	3678.666748046875	29646.	
755.2260131835938	1067.444458007813	549908.875	363.6363525390625	7611.91650390625	26607.69921875	
756.4439697265625	850.4166870117188	562909.75	354.6363525390625	2927.833251953125	27800.400390625	
757.6619873046875	1924.111083984375	470056.53125	263.6363525390625	3003.083251953125	30223.	
758.8800048828125	1411.	555096.875	216.6666717529297	2810.75	28362.099609375	
760.0980224609375	1090.5	565696.4375	290.1000061035156	5298.41650390625	27399.19921875	
761.3159790039063	1046.181762695313	560081.75	275.	2185.166748046875	27840.19921875	
762.5339965820313	1651.416625976563	560339.125	481.9090881347656	2710.833251953125	28462.30078125	
763.7520141601563	1142.5	555024.4375	211.1111145019531	3044.583251953125	28331.80078125	
764.9710083007813	1828.727294921875	562111.125	275.	35197.48046875	27911.30078125	
766.1890258789063	875.4166870117188	560908.4375	216.6666717529297	2594.083251953125	27529.599609375	
767.406982421875	1376.	546241.75	333.4166564941406	3420.083251953125	28741.666015625	
768.625	1190.800048828125	559661.3125	291.	3745.5	26146.19921875	
769.843017578125	1801.583374023438	556866.6875	860.7000122070313	20246.689453125	28712.900390625	
771.0609741210938	725.3333129882813	548725.3125	281.8181762695313	4964.16650390625	30145.22265625	
772.2789916992188	1384.333374023438	560241.75	283.3333435058594	9451.1669921875	29108.888671875	
773.4970092773438	1441.	560016.	300.0833435058594	3027.916748046875	27549.19921875	
774.7150268554688	1080.599975585938	568145.75	375.	3612.818115234375	27780.599609375	
775.9329833984375	1150.916625976563	557242.25	550.0999755859375	3219.833251953125	27580.099609375	
777.1519775390625	708.6666870117188	560441.75	550.0999755859375	3361.583251953125	29810.77734375	
778.3699951171875	2041.699951171875	565478.25	409.0909118652344	3486.916748046875	29866.4453125	
779.5880126953125	1857.111083984375	558299.125	333.3333435058594	3436.583251953125	28080.80078125	
780.8060302734375	1317.5	572235.125	1110.800048828125	13448.6669921875	28101.30078125	
782.0239868164063	1217.333374023438	579426.25	427.3636474609375	6444.27294921875	27901.	
783.2420043945313	2502.25	569018.6875	309.0909118652344	5414.16650390625	27991.	
784.4600219726563	1567.833374023438	559994.25	375.0833435058594	4971.91650390625	28161.599609375	
785.677978515625	1250.75	558103.5625	450.1000061035156	18010.166015625	30669.5	
786.89599609375	32542.693359375	586185.3125	300.	9248.818359375	27369.69921875	
788.114990234375	11563.3330078125	566043.5625	308.3333435058594	8119.33349609375	27930.900390625	
789.3330078125	8369.22265625	554711.5625	400.1000061035156	11654.5830078125	26918.	
790.551025390625	3921.25	565950.25	409.0909118652344	8620.5830078125	26627.19921875	
791.7689819335938	3520.833251953125	598442.	589.111083984375	26211.091796875	28692.599609375	
792.9869995117188	9047.77734375	565108.4375	740.5	6057.83349609375	27178.80078125	
794.2050170898438	3133.	556356.	381.8181762695313	6007.25	29064.4453125	
795.4229736328125	2891.666748046875	560389.3125	440.	4454.66650390625	27259.	
796.6409912109375	1710.45458984375	553466.25	491.9166564941406	6335.36376953125	26908.30078125	
797.8590087890625	2093.583251953125	556286.6875	220.	4654.91650390625	27539.900390625	
799.0770263671875	1601.090942382813	557881.3125	250.1666717529297	5173.33349609375	27238.80078125	
800.2960205078125	1167.416625976563	551738.6875	433.4166564941406	20312.5	27690.	
801.5139770507813	1442.833374023438	558084.875	655.	5966.33349609375	27108.599609375	
802.7319946289063	1142.416625976563	577666.6875	327.3636474609375	6709.66650390625	26607.400390625	
803.9500122070313	666.8333129882813	546118.6875	316.75	14034.75	28442.30078125	
805.1680297851563	8151.	558517.3125	450.1000061035156	8697.	26757.5	
806.385986328125	2418.666748046875	565592.875	308.3333435058594	13922.4169921875	30100.333984375	
807.60400390625	1275.916625976563	558507.125	520.2000122070313	23091.833984375	26627.69921875	
808.822021484375	4404.888671875	555448.4375	400.0909118652344	21000.	27259.099609375	
810.0399780273438	1426.083374023438	566754.25	820.4000244140625	29519.822265625	30490.333984375	
811.2579956054688	2585.75	553575.125	400.2000122070313	11429.	27338.900390625	
812.4769897460938	5996.111328125	558833.3125	275.	8069.25	26988.30078125	
813.6950073242188	4288.33349609375	549404.	290.9090881347656	10033.9169921875	26426.80078125	
814.9130249023438	5197.83349609375	552545.75	275.	11595.75	29955.888671875	
816.1309814453125	2068.5	554534.25	350.1000061035156	7816.08349609375	26898.099609375	
817.3489990234375	2252.083251953125	551899.125	190.	3553.666748046875	26848.400390625	
818.5670166015625	2422.199951171875	575814.6875	183.3333282470703	3478.5	25384.400390625	
819.7849731445313	683.6666870117188	550138.6875	245.4545440673828	116268.5234375	29900.22265625	
821.0029907226563	1361.	546496.	6124.63623046875	12235.4169921875	29376.4453125	
822.2210083007813	1531.099975585938	538229.75	308.3333435058594	2460.583251953125	27289.099609375	
823.4400024414063	900.4166870117188	543838.25	320.1000061035156	4012.5	26617.19921875	
824.6580200195313	1665.090942382813	535184.	150.	4989.91650390625	25786.19921875	
825.8759765625	1260.900024414063	545768.	463.7272644042969	6250.25	27916.77734375	
827.093994140625	5469.10009765625	533569.75	300.0909118652344	3211.333251953125	27530.30078125	
828.31201171875	700.3333129882813	554871.5625	172.7272796630859	3157.818115234375	26397.5	
829.530029296875	842.1666870117188	538340.4375	300.	4947.41650390625	27389.30078125	
830.7479858398438	1592.090942382813	537415.125	730.5	2877.583251953125	27399.599609375	
831.9660034179688	2138.272705078125	545428.	336.4545593261719	2668.916748046875	29465.666015625	
833.1840209960938	1467.75	539924.4375	380.	2452.083251953125	25975.69921875	
834.4019775390625	2412.300048828125	543516.4375	291.	8211.0830078125	27780.400390625	
835.6209716796875	1155.272705078125	547552.875	440.1000061035156	2719.	30034.	
836.8389892578125	1751.199951171875	557297.75	281.8181762695313	3762.083251953125	30368.111328125	
838.0570068359375	1392.666625976563	551941.3125	270.	2852.416748046875	26958.5	
839.2750244140625	1671.199951171875	547564.4375	208.3333282470703	2769.166748046875	27299.099609375	
840.4929809570313	2629.818115234375	550715.125	325.	3303.25	26918.30078125	
841.7109985351563	1610.272705078125	546283.5625	350.	5089.58349609375	27259.599609375	
842.9290161132813	1759.833374023438	563465.3125	320.	5857.91650390625	27218.900390625	
844.14697265625	13873.1669921875	556076.875	320.	14896.3330078125	26948.099609375	
845.364990234375	4080.75	545215.125	330.	16775.5	26958.599609375	
846.5830078125	2210.25	551538.25	290.9090881347656	5180.66650390625	27419.19921875	
847.802001953125	22221.25	555432.	400.0833435058594	3612.	26698.	
849.02001953125	2603.083251953125	550502.6875	316.75	71467.625	27349.80078125	
850.2379760742188	4296.9091796875	563081.75	258.3333435058594	6390.83349609375	28401.69921875	
851.4559936523438	10411.5458984375	555373.3125	400.1000061035156	4279.25	28292.19921875	
852.6740112304688	1685.	556012.875	300.	7979.66650390625	29064.5546875	
853.8920288085938	1801.363647460938	550300.	325.0833435058594	9973.099609375	27961.099609375	
855.1099853515625	4638.77783203125	544304.4375	320.1000061035156	7145.63623046875	28696.666015625	
856.3280029296875	3295.166748046875	607200.6875	400.0909118652344	8880.75	27158.5	
857.5460205078125	13020.	556612.875	300.	19810.	27680.19921875	
858.7650146484375	3323.800048828125	552940.875	316.6666564941406	2911.	27990.80078125	
859.9829711914063	3993.77783203125	533458.6875	272.7272644042969	5990.91650390625	29554.5546875	
861.2009887695313	7955.08349609375	540040.4375	358.3333435058594	2875.363525390625	27550.	
862.4190063476563	1467.833374023438	554604.4375	158.3333282470703	2418.666748046875	28121.400390625	
863.6370239257813	2869.916748046875	542611.125	200.	3119.583251953125	27028.400390625	
864.85498046875	2512.39990234375	555772.4375	281.8181762695313	4288.	26567.400390625	
866.072998046875	1412.333374023438	544122.25	309.1818237304688	4321.66650390625	26366.599609375	
867.291015625	925.5	547881.3125	175.	5189.83349609375	28131.599609375	
868.5089721679688	2502.800048828125	539444.	400.1818237304688	4505.25	28371.599609375	
869.7269897460938	1209.083374023438	542776.	911.7777709960938	4680.08349609375	26095.599609375	
870.9459838867188	5058.41650390625	555516.4375	360.	17285.111328125	26566.900390625	
872.1640014648438	2061.699951171875	578698.4375	409.1818237304688	4304.25	27840.69921875	
873.3820190429688	2092.54541015625	534123.5625	258.3333435058594	7192.08349609375	29711.	
874.5999755859375	2982.800048828125	540794.6875	480.2000122070313	7509.	25985.80078125	
875.8179931640625	2347.54541015625	547761.75	309.1818237304688	9621.25	26407.19921875	
877.0360107421875	8511.900390625	545778.6875	500.2222290039063	12234.5830078125	28997.5546875	
878.2540283203125	3513.300048828125	542908.875	354.5454406738281	9253.0830078125	30479.333984375	
879.4719848632813	3261.416748046875	544263.5625	509.3636474609375	7984.33349609375	28763.4453125	
880.6900024414063	6007.818359375	556111.5625	354.5454406738281	11497.4169921875	27950.30078125	
881.9080200195313	2293.5	551926.4375	245.4545440673828	10480.4169921875	28051.5	
883.1270141601563	4471.33349609375	567717.3125	233.3333282470703	6991.33349609375	26827.80078125	
884.344970703125	3353.25	538308.875	550.0999755859375	10600.0830078125	27539.19921875	
885.56298828125	2912.800048828125	550220.875	350.	6507.58349609375	27649.69921875	
886.781005859375	3384.9091796875	555262.6875	258.4166564941406	13385.1669921875	27590.19921875	
887.9990234375	3459.	558172.875	420.	10232.9169921875	27098.69921875	
889.2169799804688	4004.181884765625	542320.4375	258.3333435058594	7108.75	27108.900390625	
890.4349975585938	2560.583251953125	542470.25	372.7272644042969	10232.75	26487.599609375	
891.6530151367188	4515.77783203125	533205.3125	300.	7959.41650390625	27439.900390625	
892.8709716796875	8677.	543764.875	290.9090881347656	12545.4169921875	26306.900390625	
894.0889892578125	4896.27294921875	546796.4375	316.6666564941406	9487.25	27209.099609375	
895.3079833984375	4086.	542099.125	383.3333435058594	11223.6669921875	29209.111328125	
896.5260009765625	3954.	549325.3125	575.1666870117188	13328.75	29576.888671875	
897.7440185546875	1834.75	553289.3125	463.7272644042969	9454.	27128.69921875	
898.9619750976563	5886.7001953125	554081.75	108.3333358764648	8376.6669921875	26568.099609375	
900.1799926757813	3545.25	537773.3125	425.0833435058594	6582.83349609375	28191.5	
901.3980102539063	4927.5556640625	542738.25	325.	8369.3330078125	29966.5546875	
902.6160278320313	3776.54541015625	540872.4375	300.	11643.5830078125	28484.666015625	
903.833984375	6663.22216796875	536773.3125	409.0909118652344	13185.1669921875	27569.900390625	
905.052001953125	2735.833251953125	541030.25	500.2000122070313	9670.3330078125	27399.5	
906.27099609375	2669.083251953125	542855.125	409.1818237304688	16874.416015625	27549.69921875	
907.489013671875	2748.	540277.75	363.6363525390625	23761.25	31125.77734375	
908.7069702148438	2692.60009765625	547478.25	911.6666870117188	21530.	26547.19921875	
909.9249877929688	3443.39990234375	556823.5625	358.3333435058594	41807.41796875	27108.69921875	
911.1430053710938	12420.25	553943.125	460.2000122070313	34134.75	28221.80078125	
912.3610229492188	3853.916748046875	574092.4375	375.0833435058594	37843.58203125	29977.77734375	
913.5789794921875	4371.25	548209.75	1209.416625976563	38819.	27560.	
914.7969970703125	3587.	547600.875	390.	37973.75	28372.	
916.0150146484375	6007.10009765625	551161.3125	409.0909118652344	61330.11328125	28663.	
917.2329711914063	5160.	552602.25	472.7272644042969	58353.04296875	27279.5	
918.4520263671875	3862.333251953125	555924.4375	620.2999877929688	47727.16796875	27950.5	
919.6699829101563	5816.5	553052.	460.1000061035156	44083.91796875	28873.19921875	
920.8880004882813	4329.41650390625	550424.875	6668.08349609375	26683.25	27238.5	
922.1060180664063	4723.27294921875	563755.125	275.	58549.	27038.30078125	
923.323974609375	3027.833251953125	555033.3125	436.3636474609375	36005.33203125	26948.400390625	
924.5419921875	5351.45458984375	558317.3125	622.4444580078125	21478.166015625	26647.599609375	
925.760009765625	4431.9091796875	553233.75	477.8888854980469	28106.	28010.900390625	
926.97802734375	4534.60009765625	553857.75	820.4000244140625	19089.666015625	29231.4453125	
928.1959838867188	5927.	553601.3125	827.727294921875	21180.083984375	27599.900390625	
929.4140014648438	4579.75	553884.4375	991.6363525390625	25778.5	26998.400390625	
930.6329956054688	7639.	554016.4375	2482.39990234375	22532.583984375	28271.69921875	
931.8510131835938	7628.0908203125	561280.	1033.833374023438	21754.583984375	28221.400390625	
933.0689697265625	3937.25	568136.	108540.640625	29412.181640625	28602.80078125	
934.2869873046875	6941.66650390625	562597.75	1240.699951171875	26148.75	29209.4453125	
935.5050048828125	5342.	554548.875	2912.60009765625	37270.91796875	27249.400390625	
936.7230224609375	7590.63623046875	558432.4375	1592.	37709.81640625	30337.	
937.9409790039063	6306.89990234375	556408.875	3347.888916015625	27655.833984375	26466.900390625	
939.1589965820313	6379.9091796875	545860.	2294.	23637.166015625	30490.333984375	
940.3770141601563	6767.89990234375	539853.75	1559.333374023438	24109.5	28618.5546875	
941.5960083007813	5147.25	563187.5625	1601.181762695313	21545.	26978.5	
942.8140258789063	7117.36376953125	552866.6875	1300.818237304688	24613.25	27249.099609375	
944.031982421875	4768.54541015625	535996.4375	1481.099975585938	18580.083984375	26366.400390625	
945.25	4438.16650390625	544949.3125	1009.	17246.818359375	28241.900390625	
946.468017578125	11378.3330078125	561983.5625	1050.699951171875	13569.4169921875	27108.69921875	
947.6859741210938	3444.833251953125	562471.125	1481.	12926.5830078125	26978.599609375	
948.9039916992188	5826.60009765625	547700.4375	1075.583374023438	16102.0830078125	26236.80078125	
950.1220092773438	3153.083251953125	537352.4375	850.25	11840.9169921875	27098.80078125	
951.3400268554688	4096.08349609375	558376.	1040.5	17579.833984375	27640.19921875	
952.5579833984375	4213.27294921875	553283.125	950.5999755859375	29928.75	27018.30078125	
953.7769775390625	3828.75	553076.	636.6363525390625	11047.5	29710.333984375	
954.9949951171875	6948.5	541252.4375	590.2000122070313	10572.	28231.80078125	
956.2130126953125	6096.22216796875	549118.6875	809.5454711914063	10781.	28402.599609375	
957.4310302734375	5383.66650390625	547579.125	500.1666564941406	9328.0830078125	28619.	
958.6489868164063	4170.83349609375	541414.6875	782.1818237304688	10130.1669921875	27159.19921875	
959.8670043945313	5906.60009765625	530415.5625	536.5454711914063	11540.75	28396.	
961.0850219726563	3704.166748046875	547692.	520.2000122070313	9119.75	30033.5546875	
962.302978515625	3386.75	547281.3125	691.8333129882813	9211.9169921875	27980.400390625	
963.52099609375	3712.818115234375	545992.875	518.272705078125	6449.16650390625	28496.111328125	
964.739013671875	3161.166748046875	552507.125	518.3636474609375	35189.30859375	27169.19921875	
965.9580078125	2777.416748046875	548755.5625	372.8181762695313	7250.16650390625	27128.80078125	
967.176025390625	5606.77783203125	556353.3125	463.7272644042969	6106.66650390625	29309.111328125	
968.3939819335938	2356.54541015625	556635.125	418.2727355957031	4738.25	26898.30078125	
969.6119995117188	2382.10009765625	537741.75	372.7272644042969	5806.66650390625	26527.400390625	
970.8300170898438	2402.181884765625	546216.875	225.	36269.05078125	26778.	
972.0479736328125	3815.4443359375	543515.5625	400.0909118652344	7957.	29532.4453125	
973.2659912109375	1517.75	545246.25	350.	6808.58349609375	26326.5	
974.4840087890625	1461.099975585938	530103.125	266.6666564941406	3520.083251953125	26407.30078125	
