Trace for Mass:	Na23(LR)	Mg25(LR)	Cu63(LR)	Pb208(LR)	Sn118(LR)
Resolution:	Low	Low	Low	Low	Low
					
Time	Intensity	Intensity	Intensity	Intensity	Intensity
[sec]	[cps]	[cps]	[cps]	[cps]	[cps]

1.25	841040.	2452.	12708.0830078125	1200.833374023438	466.75	
2.497999906539917	791156.	1476.	12992.	1259.	466.75	
3.746000051498413	786944.	1626.	12574.5	1242.5	533.4166870117188	
4.99399995803833	786688.	2151.5	12916.6669921875	1292.416625976563	491.75	
6.242000102996826	804296.	1576.	13743.1669921875	1509.333374023438	541.75	
7.489999771118164	798600.	2026.5	12908.4169921875	1350.916625976563	658.5	
8.73799991607666	823084.	2902.5	13359.3330078125	1426.	491.6666564941406	
9.986000061035156	794608.	2301.75	13567.8330078125	1459.25	583.5	
11.23499965667725	806708.	2176.75	14828.6669921875	1342.583374023438	441.6666564941406	
12.48299980163574	809664.	2251.75	13701.3330078125	1242.5	616.6666870117188	
13.73099994659424	816288.	3478.	13475.9169921875	1350.75	7907.41650390625	
14.97900009155273	824596.	1976.25	13668.0830078125	1793.083374023438	566.6666870117188	
16.22699928283691	822912.	2126.75	14010.3330078125	1484.583374023438	650.0833129882813	
17.47500038146973	816516.	2452.	13618.0830078125	1601.166625976563	616.8333129882813	
18.72299957275391	843656.	1601.	17161.833984375	1350.75	441.6666564941406	
19.97100067138672	892264.25	4229.5	78703.375	3178.333251953125	9373.25	
21.2189998626709	815332.	1451.	14436.	1509.333374023438	2486.5	
22.46699905395508	807116.	2202.	14394.1669921875	1359.333374023438	1292.583374023438	
23.71500015258789	828424.	3753.75	15563.25	1334.166625976563	1835.166625976563	
24.9640007019043	807636.	2151.75	13801.6669921875	1325.916625976563	466.6666564941406	
26.21199989318848	814644.	3102.5	14102.0830078125	1225.833374023438	500.0833435058594	
27.45999908447266	818688.	2251.75	15170.5	1484.25	666.9166870117188	
28.70800018310547	872440.	2076.5	13968.5	1467.75	575.0833129882813	
29.95599937438965	983140.875	2327.	13025.1669921875	1350.916625976563	475.0833435058594	
31.20400047302246	880904.	1901.25	14978.6669921875	1392.583374023438	616.9166870117188	
32.45199966430664	835136.	2552.	13626.1669921875	1350.666625976563	583.5833129882813	
33.70000076293945	829632.	3303.25	14469.4169921875	1159.	541.75	
34.94800186157227	860180.	2026.75	14920.3330078125	1175.666625976563	466.6666564941406	
36.19599914550781	827020.	2201.75	14160.6669921875	1584.416625976563	516.75	
37.44400024414063	831456.	2402.	15212.5830078125	1392.666625976563	500.1666564941406	
38.69300079345703	852636.	2251.75	15630.0830078125	1342.666625976563	541.8333129882813	
39.94100189208984	855304.	2251.75	13960.0830078125	1217.5	566.75	
41.18899917602539	851400.	2176.5	14444.1669921875	1384.083374023438	583.5	
42.4370002746582	818044.	2026.5	14360.9169921875	1242.5	683.5	
43.68500137329102	905172.0625	2176.75	13960.25	1225.75	675.3333129882813	
44.93299865722656	920136.375	2251.5	15462.9169921875	1242.583374023438	450.0833435058594	
46.18099975585938	869484.	5030.5	14928.5	1442.666625976563	658.5	
47.42900085449219	956899.75	4354.75	13860.0830078125	1517.75	525.	
48.67699813842773	828344.	2051.5	14310.6669921875	1400.916625976563	650.0833129882813	
49.92499923706055	797696.	2327.	14335.9169921875	1300.833374023438	525.1666870117188	
51.17300033569336	843936.	6258.5	14085.5830078125	1501.166625976563	550.0833129882813	
52.42200088500977	835340.	7258.75	14995.4169921875	1267.75	516.8333129882813	
53.66999816894531	814380.	2552.25	14811.6669921875	1609.583374023438	658.5833129882813	
54.91799926757813	803136.	2927.75	16941.166015625	1501.	625.1666870117188	
56.16600036621094	887908.0625	1751.25	15254.5830078125	1501.166625976563	600.1666870117188	
57.41400146484375	799408.	2051.75	18435.583984375	1484.333374023438	416.6666564941406	
58.6619987487793	1027198.625	3553.5	19039.	1601.083374023438	708.5833129882813	
59.90999984741211	912236.	4204.	16531.916015625	1259.	458.3333435058594	
61.15800094604492	1068160.125	2777.5	15621.5830078125	1384.333374023438	441.6666564941406	
62.40599822998047	934864.5	10088.25	24152.166015625	1359.166625976563	600.1666870117188	
63.65399932861328	962490.8125	4329.5	28277.916015625	1584.583374023438	658.5833129882813	
64.90200042724609	924439.8125	3203.	16915.5	1392.583374023438	516.75	
66.1510009765625	909707.1875	3153.	22223.916015625	1375.916625976563	675.25	
67.39900207519531	1123931.25	3828.75	21269.75	1601.166625976563	591.6666870117188	
68.64700317382813	865320.	10541.5	21310.833984375	1701.083374023438	500.0833435058594	
69.89499664306641	957240.5	6131.5	22706.75	1467.583374023438	558.5833129882813	
71.14299774169922	863644.	9915.25	17541.916015625	1576.083374023438	12294.0830078125	
72.39099884033203	970463.3125	4880.	21366.583984375	2268.583251953125	466.6666564941406	
73.63899993896484	1070606.75	3879.	18034.583984375	1659.416625976563	308.3333435058594	
74.88700103759766	910996.	2977.5	23750.333984375	1659.583374023438	483.4166564941406	
76.13500213623047	1058736.	3428.	20984.666015625	1292.583374023438	500.	
77.38300323486328	942166.625	4604.75	20322.5	2068.333251953125	516.75	
78.63099670410156	1213417.75	6332.	22607.	1476.	516.75	
79.87999725341797	1000578.9375	3853.75	20297.166015625	1809.75	625.0833129882813	
81.12799835205078	1372098.75	4504.5	24668.166015625	1692.833374023438	541.75	
82.37599945068359	893668.	6232.25	22544.25	1467.75	641.75	
83.62400054931641	1021099.0625	2476.75	27029.75	1359.166625976563	558.4166870117188	
84.87200164794922	904393.625	3953.75	19671.25	1709.666625976563	416.6666564941406	
86.12000274658203	998780.4375	4004.25	19136.75	1392.75	566.75	
87.36799621582031	893688.	3628.5	20305.916015625	1634.583374023438	40270.52734375	
88.61599731445313	977507.5625	5430.5	17934.083984375	1442.666625976563	525.	
89.86399841308594	984220.625	4204.25	19061.916015625	1109.166625976563	525.	
91.11199951171875	1110760.5	5030.5	19287.833984375	1601.166625976563	441.6666564941406	
92.36000061035156	1041676.	6908.5	33551.16796875	1451.083374023438	566.6666870117188	
93.60900115966797	894764.	3002.75	19370.666015625	1609.5	658.5	
94.85700225830078	1337890.	9939.75	15788.4169921875	1993.25	625.25	
96.10500335693359	1052271.	3352.75	39151.30859375	1501.	541.8333129882813	
97.35299682617188	916296.	6858.75	15128.9169921875	1634.333374023438	566.75	
98.60099792480469	894784.	2927.5	18747.25	1659.5	616.75	
99.8489990234375	884988.	4129.25	15036.9169921875	1593.	566.75	
101.0970001220703	1383748.875	2226.75	13651.4169921875	1542.75	508.3333435058594	
102.3450012207031	896904.	3153.	14686.5	1576.083374023438	666.8333129882813	
103.5930023193359	915232.	2852.75	17032.583984375	1350.916625976563	541.6666870117188	
104.8410034179688	870812.	2427.	14310.9169921875	1651.083374023438	541.6666870117188	
106.088996887207	938998.875	3353.25	15704.9169921875	1342.583374023438	425.	
107.3379974365234	1092051.625	3128.	15621.4169921875	1309.333374023438	525.0833129882813	
108.5859985351563	871660.	2952.5	15696.75	1401.	441.6666564941406	
109.8339996337891	906424.	4054.	14719.8330078125	1692.916625976563	483.3333435058594	
111.0820007324219	884720.	2352.	14920.4169921875	1150.75	541.75	
112.3300018310547	939580.	2627.25	14820.0830078125	1426.	566.8333129882813	
113.5780029296875	930164.	2752.5	14937.25	1459.416625976563	475.0833435058594	
114.8259963989258	1026428.25	2076.5	15312.5830078125	1417.583374023438	583.5833129882813	
116.0739974975586	861036.	2552.	14828.5830078125	1167.333374023438	625.0833129882813	
117.3219985961914	850264.	3178.	14093.6669921875	1292.5	508.5	
118.5699996948242	824640.	2727.25	13359.1669921875	1359.333374023438	625.0833129882813	
119.818000793457	879299.75	2101.75	14536.0830078125	1351.	483.3333435058594	
121.0670013427734	836044.	3002.75	14052.1669921875	1492.583374023438	566.8333129882813	
122.3150024414063	841292.	2126.5	15070.8330078125	1075.583374023438	600.1666870117188	
123.5630035400391	877736.	2326.75	15229.3330078125	1526.333374023438	616.8333129882813	
124.8109970092773	898796.	2827.5	15713.5	1334.166625976563	425.	
126.0589981079102	936332.	2752.5	14953.6669921875	1409.166625976563	491.6666564941406	
127.306999206543	1023456.875	2927.75	16356.0830078125	1526.	550.0833129882813	
128.5549926757813	887788.	2752.5	14828.25	1142.333374023438	525.	
129.8029937744141	865846.4375	2552.5	15771.75	1425.916625976563	558.5	
131.0509948730469	923363.6875	2627.	16373.1669921875	1751.333374023438	541.6666870117188	
132.2989959716797	1051054.5	3453.25	16673.666015625	1375.833374023438	541.8333129882813	
133.5480041503906	966857.625	7835.	15813.4169921875	1692.833374023438	533.4166870117188	
134.7960052490234	879880.	2477.	37379.58203125	1484.333374023438	325.	
136.0440063476563	879869.	4905.	18965.75	1592.75	425.0833435058594	
137.2920074462891	955439.	4855.	16155.75	2427.333251953125	616.75	
138.5399932861328	835902.25	5180.25	18929.75	1551.166625976563	475.0833435058594	
139.7879943847656	914988.3125	4529.5	15613.3330078125	1367.416625976563	700.1666870117188	
141.0359954833984	911648.	3753.5	15813.3330078125	1292.5	525.0833129882813	
142.2839965820313	895352.	3578.5	18134.583984375	1250.75	566.75	
143.5319976806641	1006004.375	3879.	15404.4169921875	1759.583374023438	483.3333435058594	
144.7799987792969	922315.4375	1976.5	16223.	1534.416625976563	675.25	
146.0279998779297	900158.4375	3127.75	16272.9169921875	1292.583374023438	608.5	
147.2760009765625	847996.	3102.75	15379.3330078125	1467.75	500.1666564941406	
148.5249938964844	918172.125	4154.25	16148.	1475.916625976563	658.5	
149.7729949951172	871784.	2302.	14477.5830078125	1484.5	558.4166870117188	
151.02099609375	823092.	2652.25	14795.0830078125	1384.5	458.3333435058594	
152.2689971923828	896946.875	3528.25	14686.5	1200.75	491.6666564941406	
153.5169982910156	798944.	2477.	14811.75	1459.25	450.0833435058594	
154.7649993896484	856744.	2852.5	15162.5830078125	1501.166625976563	483.3333435058594	
156.0130004882813	898616.	3854.	15028.6669921875	1092.416625976563	433.4166564941406	
157.2610015869141	1004192.5	3002.75	15963.6669921875	1718.	441.6666564941406	
158.5090026855469	905988.	3603.5	15588.1669921875	1534.333374023438	500.	
159.7570037841797	852372.	2577.	18577.916015625	1309.166625976563	475.0833435058594	
161.0059967041016	856028.	3503.5	15178.9169921875	1292.5	483.3333435058594	
162.2539978027344	882568.	3453.25	16222.5830078125	1501.083374023438	633.5833129882813	
163.5019989013672	830172.	3052.75	15412.75	1084.083374023438	591.8333129882813	
164.75	986218.	3052.75	16331.3330078125	1417.666625976563	550.1666870117188	
165.9980010986328	924000.3125	2677.25	21245.75	2293.666748046875	533.4166870117188	
167.2460021972656	867152.	2702.25	16915.833984375	1150.5	625.0833129882813	
168.4940032958984	862768.	3678.5	15771.5830078125	1751.25	500.0833435058594	
169.7420043945313	862508.	3128.	16323.1669921875	1359.25	566.9166870117188	
170.9900054931641	890580.	15503.75	21291.166015625	1359.333374023438	650.1666870117188	
172.2380065917969	911764.	7984.75	21324.833984375	1459.333374023438	558.5	
173.4859924316406	1038790.125	6306.75	24066.75	1626.25	516.75	
174.7350006103516	986718.875	6982.75	22452.5	1759.666625976563	591.8333129882813	
175.9830017089844	947980.	6106.5	20039.	1526.083374023438	491.8333435058594	
177.2310028076172	921436.	3953.75	18510.5	1734.666625976563	458.4166564941406	
178.47900390625	1452737.75	3378.25	22853.5	1350.916625976563	550.0833129882813	
179.7270050048828	927144.	7834.75	17074.333984375	3061.583251953125	575.0833129882813	
180.9750061035156	957364.	7509.25	16965.75	1592.833374023438	533.4166870117188	
182.2230072021484	874112.	7459.	20125.166015625	1692.916625976563	583.4166870117188	
183.4709930419922	890582.6875	5380.75	20838.916015625	1150.75	483.3333435058594	
184.718994140625	974184.1875	3503.25	18460.583984375	1426.	658.6666870117188	
185.9669952392578	932872.	2927.5	16105.9169921875	1334.333374023438	450.	
187.2149963378906	893452.	3378.25	22087.666015625	1592.833374023438	525.0833129882813	
188.4640045166016	988166.125	3653.5	20280.666015625	1350.916625976563	608.5	
189.7120056152344	988664.	7484.	17792.583984375	1592.916625976563	625.0833129882813	
190.9600067138672	913372.	4304.	20340.083984375	1509.5	491.6666564941406	
192.2079925537109	884300.	6006.5	18485.583984375	1409.25	650.1666870117188	
193.4559936523438	951912.	4004.	23967.75	1943.333374023438	483.4166564941406	
194.7039947509766	885528.	4028.75	18862.916015625	1776.166625976563	608.4166870117188	
195.9519958496094	1056273.25	3453.25	19655.666015625	1684.666625976563	692.	
197.1999969482422	864436.	6507.	18427.083984375	1676.083374023438	508.4166564941406	
198.447998046875	923152.	7308.25	26130.833984375	1868.166625976563	533.3333129882813	
199.6959991455078	921948.	6782.5	21417.333984375	2168.416748046875	691.8333129882813	
200.9440002441406	985723.5	6031.75	28371.666015625	1951.5	541.75	
202.1929931640625	1364418.	6958.	22929.583984375	1617.75	500.	
203.4409942626953	928916.	3328.	38325.58203125	1843.166625976563	608.4166870117188	
204.6889953613281	878220.	6332.75	27794.416015625	2318.583251953125	633.5	
205.9369964599609	856180.	4730.	26347.166015625	1843.083374023438	550.	
207.1849975585938	982168.	4579.75	21375.916015625	1901.416625976563	708.5833129882813	
208.4329986572266	874536.	12068.5	20339.75	1801.416625976563	641.8333129882813	
209.6809997558594	916152.	3203.	20455.666015625	2126.75	591.8333129882813	
210.9290008544922	1002475.4375	5080.25	22168.583984375	2026.75	575.25	
212.177001953125	894353.9375	8009.5	29074.75	1843.	575.0833129882813	
213.4250030517578	903920.	4755.	21174.	1943.083374023438	666.8333129882813	
214.6730041503906	1098899.375	5455.75	22582.083984375	1801.166625976563	541.6666870117188	
215.9210052490234	894220.	7609.25	37370.80859375	18685.68359375	566.75	
217.1699981689453	999179.75	5205.5	20999.	1934.833374023438	466.6666564941406	
218.4179992675781	982438.875	5606.	30458.25	1726.333374023438	525.0833129882813	
219.6660003662109	1175802.25	8134.75	21710.916015625	2210.25	500.0833435058594	
220.9140014648438	1210792.	6507.5	28686.166015625	1884.916625976563	608.5	
222.1620025634766	955024.	47348.	33860.91796875	1976.583374023438	525.0833129882813	
223.4100036621094	1012292.	11164.5	25059.416015625	2435.333251953125	508.4166564941406	
224.6580047607422	964968.	5656.	23973.	2218.5	666.8333129882813	
225.906005859375	972920.	6557.25	21511.666015625	1634.5	608.4166870117188	
227.1540069580078	886272.	22678.	22003.083984375	3670.833251953125	583.4166870117188	
228.4019927978516	938344.	5756.25	24876.5	1709.583374023438	533.4166870117188	
229.6510009765625	923592.	15403.25	25178.416015625	2009.916625976563	800.25	
230.8990020751953	936330.6875	5230.5	19253.333984375	2352.333251953125	541.75	
232.1470031738281	930448.	11516.75	19370.916015625	2268.583251953125	666.8333129882813	
233.3950042724609	982826.8125	12843.5	27385.5	2401.916748046875	917.25	
234.6430053710938	919664.	10213.25	18643.916015625	5208.33349609375	925.5	
235.8910064697266	1211146.25	9962.	24982.916015625	2060.	975.5	
237.1390075683594	1423818.875	10063.25	19278.5	1726.333374023438	1200.75	
238.3869934082031	1075012.25	4605.	22202.166015625	2310.333251953125	1292.666625976563	
239.6349945068359	915404.	7684.	38835.5	2210.25	1150.833374023438	
240.8829956054688	1089580.	5455.5	25368.5	2602.166748046875	933.8333129882813	
242.1309967041016	1067560.	5505.75	25995.416015625	3178.25	1592.833374023438	
243.3800048828125	986996.	6732.5	22827.833984375	3219.833251953125	1084.	
244.6280059814453	934256.125	5455.75	22652.	1868.	950.5	
245.8760070800781	946820.	4154.	21125.5	2744.166748046875	783.6666870117188	
247.1239929199219	1018398.8125	5030.	26767.833984375	1926.5	666.8333129882813	
248.3719940185547	898112.	4554.5	26460.	1659.333374023438	967.1666870117188	
249.6199951171875	1185204.625	4029.	19779.833984375	2210.166748046875	666.8333129882813	
250.8679962158203	888864.	5756.5	17617.25	1951.583374023438	650.1666870117188	
252.1159973144531	1041765.375	8084.75	21876.5	1684.583374023438	641.8333129882813	
253.3639984130859	1126852.375	5731.25	20898.916015625	4463.58349609375	600.	
254.6119995117188	917584.	6582.5	23504.416015625	1609.583374023438	666.75	
255.8600006103516	1031097.25	9561.5	21600.166015625	2143.5	591.75	
257.1090087890625	1137448.75	5531.	23999.083984375	1726.333374023438	692.	
258.3569946289063	981087.5	13698.5	22068.583984375	3629.5	625.1666870117188	
259.6050109863281	982624.	5681.	22661.916015625	2368.75	750.1666870117188	
260.8529968261719	1011432.	9236.5	22026.166015625	2143.5	583.4166870117188	
262.1010131835938	1088695.5	10814.	19646.333984375	2151.833251953125	792.	
263.3489990234375	959776.	6006.5	29957.166015625	2327.	717.	
264.5969848632813	975591.4375	10814.25	18443.666015625	8787.8330078125	575.0833129882813	
265.8450012207031	1616034.375	5706.	21652.916015625	2160.083251953125	566.75	
267.0929870605469	990199.375	5756.25	19345.416015625	2335.25	666.75	
268.3410034179688	930588.	12444.75	23139.25	1985.083374023438	675.1666870117188	
269.5889892578125	1057475.75	6357.	18243.25	3019.833251953125	558.4166870117188	
270.8380126953125	901780.	5080.	25683.416015625	1659.416625976563	558.4166870117188	
272.0859985351563	975448.875	7584.	38804.	1501.083374023438	558.3333129882813	
273.3340148925781	932889.4375	12041.25	18426.833984375	1767.916625976563	641.75	
274.5820007324219	1009600.	4404.5	20765.333984375	2385.333251953125	541.75	
275.8299865722656	1044796.75	4905.	49135.8359375	2201.833251953125	625.0833129882813	
277.0780029296875	1020587.	5781.	26576.666015625	3345.	483.4166564941406	
278.3259887695313	1033884.6875	9437.5	20439.5	2927.75	1034.083374023438	
279.5740051269531	1086022.125	8385.5	29957.833984375	3461.75	541.8333129882813	
280.8219909667969	1154519.125	4680.	19512.25	2902.833251953125	583.5	
282.0700073242188	1158053.25	21214.75	20898.75	2693.916748046875	708.5	
283.3179931640625	1007936.	7458.25	31866.083984375	3637.166748046875	633.4166870117188	
284.5669860839844	1181243.875	7383.25	24359.416015625	2902.5	575.0833129882813	
285.8150024414063	1208619.75	8961.	21065.916015625	7076.16650390625	508.4166564941406	
287.06298828125	1624954.5	8334.5	25091.25	3328.25	708.5	
288.3110046386719	1321141.	8409.75	25375.916015625	2927.666748046875	650.1666870117188	
289.5589904785156	1312068.	9086.	21258.583984375	2452.083251953125	791.8333129882813	
290.8070068359375	987668.	10764.	28538.666015625	6309.	516.75	
292.0549926757813	1082964.	7659.25	26824.333984375	3061.25	600.	
293.3030090332031	1011832.	130992.78125	20690.5	3228.166748046875	541.75	
294.5509948730469	1215646.375	10863.75	23239.333984375	1684.416625976563	566.8333129882813	
295.7990112304688	1011182.75	9387.	20372.5	2110.166748046875	533.3333129882813	
297.0469970703125	972007.125	6181.75	21232.5	2018.25	550.0833129882813	
298.2959899902344	1030689.1875	7258.25	24190.083984375	1626.	700.3333129882813	
299.5440063476563	969660.	6306.75	43881.65234375	2218.5	583.3333129882813	
300.7919921875	1017276.	23594.25	23179.25	1976.583374023438	483.4166564941406	
302.0400085449219	1035341.25	5280.75	29031.833984375	4264.41650390625	925.5833129882813	
303.2879943847656	1011541.75	9537.5	25819.	2452.	700.25	
304.5360107421875	955800.	16924.	23303.666015625	3019.833251953125	583.4166870117188	
305.7839965820313	1026844.	10538.5	34528.66796875	2235.25	566.8333129882813	
307.0320129394531	1135411.25	9787.25	68535.2265625	6519.33349609375	591.75	
308.2799987792969	1273145.75	9160.75	29478.416015625	2468.833251953125	700.25	
309.5280151367188	1136875.625	8409.75	29074.	2994.333251953125	516.6666870117188	
310.7760009765625	1856835.75	13894.25	24683.333984375	2610.583251953125	750.25	
312.0249938964844	1096824.125	13693.25	23363.166015625	3570.166748046875	733.5833129882813	
313.2730102539063	1289226.25	16048.25	31367.416015625	2343.583251953125	483.4166564941406	
314.52099609375	1169416.	28125.75	30742.166015625	2327.083251953125	600.1666870117188	
315.7690124511719	1164945.25	17049.	26878.583984375	2894.333251953125	600.0833129882813	
317.0169982910156	1420042.5	16122.5	37688.83203125	1968.25	458.4166564941406	
318.2650146484375	1119435.5	29707.25	26001.916015625	2443.916748046875	658.5	
319.5130004882813	1022133.75	17879.	22752.166015625	2443.833251953125	566.75	
320.760986328125	1090284.	27108.	22543.666015625	2276.916748046875	550.	
322.0090026855469	1314482.75	31180.5	21241.833984375	3011.166748046875	641.8333129882813	
323.2569885253906	1430568.25	14345.25	24657.416015625	1943.083374023438	500.	
324.5050048828125	1040132.	11589.75	25187.083984375	2068.333251953125	658.5	
325.7539978027344	1043888.	24568.25	31637.333984375	1818.083374023438	541.75	
327.0020141601563	1082498.625	11815.	26220.166015625	2310.333251953125	625.0833129882813	
328.25	1592428.75	18728.5	22928.25	4422.83349609375	558.5	
329.4979858398438	1097940.	8835.75	22476.916015625	2118.416748046875	591.8333129882813	
330.7460021972656	1089608.375	9862.25	21759.	3195.25	433.4166564941406	
331.9939880371094	1081819.	10989.	21992.416015625	4280.58349609375	750.3333129882813	
333.2420043945313	1075456.75	24335.75	20330.916015625	1492.666625976563	650.3333129882813	
334.489990234375	930528.	4379.5	24340.916015625	1759.666625976563	583.4166870117188	
335.7380065917969	1057744.25	11039.5	26112.25	1668.	575.	
336.9859924316406	972204.	4930.	17984.583984375	1484.416625976563	525.1666870117188	
338.2340087890625	1041797.375	4504.75	32614.833984375	1901.416625976563	600.1666870117188	
339.4830017089844	953936.	5731.	20365.083984375	1809.833374023438	366.6666564941406	
340.7309875488281	1069216.	6207.	19353.666015625	2135.166748046875	558.4166870117188	
341.97900390625	1081946.25	4129.	24426.75	4657.16650390625	683.5	
343.2269897460938	924144.	11266.	24657.083984375	1768.	425.	
344.4750061035156	889292.	5881.75	23791.666015625	1501.166625976563	725.25	
345.7229919433594	917652.	10564.25	18435.166015625	2193.416748046875	691.8333129882813	
346.9710083007813	922120.6875	6206.75	19420.666015625	1592.833374023438	641.75	
348.218994140625	984613.125	5881.25	17992.583984375	1509.25	541.8333129882813	
349.4670104980469	913520.	6907.5	20389.333984375	2777.583251953125	591.75	
350.7149963378906	967092.	6732.75	33578.1015625	1375.916625976563	525.1666870117188	
351.9630126953125	1033029.75	24545.25	20373.	1692.833374023438	458.3333435058594	
353.2120056152344	949832.	8034.75	19044.833984375	1534.416625976563	600.3333129882813	
354.4599914550781	949860.	9161.	19320.166015625	1709.583374023438	516.75	
355.7080078125	893376.1875	5355.75	22670.833984375	1701.25	1125.833374023438	
356.9559936523438	897416.	8961.	20230.75	1809.666625976563	416.75	
358.2040100097656	876940.	7183.	27615.416015625	1926.666625976563	633.5	
359.4519958496094	1147574.875	9085.75	24933.75	1626.166625976563	516.8333129882813	
360.7000122070313	906759.375	8234.5	26454.666015625	1476.	641.9166870117188	
361.947998046875	1245266.375	9661.5	27041.416015625	1567.833374023438	566.8333129882813	
363.1960144042969	963816.	8960.5	22986.833984375	1551.083374023438	550.	
364.4440002441406	928220.	11665.5	25185.416015625	1934.833374023438	483.3333435058594	
365.6919860839844	1016904.875	9586.5	27840.833984375	3094.666748046875	750.3333129882813	
366.9410095214844	948464.	8334.75	25902.416015625	2327.083251953125	583.4166870117188	
368.1889953613281	939556.	7684.	21900.833984375	3578.5	675.0833129882813	
369.43701171875	941400.	8785.25	34339.83203125	3870.583251953125	650.0833129882813	
370.6849975585938	1134364.25	5981.5	25953.083984375	3594.916748046875	583.4166870117188	
371.9330139160156	935133.75	30313.	22044.	5598.83349609375	758.6666870117188	
373.1809997558594	1189498.5	8860.5	28487.666015625	4437.91650390625	817.1666870117188	
374.4289855957031	1028223.25	6056.75	24774.916015625	4079.166748046875	767.0833129882813	
375.677001953125	997445.25	8585.	22795.416015625	3011.166748046875	783.75	
376.9249877929688	988404.	12341.5	27631.	3353.25	725.3333129882813	
378.1730041503906	959688.375	4905.	25339.25	2944.416748046875	866.9166870117188	
379.4209899902344	888211.8125	8735.5	22546.5	4062.583251953125	783.6666870117188	
380.6700134277344	965740.0625	6131.75	18460.416015625	2485.583251953125	525.0833129882813	
381.9179992675781	967080.	4329.25	22924.833984375	3812.333251953125	566.75	
383.1659851074219	922728.	7308.5	20991.333984375	2460.583251953125	608.4166870117188	
384.4140014648438	1148294.	5956.5	17642.083984375	2185.166748046875	575.25	
385.6619873046875	917608.	9737.25	17750.5	2293.583251953125	750.25	
386.9100036621094	890296.	14195.25	16247.5	2527.333251953125	608.5833129882813	
388.1579895019531	921656.	9035.5	16322.8330078125	2101.666748046875	425.	
389.406005859375	972120.	6457.	17349.75	2243.666748046875	717.	
390.6539916992188	884020.	7283.25	16915.666015625	2952.5	958.75	
391.9020080566406	979059.4375	8985.75	18928.583984375	2126.666748046875	708.5	
393.1499938964844	948828.	45453.25	17709.083984375	2902.75	450.0833435058594	
394.3989868164063	1048416.	5806.25	52633.0546875	1926.416625976563	683.5	
395.6470031738281	963748.	7032.75	19370.333984375	1968.166625976563	783.75	
396.8949890136719	870416.	8359.5	49315.66796875	1884.75	508.3333435058594	
398.1430053710938	893096.	11540.75	18351.916015625	2719.166748046875	516.75	
399.3909912109375	961236.	7634.	17834.083984375	2568.833251953125	758.6666870117188	
400.6390075683594	905580.	6381.75	17358.	2035.	525.0833129882813	
401.8869934082031	921816.75	9086.25	18311.25	1918.	491.75	
403.135009765625	914640.	6832.5	19312.666015625	1759.75	591.8333129882813	
404.3829956054688	948436.	8435.25	18862.416015625	1734.5	616.6666870117188	
405.6310119628906	883096.	27520.25	18201.583984375	1859.916625976563	625.0833129882813	
406.8789978027344	980827.1875	5556.	20941.25	1701.416625976563	491.6666564941406	
408.1279907226563	977260.	5080.25	31059.5	1634.5	450.	
409.3760070800781	926280.	11266.75	15379.3330078125	1626.333374023438	583.4166870117188	
410.6239929199219	906032.	6657.5	18352.25	1901.666625976563	433.5	
411.8720092773438	871080.	4730.	14686.4169921875	1717.916625976563	541.75	
413.1199951171875	905080.	7283.	17700.916015625	4297.33349609375	450.	
414.3680114746094	926664.	7684.	16305.9169921875	1534.416625976563	533.5	
415.6159973144531	869292.	6532.5	14469.3330078125	1726.25	583.5	
416.864013671875	1063088.125	13322.	16114.6669921875	2060.	550.1666870117188	
418.1119995117188	921244.	4880.	15729.9169921875	2035.166625976563	675.1666870117188	
419.3599853515625	871072.	6332.	15070.25	2143.5	617.	
420.6080017089844	863960.	4905.	19097.5	1684.5	508.4166564941406	
421.8569946289063	1020520.	7234.25	14995.3330078125	3429.416748046875	466.6666564941406	
423.1050109863281	884380.	16106.5	15721.6669921875	1684.5	633.4166870117188	
424.3529968261719	917304.5	5280.75	16372.9169921875	1717.916625976563	575.	
425.6010131835938	891728.	4554.75	19490.25	1843.083374023438	625.0833129882813	
426.8489990234375	850860.	2927.5	22438.083984375	2652.5	641.9166870117188	
428.0969848632813	882596.	2452.	14828.25	1609.666625976563	658.4166870117188	
429.3450012207031	1008436.125	3578.25	14945.25	1517.75	433.3333435058594	
430.5929870605469	866124.	2977.5	14502.9169921875	1526.166625976563	516.6666870117188	
431.8410034179688	868712.	5406.	15429.5830078125	1342.5	591.9166870117188	
433.0889892578125	923748.	3253.25	14344.25	1250.833374023438	616.9166870117188	
434.3370056152344	858628.	2452.	14502.8330078125	1559.666625976563	550.1666870117188	
435.5859985351563	860316.	2126.75	14945.5	1609.583374023438	458.3333435058594	
436.8340148925781	846608.	5080.5	14361.	1484.333374023438	508.3333435058594	
438.0820007324219	843036.	4554.75	13759.8330078125	1359.333374023438	608.4166870117188	
439.3299865722656	826184.	22264.25	15605.	2010.083374023438	541.6666870117188	
440.5780029296875	840180.	2552.25	13826.5830078125	1826.333374023438	758.6666870117188	
441.8259887695313	855676.	2126.75	14719.9169921875	1776.416625976563	583.4166870117188	
443.0740051269531	827824.	1951.25	14911.8330078125	1709.583374023438	566.8333129882813	
444.3219909667969	859888.	2327.	16072.75	1984.666625976563	458.4166564941406	
445.5700073242188	885968.	2477.	27818.833984375	2085.	433.3333435058594	
446.8179931640625	871992.	2402.	14844.9169921875	1693.	416.75	
448.0660095214844	921156.	2902.75	14678.0830078125	2151.833251953125	508.4166564941406	
449.3150024414063	837272.	2377.	14210.5830078125	3261.666748046875	675.1666870117188	
450.56298828125	871036.	2602.25	14335.8330078125	1826.416625976563	575.0833129882813	
451.8110046386719	907779.	2877.25	14394.3330078125	1818.083374023438	600.1666870117188	
453.0589904785156	858280.	2126.75	14352.8330078125	2285.333251953125	20632.083984375	
454.3070068359375	926271.	3103.	14102.1669921875	2151.666748046875	450.	
455.5549926757813	942946.8125	2902.75	14052.0830078125	1826.25	616.8333129882813	
456.8030090332031	856400.	3278.	15295.8330078125	2118.5	575.	
458.0509948730469	836056.	2402.	14235.75	1968.25	516.6666870117188	
459.2990112304688	838772.	3128.	14018.5830078125	1993.25	408.4166564941406	
460.5469970703125	829856.	2627.25	17134.083984375	2060.083251953125	508.3333435058594	
461.7950134277344	821640.	2176.75	14744.8330078125	2210.25	533.5	
463.0440063476563	832532.	3678.5	13759.8330078125	1934.916625976563	416.6666564941406	
464.2919921875	919899.8125	3102.75	14853.75	2076.666748046875	516.6666870117188	
465.5400085449219	902180.	3103.	13901.6669921875	2201.833251953125	525.	
466.7879943847656	861432.	3203.	15589.1669921875	2143.583251953125	550.0833129882813	
468.0360107421875	860068.	9211.	14878.5830078125	2076.666748046875	425.1666564941406	
469.2839965820313	865128.	10337.75	14168.9169921875	2276.916748046875	550.1666870117188	
470.5320129394531	857032.	15421.5	15070.6669921875	2377.	600.1666870117188	
471.7799987792969	838376.	22186.	14035.5830078125	2518.916748046875	508.4166564941406	
473.0280151367188	845484.	16372.75	15028.75	2460.5	441.6666564941406	
474.2760009765625	840788.	19153.25	14920.3330078125	2410.333251953125	416.6666564941406	
475.5239868164063	857784.	14168.75	14502.75	2001.583374023438	541.75	
476.7730102539063	922899.6875	16673.25	14494.5	2093.25	716.75	
478.02099609375	875780.	13517.5	14043.75	2126.583251953125	525.1666870117188	
479.2690124511719	885252.	11865.	14811.6669921875	2168.333251953125	583.3333129882813	
480.5169982910156	881690.875	12992.	19526.916015625	3829.583251953125	591.75	
481.7650146484375	833592.	11339.25	14076.9169921875	2193.5	450.0833435058594	
483.0130004882813	862300.	11038.75	17442.833984375	1601.083374023438	550.0833129882813	
484.260986328125	850084.	10287.5	13818.1669921875	1667.833374023438	566.8333129882813	
485.5090026855469	848664.	17551.75	13935.25	1684.583374023438	458.3333435058594	
486.7569885253906	875568.	8009.	13451.	2143.416748046875	675.1666870117188	
488.0050048828125	895036.	6357.	14720.	1851.5	508.3333435058594	
489.2529907226563	853148.	6432.	13918.4169921875	1734.416625976563	725.25	
490.5020141601563	846608.	5581.25	14102.4169921875	1818.083374023438	658.5	
491.75	833912.	4905.	13851.6669921875	2201.833251953125	533.4166870117188	
492.9979858398438	819564.	6256.75	13834.9169921875	1234.25	616.75	
494.2460021972656	842124.	5756.5	14753.1669921875	1342.583374023438	591.75	
495.4939880371094	815548.	9061.25	16458.75	1592.75	433.4166564941406	
496.7420043945313	825024.	3353.	14319.25	1426.	525.0833129882813	
497.989990234375	878208.	4780.25	16172.8330078125	1542.75	591.8333129882813	
499.2380065917969	845436.	4004.	13809.8330078125	1584.416625976563	558.5	
500.4859924316406	854972.	5230.5	13618.	2318.833251953125	533.4166870117188	
501.7340087890625	837916.	11994.75	15237.9169921875	1417.666625976563	650.1666870117188	
502.9819946289063	835224.	3203.	16214.75	1993.416625976563	400.0833435058594	
504.2309875488281	831060.	3979.25	13467.75	1676.25	566.8333129882813	
505.47900390625	837960.	2176.75	14561.1669921875	1501.083374023438	541.6666870117188	
506.7269897460938	860356.	3178.	14352.5	1534.5	525.	
507.9750061035156	845856.	9990.75	14402.75	1643.	525.0833129882813	
509.2229919433594	852456.	3803.75	14394.3330078125	1626.25	475.	
510.4710083007813	879996.	2627.	13885.	1809.666625976563	500.0833435058594	
511.718994140625	860864.	2752.5	15930.75	2068.333251953125	558.4166870117188	
512.9669799804688	902864.	4229.	14928.5	1701.166625976563	666.6666870117188	
514.2150268554688	934439.8125	3428.25	14360.75	2251.916748046875	433.3333435058594	
515.4630126953125	855208.	4003.75	14302.4169921875	1651.25	575.	
516.7109985351563	886684.	3803.5	14093.75	1592.833374023438	458.4166564941406	
517.9600219726563	852312.	7384.25	15070.6669921875	1467.583374023438	441.8333435058594	
519.2080078125	866396.	3753.75	14427.6669921875	1651.333374023438	550.0833129882813	
520.4559936523438	865428.	3178.	14820.	1492.833374023438	533.4166870117188	
521.7039794921875	862840.	26096.	14937.	1434.333374023438	683.5	
522.9520263671875	885612.	5380.75	13676.1669921875	1450.916625976563	600.1666870117188	
524.2000122070313	906903.125	4329.5	14219.25	1359.25	650.25	
525.447998046875	859212.	4229.	14728.4169921875	1667.916625976563	525.1666870117188	
526.6959838867188	868164.	4204.25	14436.	1392.5	616.8333129882813	
527.9439697265625	876852.	3128.	13868.4169921875	1492.75	516.75	
529.1920166015625	867360.	3728.75	13743.25	1442.666625976563	441.6666564941406	
530.4400024414063	851944.	3102.75	13768.3330078125	1576.	500.0833435058594	
531.6890258789063	899188.	7760.75	15830.5	1617.833374023438	483.4166564941406	
532.93701171875	880924.	2727.25	14536.3330078125	1809.75	508.4166564941406	
534.1849975585938	879508.	3253.25	14527.75	1617.916625976563	500.0833435058594	
535.4329833984375	888884.	4354.5	16139.0830078125	1776.416625976563	583.3333129882813	
536.6810302734375	897300.	4028.75	15279.5	1642.833374023438	566.6666870117188	
537.9290161132813	892596.	4204.25	14978.6669921875	1709.5	625.0833129882813	
539.177001953125	919112.	3878.75	14177.	1484.416625976563	616.9166870117188	
540.4249877929688	894260.	3803.75	14243.9169921875	1609.416625976563	550.0833129882813	
541.6729736328125	869348.	3904.	14436.0830078125	1709.75	800.25	
542.9210205078125	909796.	3403.	15203.9169921875	1634.583374023438	616.6666870117188	
544.1690063476563	911868.	3879.	16298.1669921875	1484.25	600.1666870117188	
545.4180297851563	970672.	5130.5	14811.75	1484.333374023438	691.8333129882813	
546.666015625	913752.	3428.25	14194.0830078125	1534.333374023438	508.5	
547.9140014648438	877344.	3703.5	17041.166015625	1826.333374023438	608.4166870117188	
549.1619873046875	1064585.75	4629.75	15312.6669921875	1701.166625976563	341.6666564941406	
550.4099731445313	1411014.625	3828.75	13943.6669921875	1651.166625976563	575.	
551.6580200195313	991814.625	4980.25	14110.4169921875	1542.666625976563	591.75	
552.906005859375	956852.	5681.	15554.5830078125	1392.583374023438	483.5	
554.1539916992188	910268.	6257.	15513.0830078125	1526.083374023438	550.	
555.4019775390625	994783.625	5731.25	15212.4169921875	1467.666625976563	600.0833129882813	
556.6500244140625	917672.	3803.5	19398.583984375	1367.5	608.5	
557.8980102539063	996312.125	3878.5	18690.416015625	1559.583374023438	583.4166870117188	
559.14697265625	924600.	5681.	14653.1669921875	1384.25	483.4166564941406	
560.39501953125	932308.	4379.25	14244.	1684.583374023438	566.75	
561.6430053710938	931116.	4029.	15638.4169921875	1876.416625976563	641.8333129882813	
562.8909912109375	1174342.375	3978.5	15145.5830078125	1784.75	525.	
564.1389770507813	1084808.	4454.5	15730.1669921875	1542.833374023438	608.3333129882813	
565.3870239257813	1056932.5	5305.5	14920.25	1793.083374023438	466.6666564941406	
566.635009765625	1028200.	3978.75	15821.75	2435.666748046875	583.4166870117188	
567.8829956054688	1036996.	5205.5	18185.5	1567.833374023438	508.5	
569.1309814453125	955812.	5481.	16531.666015625	1551.	666.8333129882813	
570.3790283203125	1286268.875	5656.25	15396.1669921875	1467.666625976563	541.6666870117188	
571.6270141601563	1007528.	7308.25	16314.3330078125	1951.5	591.75	
572.8759765625	1070374.25	4804.75	17458.5	1692.916625976563	550.0833129882813	
574.1240234375	1083936.	8309.75	15863.6669921875	1551.166625976563	491.8333435058594	
575.3720092773438	1181039.75	8109.25	18895.333984375	1676.333374023438	666.9166870117188	
576.6199951171875	1068356.	5230.5	22979.	1692.916625976563	466.6666564941406	
577.8679809570313	1074300.	8610.	29814.333984375	1467.833374023438	641.8333129882813	
579.1160278320313	1102033.875	6056.5	24798.916015625	1576.083374023438	450.1666564941406	
580.364013671875	1218592.75	31429.75	22308.	1617.833374023438	466.8333435058594	
581.6119995117188	1098220.5	5505.75	21024.666015625	1993.25	758.6666870117188	
582.8599853515625	1125273.	15952.	20573.666015625	1868.083374023438	700.0833129882813	
584.1079711914063	1314109.	6582.25	25688.666015625	2343.666748046875	541.6666870117188	
585.3560180664063	1036468.	7710.	16072.4169921875	1651.25	600.25	
586.60498046875	1064016.	6607.5	18093.083984375	1617.75	625.25	
587.85302734375	1076292.625	7533.75	29525.5	1542.916625976563	591.75	
589.1010131835938	1061684.	3978.75	18518.833984375	1384.333374023438	583.3333129882813	
590.3489990234375	994584.	3878.75	17818.	1651.166625976563	475.	
591.5969848632813	1008540.	9386.75	31261.833984375	2076.75	591.75	
592.844970703125	1115872.	11515.	19470.5	1918.333374023438	600.1666870117188	
594.093017578125	1162125.625	12691.75	28189.833984375	2427.166748046875	608.5	
595.3410034179688	1368910.	14494.25	28926.416015625	3069.833251953125	566.75	
596.5889892578125	1136421.75	32270.75	32875.25	2193.5	758.75	
597.8369750976563	1469739.75	21687.25	30524.333984375	2251.916748046875	800.3333129882813	
599.0850219726563	1243876.	21284.	23930.083984375	2502.333251953125	650.	
600.333984375	1307207.875	26569.75	23571.083984375	2544.	625.1666870117188	
601.5819702148438	2564176.	18627.5	30038.833984375	2460.583251953125	675.0833129882813	
602.8300170898438	1291508.875	19529.	25777.25	4163.	850.3333129882813	
604.0780029296875	1144648.	16548.	32920.5	3461.916748046875	591.75	
605.3259887695313	1129304.	15472.	21800.333984375	2443.75	666.8333129882813	
606.573974609375	1113548.	16322.75	23287.416015625	2327.083251953125	450.	
607.822021484375	1105127.25	30762.	19821.25	2060.	483.4166564941406	
609.0700073242188	1043828.	71072.75	26701.333984375	1709.75	583.5	
610.3179931640625	1259019.25	21468.75	21408.5	1893.25	658.5	
611.5659790039063	1092287.75	10188.25	18485.333984375	2252.	550.0833129882813	
612.8140258789063	1005860.	18939.25	17491.583984375	2118.5	566.75	
614.06298828125	1077800.	10563.25	21594.083984375	1726.333374023438	608.3333129882813	
615.3109741210938	1057396.	15697.5	26336.833984375	2043.25	525.	
616.5590209960938	1058051.5	16272.25	16640.083984375	1993.333374023438	391.6666564941406	
617.8070068359375	1046893.625	19078.	16347.9169921875	2185.083251953125	525.	
619.0549926757813	1004748.	19128.75	16422.916015625	2201.666748046875	600.0833129882813	
620.302978515625	974816.	26896.25	16372.8330078125	2018.25	583.4166870117188	
621.551025390625	992520.	19028.	17542.5	1843.083374023438	550.1666870117188	
622.7990112304688	928268.	24941.75	24201.5	1843.	558.5	
624.0469970703125	1017258.5625	16573.	16230.8330078125	1751.333374023438	583.5	
625.2949829101563	926764.	13818.75	22936.	1818.	700.0833129882813	
626.5430297851563	1043951.25	12341.5	14436.	1926.5	408.3333435058594	
627.7919921875	947824.	14370.	15270.9169921875	2001.5	566.8333129882813	
629.0399780273438	1025017.	7834.	15179.1669921875	1759.75	525.0833129882813	
630.2880249023438	916304.	8034.	15154.0830078125	1551.083374023438	566.6666870117188	
631.5360107421875	949816.	7433.25	15763.4169921875	1300.75	500.	
632.7839965820313	963796.	7333.5	14536.1669921875	198632.421875	541.75	
634.031982421875	914736.	9437.25	15045.25	1626.083374023438	433.3333435058594	
635.280029296875	930768.	5681.	16465.166015625	1476.	550.0833129882813	
636.5280151367188	977644.	4404.5	14761.75	1676.166625976563	616.8333129882813	
637.7760009765625	884852.	7784.25	15396.0830078125	1851.416625976563	591.75	
639.0239868164063	928512.	4654.75	14227.3330078125	1592.75	541.75	
640.27197265625	889416.	5080.25	14694.8330078125	1325.833374023438	508.3333435058594	
641.52099609375	904460.	2927.5	16181.8330078125	1693.	516.6666870117188	
642.7689819335938	903492.	4504.75	15028.75	1784.666625976563	516.75	
644.0170288085938	897188.	2652.25	15112.25	1542.75	541.8333129882813	
645.2650146484375	926298.5625	3178.	14928.75	1325.916625976563	558.4166870117188	
646.5130004882813	879760.	3828.75	14076.9169921875	1501.166625976563	533.4166870117188	
647.760986328125	912258.1875	3453.25	91789.0078125	1384.166625976563	541.75	
649.0089721679688	880840.	2502.	12975.25	1467.666625976563	491.6666564941406	
650.2570190429688	980728.	3303.	14394.5830078125	1492.75	541.75	
651.5050048828125	881388.	3929.	15229.25	1409.333374023438	591.8333129882813	
652.7529907226563	881124.	3353.25	14778.1669921875	1609.416625976563	458.3333435058594	
654.0009765625	858384.	3953.75	13751.6669921875	1517.833374023438	516.6666870117188	
655.25	855972.	2577.25	14694.9169921875	1442.666625976563	400.	
656.4979858398438	903808.	3653.5	15739.0830078125	1442.583374023438	433.3333435058594	
657.7459716796875	904120.	3328.25	14043.5830078125	1492.75	541.75	
658.9940185546875	869148.	3503.25	14577.9169921875	1743.083374023438	558.5833129882813	
660.2420043945313	874140.	3403.25	14160.5	1692.916625976563	525.1666870117188	
661.489990234375	897008.	12948.25	14527.8330078125	1451.083374023438	608.4166870117188	
662.7379760742188	874636.	2777.5	14695.25	2177.166748046875	541.6666870117188	
663.9860229492188	880120.	3153.	14786.6669921875	1551.166625976563	483.4166564941406	
665.2340087890625	920752.	2827.5	13885.1669921875	1375.916625976563	450.	
666.4819946289063	898802.25	3152.75	13668.	1450.833374023438	458.3333435058594	
667.72998046875	900560.	3328.	14294.5	1401.	566.8333129882813	
668.97900390625	857048.	4028.75	13734.6669921875	1342.416625976563	525.	
670.2269897460938	879268.	2402.	13918.5	1250.833374023438	475.	
671.4749755859375	862740.	2427.	14152.4169921875	1475.916625976563	533.4166870117188	
672.7230224609375	929000.	3728.5	16314.75	1175.833374023438	375.	
673.9710083007813	905140.	1951.5	14010.25	1434.25	433.4166564941406	
675.218994140625	975744.	3328.	14661.5	1500.916625976563	508.3333435058594	
676.4669799804688	916456.	3528.25	16715.166015625	1534.5	600.25	
677.7150268554688	897236.	8385.	14945.1669921875	1609.583374023438	550.0833129882813	
678.9630126953125	891972.	21935.	15162.3330078125	2035.166625976563	533.3333129882813	
680.2109985351563	925372.	10162.25	17275.166015625	1793.	425.	
681.458984375	891232.	14194.25	19431.583984375	1667.833374023438	616.75	
682.7080078125	894316.1875	18452.5	18059.5	2794.333251953125	616.8333129882813	
683.9559936523438	897032.	13292.5	18410.166015625	1976.583374023438	533.3333129882813	
685.2039794921875	863032.	14619.75	18661.	2694.25	783.5833129882813	
686.4520263671875	889024.	12416.25	17207.583984375	1634.583374023438	550.1666870117188	
687.7000122070313	882264.	12366.	15479.5830078125	1601.166625976563	391.6666564941406	
688.947998046875	866232.	12291.	16222.5	5192.08349609375	541.75	
690.1959838867188	923920.	19888.5	20475.166015625	1526.083374023438	533.4166870117188	
691.4439697265625	887112.	12491.5	15871.9169921875	1734.666625976563	625.25	
692.6920166015625	929220.	8810.25	21233.083984375	3236.333251953125	758.75	
693.9400024414063	926212.	14019.25	29172.25	3044.416748046875	666.9166870117188	
695.18798828125	940856.	12190.75	21467.416015625	5382.	625.	
696.43701171875	915996.	55579.5	29464.666015625	4780.41650390625	525.0833129882813	
697.6849975585938	919936.	14494.75	38310.58203125	3979.083251953125	833.5833129882813	
698.9329833984375	920204.	15448.	44856.58203125	3620.166748046875	525.0833129882813	
700.1810302734375	909096.	48345.5	23379.833984375	7676.5	1759.833374023438	
701.4290161132813	1249439.25	24167.75	51822.33984375	6073.66650390625	633.5	
702.677001953125	888708.	22367.	26119.75	5130.75	700.4166870117188	
703.9249877929688	944570.625	21413.25	23864.	3778.833251953125	641.75	
705.1729736328125	880948.	25323.	26345.25	3853.833251953125	608.5	
706.4210205078125	900418.625	16174.75	33782.41796875	12200.8330078125	625.1666870117188	
707.6690063476563	885024.	24204.5	19270.	3862.25	616.75	
708.9169921875	919201.25	24090.75	22902.583984375	8764.0830078125	708.5833129882813	
710.166015625	984320.	8360.	24963.083984375	6349.66650390625	741.9166870117188	
711.4140014648438	930212.	118961.8203125	23997.083984375	4045.833251953125	750.1666870117188	
712.6619873046875	910844.	16728.	25862.25	2619.	783.75	
713.9099731445313	902928.	18657.	21508.166015625	3128.	708.5	
715.1580200195313	942528.	8760.25	24098.5	2435.416748046875	491.8333435058594	
716.406005859375	884548.	24828.75	26866.916015625	6718.58349609375	1058.916625976563	
717.6539916992188	956875.	9336.	27364.75	3570.166748046875	641.8333129882813	
718.9019775390625	947100.	10764.5	27577.	2961.166748046875	883.6666870117188	
720.1500244140625	889324.	8985.5	24465.666015625	2251.666748046875	375.	
721.3980102539063	873908.	21850.75	21868.166015625	2268.583251953125	558.5	
722.64599609375	878756.	5430.5	40117.5	3027.916748046875	558.4166870117188	
723.89501953125	907956.	7258.5	62050.87109375	2785.916748046875	575.0833129882813	
725.1430053710938	930012.	6982.75	17709.333984375	2385.416748046875	650.1666870117188	
726.3909912109375	896288.	11364.	20590.916015625	1943.166625976563	566.8333129882813	
727.6389770507813	902792.	6081.5	18944.916015625	2176.916748046875	575.0833129882813	
728.8870239257813	898788.	7408.75	16798.416015625	1909.666625976563	433.3333435058594	
730.135009765625	878476.	10488.5	19145.166015625	2268.666748046875	541.75	
731.3829956054688	892868.	19945.	15838.5830078125	2994.583251953125	433.3333435058594	
732.6309814453125	865128.	5556.	15287.5	1768.166625976563	641.8333129882813	
733.8790283203125	864844.	18842.25	15663.1669921875	1884.75	691.8333129882813	
735.1270141601563	916732.	3803.75	16306.1669921875	1784.666625976563	416.75	
736.375	1037807.	5931.5	16757.	1526.	450.	
737.6240234375	865700.	12094.5	17817.666015625	1492.75	608.5	
738.8720092773438	880888.	4729.75	18193.333984375	1550.916625976563	525.	
740.1199951171875	929804.3125	3653.5	20573.25	1893.166625976563	483.3333435058594	
741.3679809570313	895756.	3052.75	18009.166015625	1826.416625976563	608.4166870117188	
742.6160278320313	916236.	4204.	19364.75	1701.333374023438	516.75	
743.864013671875	873568.	6232.25	20575.416015625	1542.75	533.3333129882813	
745.1119995117188	930265.25	3503.5	17325.166015625	1534.333374023438	717.	
746.3599853515625	1024390.875	4830.	17700.833984375	1859.833374023438	516.8333129882813	
747.6079711914063	895412.	7709.25	22212.666015625	1392.666625976563	575.0833129882813	
748.8560180664063	902452.	4004.	16932.583984375	1809.583374023438	633.5	
750.10400390625	930719.875	4029.25	17467.166015625	1709.583374023438	483.4166564941406	
751.35302734375	878296.	3728.75	16915.583984375	1417.666625976563	716.9166870117188	
752.6010131835938	843256.	4104.	16080.5	1943.25	566.8333129882813	
753.8489990234375	883520.	6782.75	20443.25	1459.25	558.4166870117188	
755.0969848632813	983341.875	6558.	16640.083984375	2001.666625976563	591.8333129882813	
756.344970703125	874024.	3954.	19437.833984375	1634.583374023438	616.8333129882813	
757.593017578125	901428.625	4930.	16615.166015625	1492.666625976563	550.0833129882813	
758.8410034179688	846812.	4429.5	15813.5	1492.75	508.5	
760.0889892578125	885980.	4254.5	16089.0830078125	2051.583251953125	583.4166870117188	
761.3369750976563	871092.	2952.75	14836.6669921875	1542.833374023438	541.8333129882813	
762.5850219726563	885632.	3077.75	17132.833984375	2978.25	633.5	
763.8330078125	948960.	3453.	16473.166015625	1509.333374023438	666.8333129882813	
765.0819702148438	869820.	7309.75	16790.583984375	1442.666625976563	508.4166564941406	
766.3300170898438	906624.	4704.75	16381.5	1484.5	533.3333129882813	
767.5780029296875	841196.	4129.5	16072.5830078125	1626.166625976563	591.75	
768.8259887695313	993628.375	3879.	21245.5	1367.666625976563	650.0833129882813	
770.073974609375	885740.	4404.75	17083.083984375	1751.333374023438	541.75	
771.322021484375	865232.	2977.75	14427.6669921875	1626.166625976563	383.3333435058594	
772.5700073242188	981220.25	8637.25	18594.5	1442.75	675.25	
773.8179931640625	901340.	2427.	18611.166015625	1901.416625976563	583.3333129882813	
775.0659790039063	884688.	3628.5	16239.5	1776.416625976563	491.6666564941406	
776.3140258789063	912068.	3478.25	24403.333984375	1684.5	525.	
777.56201171875	893824.	6232.25	16197.75	1501.083374023438	516.6666870117188	
778.8109741210938	1043242.625	4204.5	17133.166015625	1534.416625976563	625.0833129882813	
780.0590209960938	890628.	3228.	17032.75	1325.666625976563	483.3333435058594	
781.3070068359375	902344.	5230.75	17292.333984375	1793.25	416.6666564941406	
782.5549926757813	886980.	3803.75	20022.	1317.583374023438	525.0833129882813	
783.802978515625	900672.	16004.75	16565.5	1667.833374023438	583.3333129882813	
785.051025390625	869128.	4980.5	15028.8330078125	1567.75	450.0833435058594	
786.2990112304688	921119.4375	3503.	19282.833984375	1709.666625976563	583.5	
787.5469970703125	865444.	4129.	16256.4169921875	1601.083374023438	458.3333435058594	
788.7949829101563	874632.	4629.75	15271.	1609.5	516.75	
790.0430297851563	913524.	9061.75	20265.416015625	1834.75	541.6666870117188	
791.291015625	870860.	5155.5	16840.416015625	2193.5	625.25	
792.5399780273438	973215.625	6432.	15429.5	1617.916625976563	650.1666870117188	
793.7880249023438	856448.	10738.75	15112.25	2068.333251953125	441.75	
795.0360107421875	862348.	7684.	18754.833984375	1534.333374023438	616.9166870117188	
796.2839965820313	876152.	6782.75	16298.1669921875	1818.083374023438	566.8333129882813	
797.531982421875	865144.	5781.5	17584.166015625	1375.916625976563	650.0833129882813	
798.780029296875	896776.	14852.25	14486.1669921875	1559.5	641.75	
800.0280151367188	893420.	7209.	18519.333984375	1776.333374023438	433.3333435058594	
801.2760009765625	918582.4375	6107.	15646.6669921875	1651.25	733.75	
802.5239868164063	881484.	4654.5	16381.25	1501.	450.	
803.77197265625	915524.	7284.	15145.6669921875	1467.75	541.6666870117188	
805.02001953125	931152.	5105.5	14477.8330078125	1467.75	566.6666870117188	
806.2689819335938	982515.875	6332.	18512.916015625	1451.083374023438	500.1666564941406	
807.5170288085938	863528.	5280.25	16598.333984375	1492.666625976563	566.6666870117188	
808.7650146484375	863152.	10892.	15855.5830078125	1517.583374023438	533.4166870117188	
810.0130004882813	846396.	6332.	14335.9169921875	1609.5	483.5	
811.260986328125	846768.	5656.25	15705.3330078125	1601.166625976563	575.0833129882813	
812.5089721679688	914907.125	5506.	14344.3330078125	1492.666625976563	550.0833129882813	
813.7570190429688	888800.	3453.25	14352.4169921875	1242.333374023438	650.0833129882813	
815.0050048828125	870824.	8235.5	14127.0830078125	1192.416625976563	466.75	
816.2529907226563	838596.	5280.75	14887.	1142.416625976563	666.8333129882813	
817.5009765625	921176.	3278.	14720.1669921875	1509.333374023438	575.25	
818.7490234375	843260.	2702.5	15053.6669921875	1384.25	400.	
819.9979858398438	831616.	8236.25	15220.6669921875	1651.166625976563	675.25	
821.2459716796875	862732.	2452.	13684.75	1684.583374023438	591.6666870117188	
822.4940185546875	868404.	4479.75	14936.8330078125	1384.333374023438	433.3333435058594	
823.7420043945313	857600.	2227.	13885.0830078125	1234.083374023438	575.1666870117188	
824.989990234375	967581.75	3153.	15805.0830078125	4398.	441.75	
826.2379760742188	978090.4375	3578.5	14227.25	1259.	650.25	
827.4860229492188	869084.	5255.75	14719.9169921875	1350.916625976563	491.75	
828.7340087890625	861072.	5230.5	14177.0830078125	1175.75	566.75	
829.9819946289063	870432.	2552.	16515.583984375	1275.833374023438	583.5	
831.22998046875	849644.	2352.	14377.5830078125	1309.25	375.0833435058594	
832.47802734375	875512.	2877.5	15922.1669921875	1242.416625976563	416.6666564941406	
833.7269897460938	1212431.125	3753.5	14603.	1192.333374023438	466.6666564941406	
834.9749755859375	847848.	5405.5	15421.4169921875	1509.25	508.3333435058594	
836.2230224609375	870172.	8936.	14761.5	1400.833374023438	533.5	
837.4710083007813	894372.	6932.75	15195.5830078125	1617.833374023438	566.6666870117188	
838.718994140625	879584.	8660.25	14319.1669921875	1617.833374023438	541.75	
839.9669799804688	885192.	11214.5	15880.6669921875	1559.416625976563	541.9166870117188	
841.2150268554688	900828.	10187.5	15078.9169921875	1868.166625976563	633.4166870117188	
842.4630126953125	882793.375	10112.25	15237.5830078125	1459.333374023438	508.4166564941406	
843.7109985351563	883960.	10288.	16239.6669921875	1884.666625976563	641.75	
844.958984375	883360.	8459.75	15212.25	1592.833374023438	650.25	
846.2069702148438	873332.	8460.	15963.6669921875	1501.166625976563	566.8333129882813	
847.4559936523438	867392.	13069.25	16239.3330078125	1693.	441.75	
848.7039794921875	905660.	9562.	14043.6669921875	1526.083374023438	625.1666870117188	
849.9520263671875	871510.625	12592.5	16374.9169921875	1609.25	583.5	
851.2000122070313	832576.	6807.75	14895.1669921875	1626.166625976563	466.6666564941406	
852.447998046875	850968.	8234.75	14118.75	1542.833374023438	625.1666870117188	
853.6959838867188	853764.	5881.25	14527.6669921875	1501.	666.9166870117188	
854.9439697265625	879772.	6557.25	15062.5	1551.083374023438	341.6666564941406	
856.1920166015625	855336.	5330.5	15496.3330078125	1484.416625976563	550.1666870117188	
857.4400024414063	834256.	5180.5	14552.9169921875	1375.916625976563	491.75	
858.68798828125	858811.625	4904.75	14870.25	1417.75	675.25	
859.9359741210938	872288.	9911.75	14110.4169921875	1693.	616.9166870117188	
861.1849975585938	832863.25	7558.75	14243.9169921875	1459.333374023438	483.4166564941406	
862.4329833984375	855264.	5656.	17034.083984375	1743.	508.3333435058594	
863.6810302734375	933875.25	9738.75	13492.8330078125	1509.416625976563	466.8333435058594	
864.9290161132813	855740.	7483.5	13801.75	1751.333374023438	583.5	
866.177001953125	871580.	15147.75	13943.5	1534.416625976563	541.75	
867.4249877929688	836728.	7734.25	15137.3330078125	1275.916625976563	533.4166870117188	
868.6729736328125	862816.	6733.	14035.25	1409.333374023438	516.6666870117188	
869.9210205078125	858972.	4404.25	14402.6669921875	1534.416625976563	625.25	
871.1690063476563	868944.	14176.	13375.9169921875	1567.916625976563	508.3333435058594	
872.4169921875	837896.	9839.	14293.9169921875	1642.916625976563	667.	
873.6649780273438	853444.	5505.75	13876.5	1342.666625976563	516.75	
874.9140014648438	959238.375	5455.75	15212.25	1384.083374023438	525.0833129882813	
876.1619873046875	977387.5625	8460.	14360.8330078125	1626.25	558.5	
877.4099731445313	1018445.5625	12066.25	13926.9169921875	1893.	600.	
878.6580200195313	876372.	10287.75	13976.8330078125	1417.75	683.5833129882813	
879.906005859375	856576.	10087.	14285.9169921875	1859.75	516.75	
881.1539916992188	1027822.625	8810.25	13559.5830078125	1592.833374023438	666.75	
882.4019775390625	831744.	12115.25	14469.5830078125	1634.583374023438	575.0833129882813	
883.6500244140625	829744.	23801.25	14561.1669921875	2736.	441.75	
884.8980102539063	887840.	11715.25	16331.4169921875	1617.916625976563	666.75	
886.14599609375	1168341.25	9611.75	13993.6669921875	2068.416748046875	683.75	
887.3939819335938	851992.	9711.75	13476.0830078125	1784.583374023438	566.8333129882813	
888.6430053710938	889716.	11113.75	15805.25	1601.083374023438	541.75	
889.8909912109375	889236.	7934.	15170.75	1509.416625976563	575.0833129882813	
891.1389770507813	918332.	6106.75	16005.8330078125	1450.916625976563	666.75	
892.3870239257813	886224.	12115.75	15204.25	1667.833374023438	566.9166870117188	
893.635009765625	877580.	28555.75	16198.25	1826.5	450.	
894.8829956054688	902148.	6432.	17400.416015625	1701.25	541.6666870117188	
896.1309814453125	893324.	15347.75	16114.3330078125	2794.75	650.1666870117188	
897.3790283203125	844828.	8485.25	23665.583984375	1676.25	566.8333129882813	
898.6270141601563	853612.875	19609.5	15721.75	1567.833374023438	491.75	
899.875	909116.	18511.	15721.5830078125	1976.5	458.3333435058594	
901.1229858398438	859075.6875	19165.	15872.	1375.916625976563	508.3333435058594	
902.3720092773438	857188.	6833.	15387.75	1968.166625976563	458.4166564941406	
903.6199951171875	872404.	6957.75	20612.083984375	1668.	700.25	
904.8679809570313	870688.	6407.5	16364.4169921875	1567.833374023438	691.9166870117188	
906.1160278320313	863824.	6382.	14870.0830078125	1851.666625976563	683.5	
907.364013671875	859152.	3628.25	17852.75	1417.583374023438	683.5	
908.6119995117188	870024.	11869.5	19618.583984375	1742.916625976563	566.75	
909.8599853515625	981698.9375	34533.75	16649.25	1175.833374023438	750.25	
911.1079711914063	870964.	5706.25	14911.9169921875	15611.5	641.8333129882813	
912.3560180664063	897395.875	3904.	17893.	1234.166625976563	566.75	
913.60400390625	839628.	4705.	15930.1669921875	1935.	466.6666564941406	
914.8519897460938	868496.	4079.25	14820.	1542.75	450.0833435058594	
916.1010131835938	846816.	5931.25	43024.9453125	1209.333374023438	525.0833129882813	
917.3489990234375	827224.	4054.	15229.	1359.166625976563	575.1666870117188	
918.5969848632813	862220.	6031.75	16414.833984375	1509.25	458.4166564941406	
919.844970703125	884548.	7183.25	14544.5	1492.75	625.0833129882813	
921.093017578125	882264.	6882.75	16456.75	1509.5	1067.416625976563	
922.3410034179688	894108.	9436.5	15053.75	1484.25	575.1666870117188	
923.5889892578125	1009493.875	8460.	24320.833984375	1517.583374023438	650.25	
924.8369750976563	870173.625	11616.25	15705.5830078125	1859.75	600.0833129882813	
926.0850219726563	865548.	17629.25	15554.9169921875	3987.75	600.1666870117188	
927.3330078125	884536.	13871.5	14912.3330078125	1726.166625976563	825.4166870117188	
928.5809936523438	840484.	11013.75	16448.416015625	2185.083251953125	475.	
929.8300170898438	920119.4375	17601.75	15070.5830078125	2143.333251953125	650.25	
931.0780029296875	840708.	24799.5	14870.	2719.166748046875	508.3333435058594	
932.3259887695313	835080.	14620.	18070.166015625	1784.583374023438	533.4166870117188	
933.573974609375	812076.	15948.5	14586.3330078125	2335.25	641.75	
934.822021484375	830032.	21558.25	14769.9169921875	2185.166748046875	400.	
936.0700073242188	865800.	32568.75	18019.416015625	2385.333251953125	558.3333129882813	
937.3179931640625	854806.5	81302.453125	15855.4169921875	1784.583374023438	458.5	
938.5659790039063	851824.	32518.25	16957.916015625	2218.5	508.3333435058594	
939.8140258789063	879788.	28830.5	15922.0830078125	2944.75	683.6666870117188	
941.06201171875	882712.	29829.5	18101.916015625	1701.25	741.9166870117188	
942.3099975585938	905840.	36173.	17208.166015625	1868.166625976563	750.1666870117188	
943.5590209960938	909141.	26847.	22666.166015625	3453.916748046875	600.25	
944.8070068359375	903503.6875	13292.25	24988.666015625	1884.75	675.25	
946.0549926757813	886616.	48320.75	17750.833984375	2101.583251953125	583.4166870117188	
947.302978515625	837580.	20080.75	15070.6669921875	1909.916625976563	550.0833129882813	
948.551025390625	983281.75	16274.	14995.25	2477.166748046875	691.8333129882813	
949.7990112304688	854732.6875	35340.25	20286.	1884.916625976563	608.5	
951.0469970703125	895532.	23722.	15821.8330078125	2435.583251953125	616.75	
952.2949829101563	893304.	28291.25	20483.166015625	2518.833251953125	600.1666870117188	
953.5430297851563	889584.	14946.5	15880.1669921875	1659.5	683.5833129882813	
954.791015625	907141.1875	6031.5	27425.916015625	1859.916625976563	441.6666564941406	
956.0390014648438	876808.	17401.25	22046.916015625	2485.416748046875	625.1666870117188	
957.2880249023438	955298.4375	9586.5	16733.	1801.333374023438	550.1666870117188	
958.5360107421875	1157530.5	8059.5	18928.5	1743.083374023438	742.	
959.7839965820313	854760.	20435.5	20982.666015625	1484.333374023438	600.1666870117188	
961.031982421875	993824.25	14047.	15697.	1734.5	550.0833129882813	
962.280029296875	867029.875	5931.25	15471.3330078125	2110.166748046875	633.4166870117188	
963.5280151367188	851992.	11341.5	21209.916015625	1793.083374023438	591.6666870117188	
964.7760009765625	970355.5	12017.25	17602.	1476.083374023438	608.5833129882813	
966.0239868164063	946818.25	47426.	15621.75	1793.	658.5	
967.27197265625	877236.	9787.25	23227.083984375	1943.25	575.0833129882813	
968.52001953125	935380.	10540.	16147.6669921875	1484.333374023438	608.5	
969.7680053710938	1000244.625	5881.25	17818.666015625	1242.583374023438	491.8333435058594	
971.0170288085938	1169849.75	14921.5	14736.5830078125	1417.75	650.25	
972.2650146484375	902085.125	3854.	14904.4169921875	1401.	366.6666564941406	
973.5130004882813	803116.	3703.75	34589.66796875	1484.416625976563	625.0833129882813	
974.760986328125	832948.	6558.5	14870.1669921875	1300.833374023438	491.75	
976.0089721679688	930721.375	3628.5	14452.75	1284.083374023438	716.9166870117188	
977.2570190429688	798272.	1901.5	15196.3330078125	1250.75	566.75	
978.5050048828125	799744.	2577.25	16976.166015625	1517.916625976563	483.3333435058594	
979.7529907226563	786128.	2202.	16140.6669921875	1259.083374023438	633.4166870117188	
981.0009765625	795924.	2527.25	13217.0830078125	1209.166625976563	566.75	
982.2490234375	803548.	2101.75	15078.8330078125	1234.083374023438	633.4166870117188	
983.4970092773438	797172.	2577.25	12900.	1626.166625976563	591.75	
984.7459716796875	809532.	1751.25	14344.25	1317.416625976563	550.0833129882813	
985.9940185546875	804408.	2076.75	12691.5	1309.083374023438	608.5	
987.2420043945313	861691.	2452.25	18123.416015625	1309.25	600.0833129882813	
988.489990234375	795724.	1676.25	14360.9169921875	1200.75	575.1666870117188	
989.7379760742188	799372.	2277.	13092.1669921875	1334.25	683.5	
990.9860229492188	796360.	12098.5	12883.5	1192.416625976563	533.4166870117188	
992.2340087890625	790252.	1701.25	13008.5830078125	1509.333374023438	500.0833435058594	
993.4819946289063	794180.	1851.5	13417.75	1092.333374023438	491.75	
994.72998046875	802204.	1451.	13142.	1351.	625.0833129882813	
995.97802734375	782740.	1801.5	13776.5830078125	1325.916625976563	625.1666870117188	
997.2260131835938	787304.	1776.5	13017.0830078125	1567.833374023438	433.3333435058594	
998.4749755859375	781396.	1251.	14193.9169921875	1275.75	566.75	
