Trace for Mass:	Al27(MR)	Si28(MR)	Ca44(MR)	Fe56(MR)	S32(MR)
Resolution:	Medium	Medium	Medium	Medium	Medium
					
Time	Intensity	Intensity	Intensity	Intensity	Intensity
[sec]	[cps]	[cps]	[cps]	[cps]	[cps]

1.22000002861023	1834.666625976563	851038.	208.3333282470703	1325.916625976563	29476.916015625	
2.437999963760376	1926.5	905589.3125	200.	1184.	27906.833984375	
3.655999898910523	1637.54541015625	846431.25	100.	1158.916625976563	28591.916015625	
4.874000072479248	1584.5	834183.1875	291.75	1200.75	29201.416015625	
6.092000007629395	1191.727294921875	796787.1875	191.6666717529297	2268.666748046875	26010.333984375	
7.309999942779541	3478.833251953125	766438.375	266.6666564941406	4713.16650390625	28896.181640625	
8.529000282287598	2356.54541015625	746783.1875	125.	9086.6669921875	27119.	
9.746999740600586	2192.818115234375	782443.5625	300.0909118652344	20341.833984375	27165.091796875	
10.96500015258789	2238.272705078125	746854.25	250.	6950.41650390625	27219.818359375	
12.18299961090088	3483.39990234375	729289.75	381.9090881347656	8177.33349609375	28239.	
13.40100002288818	2620.54541015625	720179.125	283.3333435058594	6591.08349609375	27612.455078125	
14.61900043487549	3348.54541015625	724872.875	245.4545440673828	7376.16650390625	29934.19921875	
15.83699989318848	3103.583251953125	704744.4375	275.	6666.	28750.599609375	
17.05500030517578	3448.727294921875	636980.8125	250.	6082.16650390625	28630.599609375	
18.27300071716309	2018.25	695442.25	209.0909118652344	4738.41650390625	28520.599609375	
19.49200057983398	2892.699951171875	684938.6875	358.4166564941406	4371.16650390625	29112.30078125	
20.70999908447266	3062.89990234375	659661.3125	281.8181762695313	272726.6875	28510.599609375	
21.92799949645996	2385.333251953125	671894.6875	281.8181762695313	5397.58349609375	28179.900390625	
23.14599990844727	2652.300048828125	669471.125	345.4545593261719	4804.91650390625	27939.099609375	
24.36400032043457	5607.375	690862.25	225.	4529.75	28260.	
25.58200073242188	2638.727294921875	681360.875	391.	7117.75	28560.69921875	
26.79999923706055	2043.416625976563	675979.125	225.	3353.166748046875	27568.099609375	
28.01799964904785	8127.	669043.125	291.6666564941406	4279.33349609375	27979.	
29.23600006103516	2482.199951171875	733520.75	441.6666564941406	31953.90625	27608.599609375	
30.45400047302246	11073.25	689200.875	1951.699951171875	24920.75	27668.19921875	
31.67300033569336	18778.599609375	716589.75	1192.416625976563	31960.	27217.69921875	
32.89099884033203	15422.36328125	692620.	1484.5	124999.3203125	28871.30078125	
34.10900115966797	13755.	699938.25	1159.	22448.083984375	28089.400390625	
35.32699966430664	15339.7275390625	710826.25	942.0833129882813	21186.75	28911.80078125	
36.54499816894531	16655.099609375	710549.3125	700.1818237304688	14127.4169921875	30105.599609375	
37.76300048828125	11504.900390625	699832.4375	725.1666870117188	24249.75	27758.80078125	
38.98099899291992	9495.0830078125	693846.6875	333.3333435058594	11306.5	29022.400390625	
40.19900131225586	7225.	686552.875	533.4166870117188	10557.0830078125	28691.599609375	
41.41699981689453	6179.63623046875	681922.25	509.2727355957031	10690.8330078125	27768.599609375	
42.6349983215332	6016.7001953125	712188.875	475.1666564941406	8702.5830078125	28981.80078125	
43.85400009155273	4863.25	686735.125	358.3333435058594	15369.8330078125	28941.599609375	
45.07199859619141	6891.41650390625	696988.875	909.	35024.25	28891.400390625	
46.29000091552734	16124.	713185.8125	558.3333129882813	21607.083984375	29022.19921875	
47.50799942016602	30260.75	697670.25	767.1666870117188	26699.75	29893.80078125	
48.72600173950195	10563.25	702800.4375	545.6363525390625	39933.16796875	29572.900390625	
49.94400024414063	12852.3330078125	754674.875	500.1666564941406	39817.16796875	29012.5	
51.1619987487793	33222.69921875	1004678.375	475.0833435058594	19070.916015625	29142.69921875	
52.38000106811523	12416.400390625	705422.6875	792.0833129882813	27176.25	29653.900390625	
53.59799957275391	11770.5458984375	737008.875	466.75	19605.916015625	29072.80078125	
54.81700134277344	36520.66796875	699884.	425.0833435058594	15246.75	30095.400390625	
56.03499984741211	15389.599609375	711955.125	742.0833129882813	22468.416015625	29342.80078125	
57.25299835205078	11868.9169921875	740912.4375	533.5	23264.	29192.599609375	
58.47100067138672	15584.111328125	704787.125	458.4166564941406	25945.181640625	28611.	
59.68899917602539	8983.7275390625	715083.125	675.3333129882813	33228.	28130.19921875	
60.90700149536133	6543.9091796875	713695.125	1009.166687011719	27150.416015625	27759.099609375	
62.125	8337.63671875	723102.6875	600.3333129882813	81461.265625	28670.80078125	
63.34299850463867	5976.60009765625	744844.4375	775.8333129882813	14095.	29141.900390625	
64.56099700927734	13591.7998046875	723724.4375	433.4166564941406	18775.5	29282.69921875	
65.77899932861328	6288.818359375	713250.6875	516.9166870117188	12282.9169921875	28992.400390625	
66.99800109863281	4846.58349609375	713597.75	372.7272644042969	15824.3330078125	28571.	
68.21600341796875	8070.39990234375	770903.75	583.5833129882813	11531.75	29022.599609375	
69.43399810791016	3093.818115234375	680696.4375	391.75	10538.5830078125	28019.	
70.65200042724609	7490.	735688.4375	266.6666564941406	12910.25	29553.80078125	
71.87000274658203	9465.900390625	697152.	466.75	13581.6669921875	29343.099609375	
73.08799743652344	5806.41650390625	718777.75	483.3333435058594	26333.5	29523.69921875	
74.30599975585938	9265.9091796875	720838.6875	827.6363525390625	18304.5	29413.30078125	
75.52400207519531	10096.1669921875	713360.4375	691.0908813476563	26484.166015625	29182.69921875	
76.74199676513672	30007.900390625	719619.5625	980.5999755859375	54180.7265625	29363.400390625	
77.95999908447266	13346.818359375	721363.5625	591.9166870117188	21446.166015625	29613.5	
79.17900085449219	11660.4541015625	729804.	900.5833129882813	35557.91796875	28219.80078125	
80.39700317382813	18761.099609375	723186.875	525.0833129882813	22061.666015625	28300.599609375	
81.61499786376953	28232.099609375	730489.75	817.0833129882813	42861.66796875	28882.400390625	
82.83300018310547	14271.75	731764.	708.6666870117188	31630.166015625	29403.69921875	
84.05100250244141	10429.8330078125	715959.25	616.8333129882813	53762.89453125	29262.900390625	
85.26899719238281	15683.2001953125	730509.3125	970.5	55993.42578125	29754.19921875	
86.48699951171875	18415.	758054.25	633.5	294910.9375	28641.30078125	
87.70500183105469	13899.2998046875	732629.3125	950.5	25713.666015625	29162.900390625	
88.92299652099609	12854.25	807898.5	1082.363647460938	23647.333984375	27688.	
90.14199829101563	31738.375	714320.4375	5629.41650390625	33321.2734375	28871.80078125	
91.36000061035156	93560.	734035.5625	817.	17080.166015625	29523.900390625	
92.5780029296875	11069.181640625	755821.3125	1242.5	12910.25	27731.544921875	
93.79599761962891	8093.16650390625	734543.5625	1109.	12950.9169921875	30556.455078125	
95.01399993896484	6598.27294921875	734328.	1301.083374023438	20450.666015625	33839.8984375	
96.23200225830078	3586.833251953125	727601.75	3270.5	20648.583984375	30516.099609375	
97.44999694824219	3203.083251953125	741523.125	2051.916748046875	15740.4169921875	28060.	
98.66799926757813	5030.41650390625	719357.75	1901.5	13487.	32524.19921875	
99.88600158691406	5023.54541015625	753655.125	1328.181762695313	8477.25	33626.30078125	
101.1039962768555	4368.181640625	714958.6875	766.9166870117188	17299.166015625	31007.400390625	
102.322998046875	4877.9091796875	728693.3125	825.3333129882813	11097.9169921875	32643.19921875	
103.5410003662109	5497.66650390625	718580.4375	708.5833129882813	7751.66650390625	30235.30078125	
104.7590026855469	3094.75	737433.3125	783.75	14509.0830078125	31099.	
105.9769973754883	3713.699951171875	721651.5625	1125.833374023438	12565.25	28701.400390625	
107.1949996948242	4182.	729311.125	758.75	7184.5	30014.900390625	
108.4130020141602	3062.89990234375	721672.875	591.	29373.416015625	29754.5	
109.6309967041016	2702.333251953125	748501.75	433.3333435058594	47197.91796875	30847.	
110.8489990234375	9818.8330078125	736153.3125	554.727294921875	49905.41796875	29102.099609375	
112.0670013427734	30214.63671875	730165.3125	627.3636474609375	48325.5	31349.	
113.2850036621094	24487.5	752267.5625	1551.25	41067.41796875	29152.599609375	
114.5039978027344	30745.	759154.25	1092.333374023438	45327.33203125	30205.69921875	
115.7220001220703	24960.833984375	757474.375	666.8333129882813	38316.	29263.099609375	
116.9400024414063	32692.80078125	769376.	910.4000244140625	40976.91796875	27729.	
118.1579971313477	26045.400390625	829297.75	1000.5	56873.08203125	30806.80078125	
119.3759994506836	34136.91796875	750755.125	1501.333374023438	48301.34765625	28177.818359375	
120.5940017700195	19789.833984375	840562.8125	808.6666870117188	31143.666015625	28641.80078125	
121.8119964599609	15021.4169921875	727772.4375	700.1818237304688	57341.35546875	29694.69921875	
123.0299987792969	42040.30078125	734055.125	809.5454711914063	46403.25	29532.900390625	
124.2480010986328	7742.66650390625	743387.5625	509.3636474609375	28390.666015625	28350.19921875	
125.4660034179688	20328.099609375	843864.375	558.4166870117188	16566.333984375	29112.5	
126.6849975585938	48460.1015625	1067858.375	633.75	15325.9169921875	29082.400390625	
127.9029998779297	13290.900390625	703285.75	836.8181762695313	11549.1669921875	29433.69921875	
129.1210021972656	5364.08349609375	812668.0625	491.75	13464.5	29042.19921875	
130.3390045166016	6165.16650390625	717526.25	630.2000122070313	13196.1669921875	29684.099609375	
131.5570068359375	4738.16650390625	766432.75	375.	9011.1669921875	30435.900390625	
132.7749938964844	5624.45458984375	774917.875	636.8181762695313	9713.	29563.69921875	
133.9929962158203	6237.2001953125	735354.25	508.3333435058594	9855.75	29222.900390625	
135.2109985351563	6474.22216796875	759987.5625	658.5833129882813	6123.75	29453.80078125	
136.4290008544922	3433.5	763813.75	481.9090881347656	25691.166015625	29313.30078125	
137.6479949951172	3695.416748046875	783449.5625	491.75	4596.41650390625	30064.900390625	
138.8659973144531	5549.91650390625	749309.3125	516.8333129882813	5130.83349609375	28099.400390625	
140.0839996337891	2828.083251953125	774235.125	583.5833129882813	8036.08349609375	29303.099609375	
141.302001953125	13935.2001953125	869500.875	566.8333129882813	3603.5	29844.400390625	
142.5200042724609	2822.800048828125	870321.3125	525.	24336.943359375	28931.80078125	
143.7380065917969	2135.666748046875	807370.9375	630.2999877929688	11758.	30125.30078125	
144.9559936523438	3383.10009765625	855400.6875	500.1666564941406	2710.666748046875	27989.599609375	
146.1739959716797	3103.	819655.5625	425.	2627.416748046875	29483.5	
147.3919982910156	1974.181762695313	808774.25	870.5999755859375	2994.5	30295.599609375	
148.6100006103516	3559.22216796875	789060.75	500.0833435058594	3061.166748046875	29563.19921875	
149.8289947509766	6042.5556640625	812735.125	425.0833435058594	4237.66650390625	29453.30078125	
151.0469970703125	2356.636474609375	762381.3125	416.75	46017.2421875	28901.69921875	
152.2649993896484	3021.272705078125	756151.5625	533.4166870117188	3962.333251953125	30475.80078125	
153.4830017089844	2542.300048828125	856195.25	325.0833435058594	4988.66650390625	29634.	
154.7010040283203	2812.60009765625	752632.	350.	5390.08349609375	28801.69921875	
155.9190063476563	3645.416748046875	743324.	333.3333435058594	4421.33349609375	28470.900390625	
157.1369934082031	3113.199951171875	757626.5	363.6363525390625	5873.66650390625	29643.5	
158.3549957275391	2538.636474609375	767976.	381.9090881347656	13132.	29644.099609375	
159.572998046875	4213.36376953125	775848.	381.8181762695313	23948.75	29142.69921875	
160.7910003662109	11125.2001953125	761049.75	333.3333435058594	12483.25	26300.63671875	
162.0099945068359	8938.36328125	763735.125	309.0909118652344	24169.666015625	28460.80078125	
163.2279968261719	13178.2001953125	736942.25	341.75	25505.	29253.19921875	
164.4459991455078	16690.5	748024.	383.3333435058594	19789.833984375	28781.400390625	
165.6640014648438	8443.75	767548.	558.5833129882813	19663.75	28731.599609375	
166.8820037841797	30555.	743522.25	250.	31754.583984375	30295.	
168.1000061035156	9165.7275390625	755592.625	400.	48526.49609375	30024.900390625	
169.3179931640625	9466.818359375	760735.5625	416.6666564941406	15146.8330078125	30185.400390625	
170.5359954833984	9492.	744141.3125	500.0833435058594	17217.916015625	30405.5	
171.7539978027344	11104.111328125	760829.75	341.6666564941406	15098.9169921875	31107.400390625	
172.9730072021484	16873.888671875	765509.3125	283.3333435058594	12041.4169921875	28811.5	
174.1909942626953	6407.36376953125	750407.125	400.0833435058594	9737.5	29974.80078125	
175.4089965820313	7008.60009765625	760217.75	283.3333435058594	10748.0830078125	28390.099609375	
176.6269989013672	7846.181640625	806831.	350.	7825.91650390625	29423.400390625	
177.8450012207031	4324.39990234375	736585.75	333.3333435058594	7208.58349609375	28821.69921875	
179.0630035400391	4324.39990234375	742764.4375	308.3333435058594	8628.3330078125	28250.400390625	
180.281005859375	4054.199951171875	727909.3125	275.	10561.	28911.900390625	
181.4989929199219	4434.60009765625	782570.3125	320.1000061035156	5923.16650390625	29914.30078125	
182.7169952392578	7661.5	741213.5	354.5454406738281	5814.91650390625	28260.455078125	
183.9349975585938	5462.111328125	728671.5625	263.6363525390625	4588.16650390625	30385.69921875	
185.1540069580078	4851.181640625	729500.	263.6363525390625	4769.181640625	29232.900390625	
186.3719940185547	1601.25	734684.875	650.3333129882813	8872.4169921875	31268.5	
187.5899963378906	3733.699951171875	775657.3125	1742.916625976563	9888.25	30025.099609375	
188.8079986572266	6082.16650390625	746778.6875	1960.	9720.25	28721.5	
190.0260009765625	6407.27294921875	796082.6875	2460.5	13344.0830078125	31981.5	
191.2440032958984	8801.	729200.875	2026.666625976563	13152.0830078125	28661.599609375	
192.4620056152344	6332.16650390625	753567.125	2256.363525390625	10680.1669921875	28761.400390625	
193.6799926757813	5788.0908203125	742960.	1937.818237304688	11506.8330078125	29212.400390625	
194.8979949951172	6076.60009765625	774367.5625	1576.166625976563	16154.5830078125	29192.400390625	
196.1159973144531	5915.72705078125	763951.5625	1500.916625976563	7300.16650390625	29893.80078125	
197.3350067138672	5806.39990234375	761070.25	1459.416625976563	14900.75	29443.19921875	
198.5529937744141	4271.08349609375	753895.125	1419.181762695313	7342.25	29282.400390625	
199.77099609375	3570.083251953125	720868.	1033.75	5472.58349609375	28761.099609375	
200.9889984130859	3721.727294921875	846402.25	1591.300048828125	6307.16650390625	29443.099609375	
202.2070007324219	5383.66650390625	763649.8125	817.0833129882813	4529.58349609375	28671.30078125	
203.4250030517578	4925.39990234375	743337.3125	627.5454711914063	5848.33349609375	28841.5	
204.6430053710938	1693.	732326.6875	558.4166870117188	4437.91650390625	30877.69921875	
205.8609924316406	3503.363525390625	752821.75	708.6666870117188	5030.5	29804.30078125	
207.0789947509766	3075.636474609375	744835.5625	408.4166564941406	4054.166748046875	29473.400390625	
208.2980041503906	5758.5	754508.4375	425.	4454.66650390625	29223.19921875	
209.5160064697266	3687.166748046875	792751.5625	527.3636474609375	4137.5	29373.19921875	
210.7339935302734	2757.	780925.375	830.5	6015.	29373.099609375	
211.9519958496094	5251.181640625	746717.875	358.3333435058594	4996.91650390625	28831.69921875	
213.1699981689453	4237.66650390625	759280.	700.272705078125	5948.25	29904.	
214.3880004882813	6474.5	768342.6875	358.3333435058594	6465.83349609375	28942.099609375	
215.6060028076172	7128.2998046875	757938.6875	683.6666870117188	8603.25	29503.	
216.8240051269531	6835.181640625	740951.5625	425.0833435058594	27394.666015625	29122.099609375	
218.0420074462891	10975.	760157.6875	475.0833435058594	7876.	29081.80078125	
219.2599945068359	6857.75	791829.75	500.0909118652344	5597.91650390625	29413.19921875	
220.47900390625	8179.89990234375	874579.1875	483.5	12353.75	29533.69921875	
221.6970062255859	7088.7998046875	921147.9375	436.4545593261719	151722.4375	30917.30078125	
222.9149932861328	6780.818359375	762186.25	418.1818237304688	9653.75	29433.	
224.1329956054688	11465.400390625	781301.3125	458.4166564941406	10772.1669921875	28169.900390625	
225.3509979248047	9361.7001953125	804244.4375	375.	11773.5	30395.69921875	
226.5690002441406	12258.2998046875	779479.125	541.8333129882813	12885.5	29874.	
227.7870025634766	18650.666015625	776948.4375	518.272705078125	11640.25	30495.69921875	
229.0050048828125	11269.5458984375	941342.125	391.6666564941406	12116.	30916.80078125	
230.2230072021484	10167.5458984375	777189.75	445.6363525390625	12869.5	29834.30078125	
231.4409942626953	11575.7998046875	785260.	400.0833435058594	11283.75	30616.19921875	
232.6600036621094	6615.66650390625	787044.	400.	8126.33349609375	29223.099609375	
233.8780059814453	6256.83349609375	787454.6875	383.4166564941406	10757.4169921875	29172.69921875	
235.0959930419922	5756.25	804106.0625	250.	11945.0830078125	28461.099609375	
236.3139953613281	6036.7001953125	779899.5	333.3333435058594	12664.	29021.900390625	
237.5319976806641	7144.818359375	774000.875	458.4166564941406	8026.33349609375	29372.69921875	
238.75	4434.60009765625	779591.125	354.5454406738281	13954.6669921875	29263.30078125	
239.9680023193359	2201.75	806172.4375	363.6363525390625	9279.25	29974.80078125	
241.1860046386719	4664.89990234375	811915.125	333.3333435058594	9303.5	29944.900390625	
242.4040069580078	3175.818115234375	799497.3125	316.6666564941406	7760.41650390625	29523.19921875	
243.6230010986328	3593.60009765625	778319.125	541.8333129882813	18529.	28931.69921875	
244.8410034179688	3233.199951171875	795256.875	400.0909118652344	4946.91650390625	28982.	
246.0590057373047	3863.	818837.75	433.3333435058594	6365.91650390625	29764.400390625	
247.2769927978516	3225.333251953125	789534.25	409.0909118652344	6666.75	28711.5	
248.4949951171875	2329.363525390625	777368.875	536.5454711914063	5673.	30576.80078125	
249.7129974365234	2992.60009765625	781525.3125	300.	10899.5830078125	29433.400390625	
250.9309997558594	4575.10009765625	785240.	383.3333435058594	5055.33349609375	31398.80078125	
252.1490020751953	1951.5	793228.875	418.2727355957031	6557.25	29583.599609375	
253.3670043945313	3136.333251953125	796480.875	383.3333435058594	11792.9169921875	29753.69921875	
254.5850067138672	4588.	813741.25	391.75	7875.91650390625	31258.30078125	
255.8040008544922	5796.5	791130.6875	466.6666564941406	12584.5	29844.400390625	
257.0220031738281	5015.2998046875	845398.25	436.4545593261719	9270.3330078125	29724.400390625	
258.239990234375	5278.36376953125	813913.75	400.0833435058594	22636.666015625	29082.30078125	
259.4580078125	4877.9091796875	793149.3125	400.	13514.2724609375	29834.599609375	
260.6759948730469	9050.2724609375	851838.25	436.4545593261719	6307.	29072.599609375	
261.8940124511719	5025.39990234375	808623.125	300.	15960.0830078125	28761.400390625	
263.1119995117188	3130.363525390625	793196.75	463.8181762695313	43735.328125	29704.5	
264.3299865722656	5035.89990234375	783374.	425.	3787.083251953125	30415.5	
265.5480041503906	2492.10009765625	872210.5	390.	4646.58349609375	30104.900390625	
266.7659912109375	3303.22216796875	761189.75	572.9091186523438	3561.666748046875	28180.	
267.9849853515625	2041.599975585938	834842.6875	350.	4730.33349609375	29413.900390625	
269.2030029296875	2021.400024414063	857464.875	500.0909118652344	5022.58349609375	28551.099609375	
270.4209899902344	2302.	805441.125	563.8181762695313	7945.91650390625	29774.19921875	
271.6390075683594	1510.090942382813	818893.3125	727.5454711914063	6107.	29162.19921875	
272.8569946289063	2592.199951171875	833270.25	973.1818237304688	6415.58349609375	29162.19921875	
274.0750122070313	4377.0908203125	850351.125	550.0833129882813	8034.5	28952.30078125	
275.2929992675781	8069.7998046875	861377.3125	783.75	7617.25	28250.19921875	
276.510986328125	10748.3330078125	826367.125	400.0833435058594	9311.3330078125	28881.80078125	
277.72900390625	9221.2998046875	806976.875	708.6666870117188	10964.25	29433.30078125	
278.947998046875	15377.75	865183.6875	600.1666870117188	10855.8330078125	30606.099609375	
280.1659851074219	14741.7001953125	829198.25	800.3333129882813	10905.5	30245.30078125	
281.3840026855469	11174.599609375	858313.1875	508.3333435058594	10697.6669921875	30014.5	
282.6019897460938	10643.7001953125	848927.6875	545.5454711914063	11124.	28961.80078125	
283.8200073242188	7558.66650390625	830493.3125	645.6363525390625	11344.8330078125	28711.	
285.0379943847656	4722.16650390625	805055.5625	700.272705078125	7408.66650390625	29222.80078125	
286.2560119628906	7098.5	829811.5625	525.0833129882813	6474.08349609375	28430.900390625	
287.4739990234375	5496.9091796875	825583.125	618.4545288085938	5547.83349609375	30967.900390625	
288.6919860839844	2761.	807857.3125	627.5454711914063	5497.58349609375	29323.19921875	
289.9100036621094	4965.2998046875	795188.875	700.1818237304688	5222.25	30275.599609375	
291.1289978027344	4064.10009765625	802000.	480.2000122070313	3887.166748046875	29553.80078125	
292.3469848632813	3594.363525390625	791220.4375	308.3333435058594	3803.75	31469.30078125	
293.5650024414063	2948.45458984375	797710.25	391.75	14727.3330078125	29302.599609375	
294.7829895019531	3576.363525390625	771501.3125	567.	50510.78125	29815.099609375	
296.0010070800781	3962.75	773712.875	400.	7544.25	29593.80078125	
297.218994140625	3381.111083984375	779876.4375	316.6666564941406	18912.333984375	29624.400390625	
298.43701171875	1793.	766320.875	508.3333435058594	5758.58349609375	29232.400390625	
299.6549987792969	2532.39990234375	779050.6875	375.	3278.083251953125	29743.80078125	
300.8729858398438	2065.272705078125	827283.1875	466.6666564941406	4045.75	29242.19921875	
302.0910034179688	2930.	832182.0625	525.0833129882813	4921.83349609375	29874.400390625	
303.3099975585938	6929.	797064.875	583.5	8168.5	29372.900390625	
304.5280151367188	8588.77734375	793525.3125	900.5	8593.6669921875	29844.5	
305.7460021972656	6762.36376953125	844988.	741.9166870117188	17681.25	29964.400390625	
306.9639892578125	8620.400390625	808924.4375	675.25	19099.916015625	29834.400390625	
308.1820068359375	8977.5830078125	852337.375	1210.800048828125	14586.8330078125	29904.5	
309.3999938964844	8470.	836567.125	591.9166870117188	14687.75	30095.	
310.6180114746094	9666.7275390625	820864.	808.6666870117188	12141.0830078125	30316.099609375	
311.8359985351563	9120.2724609375	835366.9375	854.9091186523438	16044.25	29353.099609375	
313.0539855957031	8446.4541015625	797126.8125	609.272705078125	18035.833984375	30005.19921875	
314.2730102539063	6634.72705078125	779804.4375	333.3333435058594	14471.1669921875	30957.69921875	
315.4909973144531	11097.63671875	780513.75	516.8333129882813	14128.25	30115.599609375	
316.7090148925781	10524.5	876624.3125	566.8333129882813	12516.6669921875	28831.5	
317.927001953125	7526.9091796875	764684.4375	845.9091186523438	30617.896484375	29523.80078125	
319.1449890136719	14007.400390625	785218.6875	625.25	19116.083984375	29523.900390625	
320.3630065917969	6161.36376953125	772619.5625	641.8333129882813	20934.166015625	28501.099609375	
321.5809936523438	10614.7998046875	800088.875	466.8333435058594	12200.	28420.80078125	
322.7990112304688	7809.39990234375	773408.875	454.6363525390625	15570.	29905.099609375	
324.0169982910156	5639.41650390625	776510.25	575.0833129882813	8151.16650390625	29534.099609375	
325.2349853515625	6891.33349609375	828210.4375	792.	13595.1669921875	29402.900390625	
326.4540100097656	7829.2998046875	791008.875	692.	12652.5	29834.	
327.6719970703125	11736.181640625	779637.4375	792.1666870117188	12367.9169921875	28510.80078125	
328.8900146484375	8281.	793755.5625	509.1818237304688	14022.4169921875	29753.900390625	
330.1080017089844	6875.	781844.4375	491.75	13680.3330078125	29393.19921875	
331.3259887695313	10715.8330078125	791873.75	842.	12985.5	30064.400390625	
332.5440063476563	13944.599609375	800104.4375	1128.	14388.3330078125	31650.30078125	
333.7619934082031	31486.5	803456.875	1857.333374023438	9653.4169921875	30396.	
334.9800109863281	6365.5	800502.375	591.8333129882813	9812.5830078125	30355.400390625	
336.197998046875	28958.193359375	808625.75	842.	14129.0830078125	29593.69921875	
337.4159851074219	4887.181640625	796103.75	1518.166625976563	26512.041015625	28842.	
338.635009765625	2961.25	806975.375	483.5833435058594	41981.99609375	29253.	
339.8529968261719	4688.5	743715.5625	767.1666870117188	18903.583984375	29302.900390625	
341.0710144042969	4321.25	746739.5625	400.0833435058594	14944.5	48707.66796875	
342.2890014648438	13392.625	782177.3125	241.6666717529297	8586.	29232.80078125	
343.5069885253906	8921.818359375	758593.75	500.1000061035156	12878.75	29995.19921875	
344.7250061035156	5166.2001953125	738293.3125	325.	17252.5	28811.5	
345.9429931640625	6449.41650390625	741031.5625	208.3333282470703	15617.2724609375	29313.19921875	
347.1610107421875	4394.89990234375	733193.75	450.1666564941406	8360.4169921875	28852.30078125	
348.3789978027344	4187.83349609375	747828.4375	254.6363677978516	7409.	29794.099609375	
349.5969848632813	4094.199951171875	750819.125	409.1818237304688	21531.900390625	29794.69921875	
350.8160095214844	2502.416748046875	732455.125	336.3636474609375	9531.5	28892.30078125	
352.0339965820313	3570.166748046875	718049.75	309.0909118652344	9155.8330078125	28149.900390625	
353.2520141601563	4504.63623046875	781072.1875	366.6666564941406	7300.33349609375	28019.19921875	
354.4700012207031	14469.75	714998.25	336.3636474609375	9145.5830078125	29544.69921875	
355.68798828125	5378.54541015625	730356.4375	383.3333435058594	10005.25	28601.099609375	
356.906005859375	4577.45458984375	743552.875	275.	8193.4169921875	29533.80078125	
358.1239929199219	6589.27294921875	708260.4375	309.0909118652344	10956.5830078125	29684.400390625	
359.3420104980469	6224.5	719889.3125	341.6666564941406	10313.0830078125	29313.30078125	
360.5599975585938	5865.5	718904.875	466.75	19750.833984375	28551.30078125	
361.7789916992188	12890.2001953125	735853.3125	583.5	27774.583984375	28971.80078125	
362.9970092773438	10834.099609375	737731.125	809.5454711914063	38704.83203125	30377.	
364.2149963378906	12514.9169921875	752007.3125	710.2999877929688	17510.5	28400.900390625	
365.4330139160156	13839.181640625	701686.25	1173.45458984375	19900.666015625	29333.099609375	
366.6510009765625	11135.2001953125	730682.6875	583.5833129882813	14370.3330078125	29132.400390625	
367.8689880371094	8881.2001953125	704909.3125	908.9166870117188	16717.916015625	28651.5	
369.0870056152344	10458.6669921875	728816.4375	509.1818237304688	15632.6669921875	27097.400390625	
370.3049926757813	6799.58349609375	731424.875	645.6363525390625	10613.9169921875	29433.099609375	
371.5230102539063	6537.39990234375	721080.875	658.5833129882813	11690.5	28330.400390625	
372.7409973144531	5915.63623046875	685444.	518.272705078125	9512.5	30506.099609375	
373.9599914550781	6741.33349609375	709332.	845.9091186523438	183969.671875	29824.5	
375.1780090332031	7081.181640625	705900.4375	563.727294921875	11892.0830078125	29403.599609375	
376.39599609375	19378.111328125	690024.875	341.6666564941406	27127.083984375	27919.400390625	
377.614013671875	8243.6669921875	705529.75	391.6666564941406	50284.75390625	28972.30078125	
378.8320007324219	15108.5556640625	736795.5625	454.7272644042969	27098.333984375	28330.5	
380.0499877929688	16097.3330078125	713556.4375	358.4166564941406	55621.	28771.599609375	
381.2680053710938	9921.75	719609.3125	409.1818237304688	19784.75	29894.900390625	
382.4859924316406	9028.75	721410.25	9760.0830078125	37670.91796875	28682.099609375	
383.7040100097656	17158.666015625	708329.75	382.	13764.5830078125	29663.80078125	
384.9219970703125	22281.80078125	725621.125	425.0833435058594	16010.	29403.69921875	
386.1409912109375	41981.09765625	756346.25	283.3333435058594	12627.3330078125	29774.30078125	
387.3590087890625	5582.75	724349.	410.	12046.181640625	28009.900390625	
388.5769958496094	6938.39990234375	715196.875	381.9090881347656	9261.5830078125	29062.69921875	
389.7950134277344	14490.111328125	710056.875	291.6666564941406	13028.36328125	28641.099609375	
391.0130004882813	44299.	861360.9375	400.0833435058594	7934.83349609375	27879.400390625	
392.2309875488281	4329.66650390625	708980.875	391.	9683.3330078125	29102.30078125	
393.4490051269531	4827.4443359375	710156.4375	445.5454406738281	5323.25	28812.19921875	
394.6669921875	3503.583251953125	688876.4375	245.4545440673828	4021.166748046875	28892.5	
395.885009765625	1642.916625976563	707545.75	372.7272644042969	9701.6669921875	28591.30078125	
397.10400390625	2010.54541015625	689576.875	358.3333435058594	5288.	29854.5	
398.3219909667969	2847.	687131.125	430.1000061035156	9000.1669921875	29273.	
399.5400085449219	1584.5	707342.25	258.3333435058594	4004.75	29573.900390625	
400.7579956054688	2384.181884765625	696763.5625	258.3333435058594	2001.583374023438	28380.400390625	
401.9760131835938	2291.	706623.125	225.	2952.666748046875	28962.19921875	
403.1940002441406	4826.	702819.125	191.6666717529297	1909.833374023438	29342.900390625	
404.4119873046875	2102.75	691617.75	175.	2176.75	28611.30078125	
405.6300048828125	925.6666870117188	706005.3125	241.6666717529297	2585.916748046875	28901.900390625	
406.8479919433594	2494.583251953125	690916.4375	309.1818237304688	2260.166748046875	29202.900390625	
408.0660095214844	958.9166870117188	679606.6875	309.0909118652344	19221.984375	29273.19921875	
409.2850036621094	991.3636474609375	677509.75	375.	2035.	28460.900390625	
410.5029907226563	791.9166870117188	691836.4375	200.	2485.666748046875	29754.099609375	
411.7210083007813	2011.599975585938	690108.4375	409.1818237304688	3428.416748046875	28260.69921875	
412.9389953613281	3248.54541015625	677902.6875	330.	5172.58349609375	27748.900390625	
414.1570129394531	2202.083251953125	692243.5625	181.8181762695313	8262.0830078125	28420.19921875	
415.375	7298.60009765625	686308.4375	241.6666717529297	5756.41650390625	28621.400390625	
416.5929870605469	6415.58349609375	688601.75	375.0833435058594	6641.08349609375	28230.69921875	
417.8110046386719	4947.	689867.5625	290.9090881347656	8886.9169921875	29012.5	
419.0289916992188	5688.0908203125	704216.	463.7272644042969	7091.5	29584.19921875	
420.2470092773438	18650.599609375	704046.25	391.	7834.41650390625	29333.19921875	
421.4660034179688	8453.5	713074.6875	925.75	8677.	28771.19921875	
422.6839904785156	7528.7001953125	709869.75	333.3333435058594	13101.75	30656.80078125	
423.9020080566406	10048.9091796875	696905.3125	425.0833435058594	8635.3330078125	28842.30078125	
425.1199951171875	9582.099609375	718838.6875	483.3333435058594	13062.25	29965.	
426.3380126953125	15185.599609375	714108.875	950.5833129882813	14654.25	29393.099609375	
427.5559997558594	9060.7998046875	703248.4375	808.6666870117188	17169.166015625	32261.80078125	
428.7739868164063	11565.900390625	715525.9375	917.0833129882813	11514.9169921875	30015.30078125	
429.9920043945313	9241.400390625	706044.4375	1437.363647460938	10780.3330078125	29072.599609375	
431.2099914550781	7344.9091796875	694592.875	842.1666870117188	10422.6669921875	28651.80078125	
432.4289855957031	6127.	704572.4375	1036.909057617188	8936.1669921875	30064.900390625	
433.6470031738281	6206.89990234375	696163.5625	1091.636352539063	9395.	29724.30078125	
434.864990234375	8522.888671875	694522.25	808.6666870117188	5797.91650390625	29162.400390625	
436.0830078125	4935.	689803.125	1391.909057617188	9613.	28380.599609375	
437.3009948730469	5195.7001953125	702751.125	1109.727294921875	11554.4169921875	28611.19921875	
438.5190124511719	5756.89990234375	696439.5625	691.8333129882813	4696.66650390625	28531.099609375	
439.7369995117188	3567.0908203125	690447.125	509.2727355957031	5356.08349609375	29654.19921875	
440.9549865722656	3163.10009765625	682654.6875	666.8333129882813	3645.166748046875	28982.30078125	
442.1730041503906	3375.9091796875	694242.25	764.	3853.916748046875	28570.900390625	
443.3909912109375	2438.363525390625	714315.125	1059.166625976563	3470.	27940.	
444.6099853515625	3057.363525390625	680217.3125	366.75	5189.08349609375	29032.69921875	
445.8280029296875	2966.363525390625	668693.75	510.1000061035156	3228.166748046875	28501.	
447.0459899902344	2365.636474609375	675878.6875	327.2727355957031	4004.	28531.30078125	
448.2640075683594	3492.666748046875	684945.75	408.4166564941406	4221.08349609375	28902.19921875	
449.4819946289063	2572.300048828125	688940.875	216.6666717529297	3787.	29673.80078125	
450.7000122070313	2432.10009765625	671462.6875	275.	6358.	29533.5	
451.9179992675781	5151.4443359375	691627.125	333.3333435058594	14362.0830078125	29493.69921875	
453.135986328125	3876.727294921875	689765.3125	450.0833435058594	9696.0830078125	27929.400390625	
454.35400390625	8300.7275390625	697238.6875	518.272705078125	13977.4169921875	30275.5	
455.5719909667969	16516.19921875	695804.4375	490.9090881347656	19777.5	29654.19921875	
456.7909851074219	9938.0830078125	706758.6875	636.5454711914063	20853.416015625	28801.900390625	
458.0090026855469	11698.4541015625	700878.6875	527.272705078125	14896.0830078125	30636.400390625	
459.2269897460938	14882.900390625	696508.	650.1666870117188	13268.	29614.19921875	
460.4450073242188	8474.0908203125	700854.6875	508.4166564941406	16149.0830078125	28109.900390625	
461.6629943847656	7619.33349609375	724335.125	636.6363525390625	12358.0830078125	28932.19921875	
462.8810119628906	7945.72705078125	720677.75	491.75	15141.1669921875	29433.69921875	
464.0989990234375	5114.36376953125	722366.6875	525.1666870117188	10747.5830078125	28942.	
465.3169860839844	6547.39990234375	706075.5625	780.2999877929688	8786.1669921875	30656.400390625	
466.5350036621094	5345.7001953125	706537.75	425.1666564941406	7350.33349609375	29593.69921875	
467.7539978027344	3720.25	699281.3125	416.6666564941406	6791.	29253.099609375	
468.9719848632813	10553.125	700889.3125	241.6666717529297	5272.25	30285.69921875	
470.1900024414063	2585.583251953125	721328.4375	418.2727355957031	9429.25	28411.	
471.4079895019531	8650.75	716632.4375	216.6666717529297	5097.58349609375	29624.099609375	
472.6260070800781	11919.5	692796.4375	208.3333282470703	5122.5	28601.400390625	
473.843994140625	4625.10009765625	693925.75	291.6666564941406	19159.099609375	29001.900390625	
475.06201171875	2982.800048828125	701160.875	266.75	4237.58349609375	30125.5	
476.2799987792969	4104.66650390625	691558.25	363.7272644042969	19872.	28581.30078125	
477.4979858398438	3376.	701588.4375	241.6666717529297	5313.91650390625	28891.900390625	
478.7160034179688	2975.45458984375	696005.75	300.	5648.16650390625	30125.30078125	
479.9349975585938	3854.166748046875	698020.4375	316.75	6190.41650390625	29263.5	
481.1530151367188	3069.416748046875	690588.875	350.	5881.33349609375	28240.5	
482.3710021972656	4649.5556640625	697042.25	318.1818237304688	4896.75	29173.5	
483.5889892578125	3959.4443359375	685913.75	266.6666564941406	6599.66650390625	28962.19921875	
484.8070068359375	2784.272705078125	703981.75	291.6666564941406	5055.5	28540.900390625	
486.0249938964844	4154.2001953125	691320.	383.4166564941406	24473.416015625	29794.599609375	
487.2430114746094	3022.60009765625	699203.125	283.3333435058594	5731.25	28200.099609375	
488.4609985351563	2842.60009765625	702570.25	300.0909118652344	7684.41650390625	28691.	
489.6789855957031	2762.300048828125	695445.75	245.4545440673828	4112.5	29413.599609375	
490.8970031738281	2875.181884765625	698364.875	266.6666564941406	6933.66650390625	27368.099609375	
492.1159973144531	2493.666748046875	685480.875	300.0833435058594	7000.	28531.19921875	
493.3340148925781	4725.	685475.5625	327.2727355957031	4838.41650390625	29443.80078125	
494.552001953125	7631.77783203125	701361.75	341.6666564941406	10583.6669921875	29804.599609375	
495.7699890136719	4140.45458984375	700415.125	870.5	7458.83349609375	29544.19921875	
496.9880065917969	5923.83349609375	689035.5625	225.	19274.818359375	28721.400390625	
498.2059936523438	7493.16650390625	701899.5625	266.6666564941406	5439.25	28921.19921875	
499.4240112304688	5306.0908203125	694383.5625	441.75	19454.166015625	29222.80078125	
500.6419982910156	4971.888671875	687327.5625	483.4166564941406	6649.66650390625	28340.599609375	
501.8599853515625	3987.25	707833.75	773.272705078125	7117.	28712.19921875	
503.0780029296875	5005.58349609375	699177.75	391.6666564941406	10383.5830078125	30084.599609375	
504.2969970703125	7085.58349609375	705858.25	660.2999877929688	11880.6669921875	29613.900390625	
505.5150146484375	5060.181640625	712029.75	416.6666564941406	13889.4169921875	29534.099609375	
506.7330017089844	4395.36376953125	705144.	782.1818237304688	7751.16650390625	29804.5	
507.9509887695313	6633.75	714539.5625	427.3636474609375	10806.6669921875	29874.099609375	
509.1690063476563	5306.08349609375	696148.	430.1000061035156	10247.	29122.900390625	
510.3869934082031	3453.583251953125	702749.75	536.4545288085938	10347.	28520.900390625	
511.6050109863281	5289.25	727696.4375	441.6666564941406	12425.3330078125	29322.900390625	
512.822998046875	7398.7998046875	706554.6875	750.5	11381.9169921875	28401.	
514.041015625	25269.25	713094.25	809.6363525390625	12116.5	28821.400390625	
515.260009765625	9002.63671875	712230.25	583.5	14859.25	30526.	
516.47802734375	4529.66650390625	722068.4375	700.2999877929688	15647.6669921875	29694.099609375	
517.6959838867188	13987.4443359375	702743.125	608.5833129882813	13822.1669921875	29995.69921875	
518.9140014648438	13504.75	716640.	725.4166870117188	22759.25	29383.5	
520.1320190429688	5113.66650390625	720626.6875	483.4166564941406	15584.6669921875	29564.	
521.3499755859375	20662.111328125	718367.125	436.3636474609375	13844.5	28059.900390625	
522.5679931640625	13300.2998046875	711232.4375	700.1818237304688	26131.833984375	30667.	
523.7860107421875	8676.5458984375	728624.	491.0909118652344	17412.5	30114.900390625	
525.0040283203125	10564.099609375	713704.	673.0908813476563	13388.3330078125	31358.5	
526.2219848632813	4638.08349609375	722188.4375	509.2727355957031	9912.4169921875	31178.5	
527.4409790039063	7233.83349609375	734733.75	575.1666870117188	12817.9169921875	28882.	
528.6589965820313	4304.66650390625	730193.75	408.3333435058594	19541.416015625	29764.400390625	
529.8770141601563	18929.5	739054.6875	600.1666870117188	31423.666015625	30365.69921875	
531.094970703125	30110.5	784726.6875	1146.181762695313	173485.96875	30536.400390625	
532.31298828125	109749.359375	773395.5	1192.333374023438	63921.	29513.	
533.531005859375	59373.91015625	763534.6875	1059.	62874.58203125	29925.19921875	
534.7490234375	135529.625	798384.4375	1109.727294921875	75931.9140625	29303.	
535.9669799804688	64266.80078125	781026.6875	1931.5	55882.75	30095.19921875	
537.1849975585938	37494.546875	817285.75	927.8181762695313	72832.0859375	29433.19921875	
538.4030151367188	58411.	785627.0625	967.25	47820.41796875	30456.	
539.6220092773438	29075.7265625	731520.	936.9091186523438	45877.58203125	29904.599609375	
540.8400268554688	35305.2734375	733105.3125	792.0833129882813	36542.33203125	30476.099609375	
542.0579833984375	25060.666015625	743627.9375	658.5	47580.	28942.80078125	
543.2760009765625	26631.	725377.75	645.727294921875	50709.08203125	29604.30078125	
544.4940185546875	16952.36328125	739015.5625	691.1818237304688	40777.58203125	29624.	
545.7119750976563	24491.544921875	734308.125	758.75	38096.75	29754.30078125	
546.9299926757813	17117.544921875	720928.	508.4166564941406	21048.333984375	29763.80078125	
548.1480102539063	17678.63671875	756807.1875	466.6666564941406	32089.5	29313.400390625	
549.3660278320313	17210.166015625	716855.125	408.4166564941406	18772.916015625	30396.099609375	
550.5850219726563	14433.7001953125	719147.125	545.727294921875	14680.3330078125	29223.400390625	
551.802978515625	13661.7001953125	732168.	354.5454406738281	18722.416015625	30516.	
553.02099609375	9484.7275390625	707883.125	483.5	21641.25	29403.30078125	
554.239013671875	11015.5	706282.6875	483.5	13061.4169921875	29002.099609375	
555.4569702148438	4129.58349609375	699000.875	491.8333435058594	26997.416015625	29112.30078125	
556.6749877929688	7518.36376953125	705741.3125	409.0909118652344	9062.25	29172.69921875	
557.8930053710938	6858.10009765625	722114.6875	291.6666564941406	8952.5	29012.099609375	
559.1110229492188	5606.39990234375	699149.3125	391.6666564941406	9422.4169921875	31609.30078125	
560.3289794921875	3353.166748046875	706700.	710.4000244140625	8812.	30255.80078125	
561.5469970703125	3994.9091796875	687434.25	245.4545440673828	6857.83349609375	28631.599609375	
562.7659912109375	4750.36376953125	696553.75	425.	4997.25	28841.400390625	
563.9840087890625	2811.083251953125	699035.5625	416.75	6802.33349609375	27458.181640625	
565.2020263671875	3161.333251953125	721311.5625	400.	6499.25	28722.30078125	
566.4199829101563	3075.727294921875	699055.5625	425.0833435058594	13739.0830078125	29132.5	
567.6380004882813	4371.25	706618.6875	333.4166564941406	6524.25	29102.80078125	
568.8560180664063	5626.2998046875	708602.25	200.	10673.5830078125	29303.69921875	
570.073974609375	4531.9091796875	688694.6875	363.6363525390625	6265.75	27257.80078125	
571.2919921875	4431.72705078125	686099.5625	341.6666564941406	7117.16650390625	29022.5	
572.510009765625	5105.54541015625	709460.	658.6666870117188	10607.4169921875	29062.400390625	
573.72802734375	4034.	702192.875	291.6666564941406	6274.	28912.400390625	
574.947021484375	3703.666748046875	701238.6875	372.7272644042969	5530.91650390625	28159.900390625	
576.1649780273438	3386.583251953125	726776.875	300.	5080.41650390625	28541.30078125	
577.3829956054688	4642.	685179.125	236.3636322021484	5013.66650390625	28842.	
578.6010131835938	3503.25	695712.875	333.3333435058594	8179.58349609375	27889.900390625	
579.8189697265625	2793.363525390625	688243.5625	291.	6242.75	29483.900390625	
581.0369873046875	3614.77783203125	692862.25	366.75	3386.666748046875	29062.69921875	
582.2550048828125	2652.300048828125	681683.5625	290.1000061035156	3461.583251953125	29714.599609375	
583.4730224609375	2235.083251953125	673592.	308.3333435058594	4939.33349609375	28952.5	
584.6909790039063	2320.272705078125	677019.5625	318.1818237304688	2660.583251953125	28922.400390625	
585.9099731445313	2282.10009765625	678084.	408.4166564941406	3762.166748046875	27558.80078125	
587.1279907226563	8553.875	690141.3125	483.4166564941406	4655.16650390625	27578.900390625	
588.3460083007813	2932.60009765625	699636.4375	481.9090881347656	3870.416748046875	30276.69921875	
589.5640258789063	2757.	690457.75	583.4166870117188	29739.1171875	29994.900390625	
590.781982421875	2894.5	688259.125	475.0833435058594	12337.5830078125	28301.19921875	
592.	5576.7001953125	689269.3125	900.3636474609375	6265.91650390625	28921.900390625	
593.218017578125	2494.083251953125	691961.75	1167.333374023438	7250.41650390625	28922.	
594.4359741210938	9105.900390625	695384.4375	1974.272705078125	8118.16650390625	28912.30078125	
595.6539916992188	5064.08349609375	711021.3125	1400.833374023438	10856.25	29072.80078125	
596.8720092773438	9655.400390625	723535.5625	2165.45458984375	21426.166015625	30104.69921875	
598.0910034179688	6516.08349609375	702742.25	1859.75	21366.5	28912.	
599.3090209960938	8187.4443359375	715984.	1919.636352539063	13861.5830078125	28972.5	
600.5269775390625	8530.7001953125	705342.25	1467.666625976563	11039.25	29333.5	
601.7449951171875	8857.9091796875	699225.75	1555.818237304688	13735.9169921875	27719.	
602.9630126953125	7028.2998046875	706565.75	1309.909057617188	14841.0830078125	29594.19921875	
604.1810302734375	6385.33349609375	692875.125	1067.333374023438	141046.390625	29203.	
605.3989868164063	6557.2001953125	699625.75	1182.636352539063	9920.5830078125	28360.400390625	
606.6170043945313	6763.4443359375	690099.125	1091.54541015625	8852.6669921875	28341.	
607.8350219726563	7911.5	708877.75	833.75	8142.91650390625	28912.099609375	
609.052978515625	25547.099609375	700117.75	792.	7675.58349609375	28200.80078125	
610.27197265625	3453.25	703475.125	625.0833129882813	10216.5830078125	28621.5	
611.489990234375	4304.5	684870.6875	600.1666870117188	6716.41650390625	28180.69921875	
612.7080078125	4721.83349609375	689885.3125	554.6363525390625	6833.33349609375	30557.	
613.926025390625	3558.0908203125	679845.3125	741.9166870117188	14544.1669921875	29743.80078125	
615.1439819335938	10202.	693244.4375	709.3636474609375	7483.66650390625	31170.5	
616.3619995117188	7250.60009765625	696930.25	575.1666870117188	7292.	29483.69921875	
617.5800170898438	4775.10009765625	687601.75	416.6666564941406	8786.0830078125	29974.69921875	
618.7979736328125	6908.2998046875	688749.3125	1381.	11689.9169921875	28411.	
620.0159912109375	7936.818359375	694438.6875	817.0833129882813	13560.25	28541.30078125	
621.2349853515625	8630.2998046875	688616.875	736.727294921875	14079.4169921875	29102.30078125	
622.4530029296875	11679.4541015625	709782.25	583.5833129882813	13585.5	29072.80078125	
623.6710205078125	9256.9091796875	709811.125	654.8181762695313	14011.4169921875	29312.900390625	
624.8889770507813	9586.4541015625	710721.75	867.	15029.3330078125	29453.30078125	
626.1069946289063	10122.900390625	713235.125	842.1666870117188	29161.423828125	29433.900390625	
627.3250122070313	9862.9169921875	710040.875	700.2000122070313	19373.583984375	29724.599609375	
628.5430297851563	12292.	711333.75	625.1666870117188	18750.75	29754.900390625	
629.760986328125	13743.6669921875	714451.8125	3380.75	18508.583984375	29704.400390625	
630.97900390625	21002.400390625	715823.125	575.1666870117188	29685.861328125	29082.69921875	
632.197021484375	12036.400390625	731844.4375	709.3636474609375	9862.4169921875	28160.80078125	
633.416015625	5806.5	705856.875	518.272705078125	12676.5	28440.69921875	
634.6339721679688	9814.599609375	692036.875	516.75	11491.	28711.900390625	
635.8519897460938	7318.181640625	699548.	491.0909118652344	12251.25	29393.400390625	
637.0700073242188	6488.9091796875	687759.125	409.1818237304688	7609.33349609375	29072.400390625	
638.2880249023438	4825.10009765625	683102.6875	300.	8302.1669921875	27628.80078125	
639.5059814453125	5678.9091796875	686538.25	425.0833435058594	16003.6669921875	30165.400390625	
640.7239990234375	8320.099609375	684860.	845.727294921875	14279.1669921875	28531.30078125	
641.9420166015625	12298.5	711624.	600.1818237304688	37715.	28751.80078125	
643.1599731445313	6516.36376953125	722381.3125	525.1666870117188	41057.33203125	28040.30078125	
644.3779907226563	10605.099609375	703625.75	470.	22433.083984375	29163.	
645.5969848632813	9550.2724609375	695430.25	1201.083374023438	64775.31640625	29834.599609375	
646.8150024414063	78424.0703125	886720.6875	736.727294921875	17647.916015625	27879.30078125	
648.0330200195313	9412.22265625	745236.4375	800.5454711914063	13497.8330078125	30666.69921875	
649.2509765625	8390.400390625	898997.25	917.3333129882813	20803.25	29844.400390625	
650.468994140625	15078.2001953125	708503.125	4437.2998046875	112568.6875	27970.	
651.68701171875	4771.66650390625	696404.	463.7272644042969	36883.75	29854.69921875	
652.905029296875	23857.400390625	724576.4375	636.5454711914063	46955.66796875	28140.099609375	
654.1229858398438	36659.	715058.6875	433.3333435058594	19780.583984375	28010.099609375	
655.3410034179688	6799.58349609375	721603.625	711.4444580078125	34919.81640625	29654.5	
656.5599975585938	3753.666748046875	717281.75	610.2999877929688	18054.25	28420.900390625	
657.7780151367188	11191.25	786002.6875	327.2727355957031	25962.25	29704.69921875	
658.9959716796875	6817.83349609375	692154.25	375.	11642.1669921875	236012.59375	
660.2139892578125	17770.900390625	710202.6875	481.8181762695313	33953.83203125	29463.599609375	
661.4320068359375	10605.2998046875	739950.375	625.25	12208.	29022.5	
662.6500244140625	9042.099609375	677037.3125	363.6363525390625	16533.75	28832.099609375	
663.8679809570313	10032.900390625	700780.	650.25	23051.	29222.80078125	
665.0859985351563	66166.921875	688884.875	445.5454406738281	24210.5	29924.80078125	
666.3040161132813	10058.4443359375	720387.125	508.5	16100.9169921875	29584.099609375	
667.52197265625	5607.	682148.875	372.7272644042969	336235.65625	29955.19921875	
668.7410278320313	20183.77734375	680196.	475.1666564941406	766828.75	28300.599609375	
669.958984375	7084.08349609375	693029.75	354.5454406738281	10780.4169921875	28661.599609375	
671.177001953125	6880.45458984375	696228.125	208.3333282470703	12883.8330078125	27969.900390625	
672.39501953125	6537.39990234375	705235.5625	436.3636474609375	17502.333984375	28781.599609375	
673.6129760742188	21125.7265625	714765.3125	458.5	17088.	37254.19921875	
674.8309936523438	13099.7998046875	700677.75	500.0909118652344	16721.333984375	27558.400390625	
676.0490112304688	5874.25	690201.3125	867.1666870117188	9854.25	28902.400390625	
677.2670288085938	11733.22265625	705696.4375	1088.125	18932.416015625	29383.400390625	
678.4849853515625	4865.10009765625	685632.	491.8333435058594	18078.833984375	28621.400390625	
679.7030029296875	5979.54541015625	678974.6875	683.6666870117188	7676.	28200.400390625	
680.9219970703125	6789.10009765625	675338.25	625.3333129882813	8794.9169921875	29804.80078125	
682.1400146484375	3120.	696828.4375	508.4166564941406	35658.33203125	28902.30078125	
683.3579711914063	3467.	683032.875	291.6666564941406	9554.3330078125	29343.30078125	
684.5759887695313	3630.818115234375	734445.6875	350.0833435058594	14426.3330078125	27518.69921875	
685.7940063476563	3685.54541015625	677733.75	563.8181762695313	14435.	28761.5	
687.0120239257813	3395.	708500.6875	320.1000061035156	4621.5	28351.19921875	
688.22998046875	14000.599609375	683831.5625	281.8181762695313	4680.16650390625	28030.	
689.447998046875	2569.083251953125	708208.	363.6363525390625	5347.66650390625	28681.599609375	
690.666015625	2435.416748046875	680591.125	318.1818237304688	6457.58349609375	28180.5	
691.885009765625	3243.199951171875	692596.875	316.6666564941406	8573.3330078125	28200.400390625	
693.10302734375	1751.333374023438	732863.4375	363.6363525390625	6799.75	28752.30078125	
694.3209838867188	2443.666748046875	685407.125	372.7272644042969	8837.0830078125	28100.19921875	
695.5390014648438	2919.5	672437.75	366.6666564941406	7234.33349609375	28962.19921875	
696.7570190429688	2830.0908203125	783001.5	425.0833435058594	4362.91650390625	28370.69921875	
697.9749755859375	1868.166625976563	725126.6875	430.1000061035156	3562.083251953125	28711.69921875	
699.1929931640625	8121.33349609375	692724.	454.6363525390625	5606.58349609375	28521.400390625	
700.4110107421875	2742.39990234375	683160.875	318.1818237304688	7427.75	29012.400390625	
701.6290283203125	2226.916748046875	673719.5625	433.3333435058594	5055.41650390625	29022.400390625	
702.8469848632813	2911.9091796875	701344.875	830.4000244140625	4638.33349609375	27668.599609375	
704.0659790039063	3837.	691233.3125	410.	4137.58349609375	28561.599609375	
705.2839965820313	3053.	678665.3125	416.8333435058594	4546.41650390625	28712.400390625	
706.5020141601563	2093.666748046875	711742.25	481.9090881347656	3578.583251953125	29253.099609375	
707.719970703125	2360.5	684959.5625	491.	5174.08349609375	28661.69921875	
708.93798828125	2475.	694466.25	436.5454406738281	2827.583251953125	28491.30078125	
710.156005859375	2335.4443359375	676997.75	381.8181762695313	4246.16650390625	28571.69921875	
711.3740234375	2242.	678180.875	272.7272644042969	3303.083251953125	28972.19921875	
712.5919799804688	6475.72705078125	684707.5625	341.75	5773.25	28751.599609375	
713.8099975585938	1976.666625976563	683968.4375	291.6666564941406	6031.66650390625	28902.5	
715.0280151367188	1292.666625976563	692561.75	427.3636474609375	5414.25	29032.30078125	
716.2470092773438	4021.	694788.	650.2999877929688	5639.58349609375	28822.400390625	
717.4650268554688	4040.636474609375	698627.5625	791.272705078125	5497.83349609375	29193.19921875	
718.6829833984375	18569.625	684588.4375	491.	6384.08349609375	29122.900390625	
719.9010009765625	3622.	684563.5625	333.3333435058594	8286.8330078125	29554.30078125	
721.1190185546875	3063.10009765625	686654.25	500.1000061035156	6766.41650390625	27879.80078125	
722.3369750976563	3767.636474609375	688476.875	660.4000244140625	4037.333251953125	28159.80078125	
723.5549926757813	7375.9091796875	687919.125	536.5454711914063	6975.	28321.	
724.7730102539063	4598.5	664418.6875	433.4166564941406	12761.3330078125	28501.	
725.9910278320313	1810.54541015625	678829.3125	366.75	5798.	27107.5	
727.2100219726563	4137.888671875	697809.3125	1059.25	8937.	28772.	
728.427978515625	5164.08349609375	691118.875	527.3636474609375	10980.8330078125	29383.19921875	
729.64599609375	26376.77734375	701041.75	541.6666870117188	18948.75	28521.30078125	
730.864013671875	10232.2724609375	707602.25	508.5	177083.28125	30385.	
732.0819702148438	12308.400390625	685477.3125	480.1000061035156	20671.25	28922.30078125	
733.2999877929688	8103.16650390625	693004.4375	483.3333435058594	24388.083984375	28451.30078125	
734.5180053710938	15315.4169921875	707572.0625	418.1818237304688	18754.333984375	28170.19921875	
735.7360229492188	10012.400390625	696307.5625	420.1000061035156	22613.75	27648.69921875	
736.9539794921875	16822.80078125	681574.25	475.	20736.083984375	29975.099609375	
738.1719970703125	7433.66650390625	685908.4375	458.3333435058594	18998.75	28581.5	
739.3909912109375	6866.16650390625	700406.25	527.3636474609375	16326.4169921875	29634.	
740.6090087890625	5614.58349609375	674081.75	366.75	16334.0830078125	28561.69921875	
741.8270263671875	8941.599609375	704333.75	450.0833435058594	71995.8515625	29012.30078125	
743.0449829101563	7428.7998046875	685803.5625	450.1666564941406	15331.5830078125	28761.900390625	
744.2630004882813	5356.83349609375	694655.5625	825.4166870117188	35549.91796875	28220.	
745.4810180664063	16279.818359375	807733.75	654.727294921875	98276.25	27879.80078125	
746.698974609375	24015.63671875	712597.3125	608.5	33090.91796875	26993.2734375	
747.9169921875	22647.80078125	703892.	1027.909057617188	45607.66796875	29093.	
749.135009765625	32226.400390625	714669.3125	1892.727294921875	107775.15625	28511.5	
750.35302734375	22190.80078125	716085.3125	1491.909057617188	53080.5	28450.900390625	
751.572021484375	27931.833984375	712845.75	1033.916625976563	45240.98828125	29684.	
752.7899780273438	24990.900390625	778191.75	783.75	31861.416015625	28531.30078125	
754.0079956054688	43766.890625	736046.6875	950.5	57684.08203125	28100.099609375	
755.2260131835938	31363.36328125	729825.3125	910.5999755859375	35849.91796875	25790.181640625	
756.4439697265625	16852.416015625	734000.4375	973.1818237304688	50989.83203125	27790.	
757.6619873046875	13994.3330078125	803525.125	700.25	76074.3671875	28802.099609375	
758.8800048828125	62519.06640625	706879.5625	541.8333129882813	26848.75	27749.400390625	
760.0980224609375	24899.80078125	712785.3125	858.8333129882813	34606.08203125	28370.599609375	
761.3159790039063	22292.916015625	699184.	673.	73194.	29454.19921875	
762.5339965820313	28258.455078125	709232.875	782.0908813476563	37981.453125	28471.599609375	
763.7529907226563	9732.2001953125	727988.875	716.9166870117188	45267.58203125	28230.900390625	
764.9710083007813	22100.30078125	675455.125	541.75	34989.91796875	28591.19921875	
766.1890258789063	14181.	718828.4375	450.0833435058594	24024.75	29082.900390625	
767.406982421875	10632.	685112.875	575.0833129882813	26306.083984375	28521.599609375	
768.625	7959.75	689661.75	563.8181762695313	117198.078125	27789.400390625	
769.843017578125	6708.25	672890.25	1351.	20410.25	28440.80078125	
771.0609741210938	15041.25	697532.4375	792.1666870117188	19089.583984375	28601.900390625	
772.2789916992188	10072.900390625	686837.3125	733.5	19191.25	30367.69921875	
773.4970092773438	7234.66650390625	675399.125	636.5454711914063	16332.4169921875	29504.19921875	
774.7160034179688	17729.333984375	659616.4375	645.5454711914063	20303.	28602.30078125	
775.9340209960938	6342.59228515625	678130.25	1009.083312988281	35745.75	28972.099609375	
777.1519775390625	12582.181640625	660210.6875	572.9091186523438	21321.833984375	26716.400390625	
778.3699951171875	15934.5	743133.0625	773.	42412.75	28761.5	
779.5880126953125	8427.0830078125	699502.25	982.3636474609375	26970.833984375	28953.	
780.8060302734375	21119.30078125	689045.3125	591.9166870117188	40872.16796875	29022.69921875	
782.0239868164063	20109.544921875	713271.9375	609.3636474609375	35497.5	28411.30078125	
783.2420043945313	23322.544921875	686297.3125	820.4000244140625	43862.62109375	27428.400390625	
784.4600219726563	12767.75	693368.	691.1818237304688	22313.916015625	28852.30078125	
785.677978515625	11432.9091796875	726515.125	1037.	38075.41796875	27629.5	
786.89697265625	16515.900390625	707219.5625	817.	48704.12890625	28802.5	
788.114990234375	10622.9091796875	695059.125	1008.916687011719	37874.58203125	29774.69921875	
789.3330078125	14020.4443359375	727725.3125	1323.111083984375	21605.416015625	28019.80078125	
790.551025390625	12446.2724609375	685991.5625	767.0833129882813	18949.75	28792.19921875	
791.7689819335938	10523.181640625	765947.0625	664.	25901.083984375	28320.69921875	
792.9869995117188	10726.	686997.75	873.1818237304688	19019.416015625	28291.19921875	
794.2050170898438	7399.45458984375	695340.	783.5833129882813	13202.9169921875	28691.80078125	
795.4229736328125	7746.27294921875	697204.4375	463.7272644042969	9895.75	28551.69921875	
796.6409912109375	8792.7998046875	686012.	409.0909118652344	21087.75	29323.5	
797.8590087890625	7829.7998046875	666358.25	591.8333129882813	9245.1669921875	28210.80078125	
799.0780029296875	3612.636474609375	669270.25	663.727294921875	9536.6669921875	28682.099609375	
800.2960205078125	2418.916748046875	666339.5625	1401.166625976563	7676.08349609375	28641.80078125	
801.5139770507813	5370.0908203125	675850.6875	418.2727355957031	7417.	29524.	
802.7319946289063	11702.77734375	674915.5625	554.5454711914063	10714.4169921875	29243.599609375	
803.9500122070313	3639.818115234375	683765.75	516.8333129882813	9366.8330078125	28400.80078125	
805.1680297851563	7498.5556640625	670167.125	418.1818237304688	5982.08349609375	26235.400390625	
806.385986328125	2877.75	682482.6875	625.1666870117188	9640.25	29043.19921875	
807.60400390625	6408.22216796875	697262.8125	483.4166564941406	6791.41650390625	29263.900390625	
808.822021484375	2612.5	672941.3125	627.5454711914063	3903.833251953125	28010.	
810.041015625	2677.416748046875	689073.3125	560.2000122070313	14266.3330078125	28791.5	
811.2589721679688	1843.333374023438	656103.5625	650.25	24562.818359375	28501.	
812.4769897460938	3102.916748046875	669350.6875	1367.916625976563	11541.	27879.80078125	
813.6950073242188	6215.5	689675.875	933.75	17204.583984375	29183.19921875	
814.9130249023438	6874.66650390625	692249.75	760.0999755859375	17317.75	28581.599609375	
816.1309814453125	7599.9091796875	706693.3125	958.9166870117188	16969.083984375	30085.19921875	
817.3489990234375	6791.	691091.5625	616.9166870117188	21896.666015625	28431.30078125	
818.5670166015625	8820.7001953125	716104.4375	942.1666870117188	19753.333984375	32442.400390625	
819.7849731445313	11537.400390625	674727.125	618.272705078125	29715.166015625	27759.400390625	
821.0029907226563	9188.	688565.3125	775.4166870117188	35271.08203125	28131.	
822.2219848632813	9682.099609375	698220.4375	750.5	21192.333984375	28641.80078125	
823.4400024414063	8870.599609375	697711.125	725.25	27338.083984375	28822.30078125	
824.6580200195313	8646.7275390625	693985.75	1010.599975585938	17968.916015625	28711.69921875	
825.8759765625	8730.900390625	693909.75	991.5454711914063	17626.666015625	28761.80078125	
827.093994140625	6824.58349609375	679417.3125	1219.	28487.75	29313.400390625	
828.31201171875	6674.41650390625	695069.75	791.272705078125	15539.9169921875	28571.599609375	
829.530029296875	8600.599609375	688999.125	950.5833129882813	14763.75	28030.099609375	
830.7479858398438	6206.91650390625	688213.75	600.25	13419.3330078125	29273.400390625	
831.9660034179688	8901.900390625	715173.3125	867.25	10856.	27438.5	
833.1840209960938	4546.33349609375	676211.125	770.2999877929688	9295.0830078125	28289.900390625	
834.4030151367188	4240.72705078125	691140.	917.1666870117188	35681.83203125	28371.099609375	
835.6209716796875	16353.4169921875	695865.3125	520.2000122070313	7041.41650390625	29333.19921875	
836.8389892578125	3895.	688985.3125	472.8181762695313	15825.	28451.599609375	
838.0570068359375	19402.69921875	678476.4375	491.6666564941406	7526.	29183.099609375	
839.2750244140625	4955.58349609375	666417.3125	472.9090881347656	6532.83349609375	28311.099609375	
840.4929809570313	3358.181884765625	666966.6875	636.6363525390625	15162.8330078125	28230.5	
841.7109985351563	8863.	670786.6875	372.7272644042969	5406.08349609375	28822.099609375	
842.9290161132813	4034.39990234375	669696.4375	491.75	9713.6669921875	28982.80078125	
844.14697265625	3495.25	677855.125	833.8333129882813	8704.25	28761.900390625	
845.3660278320313	3528.416748046875	671670.25	850.4166870117188	11936.1669921875	27629.099609375	
846.583984375	3854.	675486.25	2820.416748046875	9938.0830078125	27859.80078125	
847.802001953125	2510.5	679298.6875	563.8181762695313	5597.75	28662.30078125	
849.02001953125	4034.300048828125	698624.	858.9166870117188	8552.4169921875	28772.900390625	
850.2379760742188	3828.833251953125	677754.6875	955.0908813476563	6874.5	27749.5	
851.4559936523438	9413.4443359375	678235.125	700.3636474609375	6982.91650390625	28802.19921875	
852.6740112304688	21241.416015625	687332.875	975.4166870117188	9888.9169921875	29142.900390625	
853.8920288085938	6550.	688468.4375	691.1818237304688	18034.833984375	28450.69921875	
855.1099853515625	5876.60009765625	667830.25	3146.083251953125	9822.	27869.69921875	
856.3280029296875	4212.91650390625	673959.125	718.4545288085938	16619.083984375	27147.599609375	
857.5469970703125	7694.33349609375	703522.25	700.3333129882813	14848.5830078125	28471.099609375	
858.7650146484375	7859.60009765625	680618.25	764.	14787.4169921875	27449.	
859.9829711914063	3762.083251953125	692984.	800.4166870117188	18388.5	29333.5	
861.2009887695313	6899.58349609375	723012.875	533.4166870117188	14278.0830078125	29243.19921875	
862.4190063476563	17814.833984375	698319.5625	967.1666870117188	26970.166015625	28100.400390625	
863.6370239257813	4146.	697410.6875	836.727294921875	23682.666015625	29384.19921875	
864.85498046875	15079.77734375	719084.875	1501.25	32280.166015625	28140.400390625	
866.072998046875	10574.2998046875	725311.6875	1701.444458007813	24725.75	29273.5	
867.291015625	8143.58349609375	706068.	1811.599975585938	24771.916015625	28361.099609375	
868.5089721679688	10130.9091796875	726293.25	864.0908813476563	28435.25	28822.	
869.72802734375	14654.77734375	690356.	1064.181762695313	31369.833984375	29474.19921875	
870.9459838867188	13162.1669921875	698200.875	2302.333251953125	46579.41796875	29103.099609375	
872.1640014648438	19627.5546875	730303.5625	1392.75	29757.083984375	28129.900390625	
873.3820190429688	9295.	686498.25	1473.818237304688	24762.5	28591.400390625	
874.5999755859375	24538.888671875	704697.75	1182.45458984375	31703.25	28150.69921875	
875.8179931640625	20634.900390625	686821.25	2118.75	27964.75	31574.7265625	
877.0360107421875	9044.9169921875	684863.5625	973.272705078125	21863.166015625	28230.80078125	
878.2540283203125	6644.	682096.	1646.636352539063	18078.583984375	28441.	
879.4719848632813	11938.4443359375	696684.	767.1666870117188	11750.75	28431.099609375	
880.6900024414063	8039.89990234375	686092.	818.4545288085938	12409.25	28120.69921875	
881.9089965820313	6657.41650390625	681126.6875	718.4545288085938	41375.5	28812.099609375	
883.1270141601563	8171.16650390625	682484.	591.8333129882813	14438.0830078125	28060.400390625	
884.344970703125	16170.5	708156.875	600.1666870117188	10941.0830078125	28200.5	
885.56298828125	9056.888671875	717103.625	884.	7283.91650390625	26392.181640625	
886.781005859375	7849.2998046875	689922.25	1364.54541015625	10289.8330078125	28962.900390625	
887.9990234375	8270.099609375	704448.	1464.909057617188	67539.3203125	28621.5	
889.2169799804688	4388.16650390625	744300.4375	1191.727294921875	9522.6669921875	28290.80078125	
890.4349975585938	9852.900390625	696204.4375	1555.54541015625	8585.6669921875	28330.5	
891.6530151367188	6999.66650390625	714701.75	1234.083374023438	11517.3330078125	29053.099609375	
892.8720092773438	6257.58349609375	692482.6875	1100.5	8176.66650390625	28762.599609375	
894.0900268554688	5997.63623046875	695382.6875	1127.818237304688	7934.41650390625	28019.900390625	
895.3079833984375	5686.39990234375	686374.6875	1355.45458984375	13785.9169921875	28531.30078125	
896.5260009765625	4287.66650390625	684900.875	1611.199951171875	8443.8330078125	29523.599609375	
897.7440185546875	4168.0908203125	701487.125	1367.666625976563	12774.8330078125	29373.400390625	
898.9619750976563	3858.54541015625	704917.75	12765.111328125	6182.	29815.099609375	
900.1799926757813	4359.181640625	699050.6875	1146.090942382813	6999.75	27489.30078125	
901.3980102539063	3363.10009765625	707762.6875	616.75	6140.	29333.19921875	
902.6160278320313	6699.2001953125	740543.25	830.4000244140625	6916.16650390625	28371.19921875	
903.833984375	6344.181640625	698843.125	683.5	11561.5	29895.69921875	
905.052978515625	7208.7998046875	692123.5625	491.75	11631.9169921875	27910.099609375	
906.27099609375	6370.63623046875	691518.6875	633.6666870117188	10672.	27328.30078125	
907.489013671875	6899.91650390625	689935.5625	975.6666870117188	15156.5830078125	29373.69921875	
908.7069702148438	9904.25	712629.3125	725.1666870117188	21025.666015625	28922.400390625	
909.9249877929688	13077.7998046875	709691.125	1200.916625976563	19733.083984375	29463.900390625	
911.1430053710938	13761.5	742488.0625	683.5833129882813	18938.25	28110.69921875	
912.3610229492188	12066.	732172.875	718.5454711914063	18527.416015625	28982.599609375	
913.5789794921875	11415.0830078125	715302.25	942.1666870117188	19550.333984375	27318.30078125	
914.7969970703125	13728.4541015625	726818.6875	682.0908813476563	17935.416015625	29152.900390625	
916.0150146484375	13177.7001953125	714194.25	766.9166870117188	13343.25	28781.599609375	
917.2340087890625	14570.2998046875	727008.4375	700.3636474609375	13100.5	29213.19921875	
918.4520263671875	20751.4453125	723458.6875	591.9166870117188	16057.1669921875	28561.80078125	
919.6699829101563	12737.2001953125	700354.6875	500.1666564941406	17793.833984375	28100.19921875	
920.8880004882813	11296.7275390625	725920.4375	708.6666870117188	17451.75	28541.19921875	
922.1060180664063	11970.36328125	713627.5625	758.75	32423.	29062.80078125	
923.323974609375	12246.400390625	720441.75	1008.916687011719	29750.25	27268.599609375	
924.5419921875	9593.9091796875	713617.3125	709.4545288085938	14670.75	28240.5	
925.760009765625	7973.0908203125	700797.3125	758.5833129882813	16943.75	28281.	
926.97802734375	9044.6669921875	726913.75	758.5833129882813	10788.8330078125	28160.30078125	
928.197021484375	6844.181640625	705508.875	783.75	12902.3330078125	27759.599609375	
929.4149780273438	9041.400390625	724492.4375	842.0833129882813	12550.9169921875	28852.5	
930.6329956054688	6925.818359375	697614.25	410.	14135.1669921875	28551.	
931.8510131835938	6198.58349609375	708698.6875	609.272705078125	10054.6669921875	28822.	
933.0689697265625	9245.4169921875	748083.125	682.0908813476563	15241.	29273.69921875	
934.2869873046875	8139.89990234375	688690.6875	472.9090881347656	16010.	27408.80078125	
935.5050048828125	4404.5	692614.25	563.727294921875	9186.4169921875	28722.5	
936.7230224609375	6938.10009765625	715229.3125	454.5454406738281	13857.1669921875	29293.5	
937.9409790039063	13103.3330078125	722838.25	825.4166870117188	20245.083984375	30055.599609375	
939.1589965820313	4513.08349609375	722406.5	600.1666870117188	14354.9169921875	28802.400390625	
940.3779907226563	13431.8330078125	711747.125	1300.916625976563	25526.25	28450.69921875	
941.5960083007813	5888.54541015625	749093.3125	1064.363647460938	24303.5	28891.80078125	
942.8140258789063	8051.33349609375	730545.75	900.4545288085938	32890.16796875	29453.69921875	
944.031982421875	6499.25	766896.4375	1082.636352539063	34901.25	27298.19921875	
945.25	18765.30078125	723864.	1755.727294921875	61995.26171875	28010.30078125	
946.468017578125	7091.75	708970.6875	934.	28751.25	29243.599609375	
947.6859741210938	18611.111328125	712484.4375	4055.	33733.91796875	29353.599609375	
948.9039916992188	21764.900390625	701522.6875	1164.45458984375	16583.583984375	28842.30078125	
950.1220092773438	19468.333984375	749640.875	1108.916625976563	24375.333984375	28260.30078125	
951.3400268554688	8055.45458984375	742863.5625	3326.22216796875	22412.833984375	29143.099609375	
952.5590209960938	14523.900390625	669090.5	1328.181762695313	18299.083984375	28310.5	
953.7769775390625	28159.666015625	739221.75	1391.909057617188	81551.9140625	28330.30078125	
954.9949951171875	9367.5458984375	727903.625	1082.363647460938	25090.666015625	28049.80078125	
956.2130126953125	8461.099609375	733683.5625	836.8181762695313	37918.91796875	29844.900390625	
957.4310302734375	3837.666748046875	727583.125	1741.400024414063	16893.5	28832.30078125	
958.6489868164063	5923.58349609375	713736.4375	883.75	11182.5	29082.80078125	
959.8670043945313	5756.25	718637.3125	792.	18990.416015625	27829.80078125	
961.0850219726563	5556.2998046875	709608.	846.	41599.16796875	28301.19921875	
962.302978515625	4860.0908203125	703548.875	736.6363525390625	44151.125	28361.	
963.52197265625	8663.599609375	719368.	1009.636352539063	9545.0830078125	27659.30078125	
964.739990234375	2785.916748046875	688134.25	682.1818237304688	13554.3330078125	28180.5	
965.9580078125	20480.	715376.	817.1666870117188	26428.5	27699.19921875	
967.176025390625	8131.5	693533.3125	591.8333129882813	16271.25	28490.69921875	
968.3939819335938	3336.916748046875	689368.875	525.0833129882813	5973.25	28261.	
969.6119995117188	4159.45458984375	688189.3125	391.6666564941406	4504.58349609375	28089.69921875	
970.8300170898438	3962.666748046875	706000.875	425.	13633.25	28280.69921875	
972.0479736328125	2429.363525390625	683240.4375	491.6666564941406	6365.75	28160.400390625	
973.2659912109375	6990.7998046875	660655.125	433.4166564941406	6791.58349609375	28180.599609375	
974.4840087890625	1367.583374023438	687431.5625	408.3333435058594	4646.66650390625	28511.30078125	
